N	4gram	Berdyaev_O	Myslijsy
