и в	27
и не	24
она не	20
у него	18
так и	18
да и	18
у нее	17
что в	17
что она	17
потому что	16
в то	16
не только	15
стало быть	15
так как	14
что он	14
у меня	13
в девичьей	13
она и	13
то же	13
и что	12
и на	12
и все	12
не знаю	12
но так	12
в малиновце	11
в доме	11
он и	11
и с	11
я не	11
как будто	11
же время	11
на этот	10
что и	10
этот раз	10
но в	10
он не	10
я и	10
в ее	10
так что	10
как бы	10
у нас	10
и она	10
но и	10
я тебя	10
в девичью	10
на него	9
она в	9
вот я	9
что ж	9
что же	9
и вдруг	9
как и	9
ты что	8
с ним	8
и я	8
в нем	8
уж не	8
однако ж	8
в этом	8
и сама	8
что за	8
и даже	8
за что	8
в малиновец	8
матушка и	8
как я	7
что даже	7
всяком случае	7
в свою	7
никогда не	7
ту пору	7
тем не	7
и тут	7
во всяком	7
как на	7
с благодарностью	7
не менее	7
и то	7
можно было	7
только и	7
сверх того	7
ничего не	7
но она	7
к нему	7
но матушка	7
на нее	7
он был	7
в ту	7
первый раз	7
за это	7
не было	6
но на	6
никто не	6
же ты	6
у них	6
по временам	6
а в	6
и потому	6
вслед за	6
в застольную	6
как в	6
только не	6
вместе с	6
на стол	6
в ней	6
что ты	6
с утра	6
а он	6
что на	6
что если	6
а вот	6
у тебя	6
и к	6
не иначе	6
что ни	6
а что	6
в самом	6
об этом	6
он в	6
ее в	6
и за	6
она была	6
иначе как	6
к нам	6
его не	6
не могла	6
а ты	6
как это	6
а она	6
на конюшню	5
когда она	5
по оброку	5
уже не	5
ни на	5
девичью и	5
а только	5
а то	5
что от	5
что ежели	5
и наконец	5
вот и	5
и матушка	5
в москве	5
такой степени	5
говорила она	5
если бы	5
в качестве	5
да что	5
и сам	5
на что	5
как он	5
то в	5
долго ли	5
никому не	5
и без	5
да еще	5
тех пор	5
в голову	5
в москву	5
если б	5
при этом	5
сейчас же	5
самом деле	5
из девушек	5
это как	5
его в	5
что у	5
то время	5
с нею	5
но по	5
не в	5
как она	5
по обыкновению	5
она уже	5
бы и	5
а мы	5
как вам	5
матушка в	5
я уже	5
словом сказать	5
меня в	5
в деревне	5
не будет	5
что не	5
до такой	5
то что	5
посмотрю что	5
дело и	5
да ведь	5
ее голове	5
во время	5
а я	4
в том	4
и от	4
до времени	4
с этими	4
короткое время	4
него в	4
по праздникам	4
только в	4
в заболотье	4
несмотря на	4
словно в	4
что ли?	4
на есть	4
до вечера	4
где и	4
хоть и	4
в сущности	4
в которых	4
что ли	4
он с	4
то ни	4
за себя	4
между дворовыми	4
само собой	4
мысль что	4
это было	4
бы не	4
ни для	4
и действительно	4
а тут	4
до конца	4
она на	4
еще что	4
мавруша не	4
дальше будет	4
не особенно	4
спросила она	4
на все	4
крикнула она	4
ни было	4
перед нею	4
ни одного	4
свою очередь	4
что вы	4
его и	4
в будущем	4
и была	4
и по	4
через несколько	4
да на	4
это в	4
между тем	4
себя в	4
никого не	4
меня не	4
в некотором	4
и те	4
в этот	4
она к	4
ли он	4
а ежели	4
а не	4
и он	4
в особенности	4
а на	4
с первого	4
аннушка не	4
и есть	4
ежели в	4
то и	4
и так	4
о том	4
за тем	4
и когда	4
было а	4
не совсем	4
и для	4
но даже	4
собственно говоря	4
к ней	4
не мог	4
в боковушке	4
в котором	4
в первый	4
за то	4
в большинстве	4
бы то	4
что касается	4
и притом	4
и проч	4
в кабинете	4
и больше	4
до этого	4
не стану	4
и через	4
конечно не	4
утра до	4
я его	4
в конце	4
в церковь	4
в виду	4
нет я	4
девичьей и	4
держи карман	3
на то	3
ах что	3
не к	3
это был	3
кучер алемпий	3
с рук	3
браки между	3
когда он	3
на грех	3
из них	3
всех сторон	3
ко мне	3
и т	3
ни за	3
касается до	3
даже в	3
это уж	3
и еще	3
на его	3
и вдобавок	3
ним и	3
ему было	3
весь дом	3
еще не	3
каждый день	3
и совсем	3
времени до	3
ежели господин	3
на свою	3
не по	3
лучше сказать	3
от него	3
отвечала она	3
вы думаете	3
на первых	3
она у	3
она решилась	3
хлебы печь	3
на тебя	3
больше и	3
первом же	3
что при	3
от вас	3
так я	3
сам не	3
ее за	3
едва ли	3
большинстве случаев	3
отец не	3
когда в	3
но через	3
моей памяти	3
от господ	3
в голове	3
и сестрица	3
и теперь	3
и начал	3
быть может	3
из девичьей	3
несколько минут	3
на себя	3
на другой	3
как раз	3
не заставила	3
хоть бы	3
для всех	3
на меня	3
разумеется что	3
на чердак	3
он на	3
и только	3
это он	3
домочадцы и	3
в это	3
что про	3
тем что	3
нас в	3
из которых	3
ни одна	3
в эти	3
не раз	3
а за	3
и стало	3
умеет и	3
исключительно в	3
но уже	3
другой день	3
христа ради	3
по мере	3
в праздник	3
раз она	3
господскую работу	3
она так	3
с отцом	3
во мне	3
чтоб он	3
ах да	3
без того	3
было но	3
и слов	3
и всегда	3
в нашем	3
да как	3
во сне	3
смотреть на	3
со всех	3
или не	3
ним не	3
староста федот	3
свое дело	3
и ты	3
по себе	3
и вот	3
чтобы не	3
с которым	3
и до	3
как они	3
будущей жизни	3
ней не	3
до тех	3
даже не	3
но едва	3
день а	3
в дом	3
за всем	3
или лучше	3
на первый	3
для него	3
но не	3
свою комнату	3
которая в	3
ты с	3
нет нет	3
повинуйтесь да	3
не слуга	3
знает что	3
первого же	3
он имел	3
и аннушка	3
в зачет	3
ж это	3
для нее	3
не пойдет	3
с собой	3
и его	3
сходила вниз	3
у себя	3
его без	3
во все	3
без тебя	3
не буду	3
от времени	3
матушка как	3
суконную пару	3
за крепостного	3
даже и	3
лишь бы	3
не видал	3
было не	3
после этого	3
от тебя	3
работать не	3
сенные девушки	3
от них	3
в виде	3
ради дай	3
будет и	3
у матушки	3
ты и	3
работу работать	3
а потом	3
говорит она	3
ни в	3
ах ты	3
он меня	3
с этой	3
но сестрица	3
вниз и	3
он его	3
по дому	3
я вам	3
у окна	3
ты бы	3
думаю что	3
что это	3
ему в	3
первых порах	3
по вечерам	3
в состоянии	3
не сделала	3
т д	3
тут не	3
при первом	3
так сказать	3
да в	3
не интересовался	3
к свету	3
да он	3
ли ты	3
нашем доме	3
в будущей	3
что матушка	3
царь небесный	3
в этой	3
в день	3
не могу	3
так словно	3
в ответ	3
такой же	3
как же	3
в них	3
и как	3
под конец	3
было нельзя	3
собой разумеется	3
промежду себя	3
конце концов	3
этими словами	3
же она	3
на уме	3
тот же	3
на эти	3
нем и	3
за обедом	3
в моей	3
что всего	3
убедилась что	3
начал он	3
матушка не	3
кушанье подает	2
она может	2
в зал	2
и вместе	2
много горя	2
ус что	2
ними она	2
а какой	2
с богом	2
вам угодно	2
глубокой старости	2
мысленно восклицает	2
при таких	2
на время	2
слов на	2
в неделю	2
в одну	2
и никто	2
гораздо проще	2
сидят не	2
всякий раз	2
тебя с	2
так вот	2
он а	2
за любовь	2
хотя и	2
григорий павлыч	2
гармонику и	2
ни к	2
в этих	2
как без	2
матушка тем	2
нее будет	2
за печку	2
все равно	2
в эту	2
и тетеньки	2
павел был	2
себе а	2
может быть	2
богу не	2
с кем	2
а вам	2
балагур как	2
который она	2
так точно	2
правда ли	2
по размышлении	2
как знаете	2
перед барыней	2
ему мало	2
он что-нибудь	2
разговоры не	2
следует с	2
стол и	2
и друзья	2
а нынче	2
спас милостивый	2
только тем	2
ничего я	2
не станет	2
что мавруша	2
ждать и	2
совестно было	2
конец и	2
обе и	2
как последняя	2
как матушка	2
а свой	2
то он	2
на высоте	2
ли у	2
в глубинах	2
я считаю	2
случаю слово	2
сала на	2
к числу	2
не догадалась	2
к себе	2
это и	2
отец и	2
одевшись в	2
и именно	2
в пяльцах	2
к кому	2
и ежели	2
мужской прислуги	2
тетеньке марье	2
за него	2
очередь и	2
крестьянам не	2
что к	2
и начнет	2
и ту	2
застольную но	2
в руки	2
что я	2
с матушкой	2
за ним	2
но они	2
на волю	2
в лакейскую	2
вот что	2
между прочим	2
нас господа	2
принимались за	2
оттого и	2
к матушке	2
раз оказалась	2
своим кодексом	2
по ее	2
но все-таки	2
в рекрутское	2
одна из	2
на конюшне	2
он сказал?	2
и о	2
участие в	2
у господ	2
не гуляли	2
нельзя потому	2
женской прислугой	2
от этого	2
было назвать	2
темою для	2
к угодникам	2
он еще	2
за все	2
и вообще	2
именно и	2
в таком	2
ее то	2
взад и	2
приучила ее	2
в крепостной	2
он к	2
рекрутское присутствие	2
говаривала матушка	2
крепостная масса	2
нет не	2
временное испытание	2
в подобных	2
перед глазами	2
повинуйтесь повинуйтесь	2
себе что	2
он природный	2
на мысль	2
было хорошо	2
был холост	2
матушка по	2
страстной неделе	2
но что	2
что для	2
которого она	2
что уж	2
самого павла	2
к отцу	2
идет а	2
ключница акулина	2
он как	2
бы да	2
и самовар	2
самого что	2
ванькой-каином но	2
по заутреням	2
ну и	2
павел не	2
ремесло цирульника	2
аннушка была	2
бы раз	2
в первой	2
и отец	2
бы от	2
доходя прошедши	2
где я	2
но внутренно	2
в полном	2
тебя как	2
да вы	2
а именно	2
тем больше	2
хлеб есть	2
не скрывала	2
их в	2
и прочие	2
думаете что	2
но аннушка	2
но иван	2
говорил он	2
которую не	2
опять по	2
и делают	2
на милость	2
яко раба	2
бог рассудит	2
на гармонии	2
с косой	2
не пущу	2
конон был	2
а просто	2
господ и	2
некоторое время	2
то матушка	2
матушка она	2
пускай он	2
без рук	2
и приставили	2
прочей прислуги	2
марья порфирьевна	2
из господской	2
он тебе	2
аришку а	2
убеждается что	2
напротив все	2
взвалили на	2
бы в	2
в сибирь	2
не приходило	2
удаляется в	2
нынче и	2
она пожалуй	2
пыль столбом	2
она работать	2
понял что	2
долгое время	2
а господа	2
я тебе	2
вчера все	2
убеждение что	2
с удовольствием	2
ничто не	2
маврушу в	2
эти были	2
с ванькой-каином	2
люди не	2
не имел	2
это вполне	2
ли было	2
москве с	2
той же	2
он однажды	2
в зале	2
случившемся и	2
сама не	2
не больше	2
клещевинов как	2
матушке она	2
в которой	2
не то	2
по-видимому она	2
думал да	2
из себя	2
дворянка твоя	2
до слуха	2
принять от	2
что бы	2
не посмотрю	2
ты ему	2
будет угодно	2
и куда	2
ну как	2
на котором	2
она за	2
по комнатам	2
неделю и	2
добра жалко	2
того как	2
по дороге	2
были и	2
с стриженым	2
даже на	2
несколько секунд	2
как услуга	2
не пора	2
на рабство	2
что павел	2
сгною в	2
за утренним	2
себя на	2
было только	2
он конечно	2
по горло	2
к ним	2
все ему	2
вот когда	2
в шифоньерке	2
гости к	2
с вечера	2
отвечает матушка	2
и работа	2
господской усадьбе	2
друг друга	2
дом и	2
тетенька марья	2
а все-таки	2
ну так	2
кто из	2
и буду	2
не выйдет	2
она конечно	2
точно он	2
без размышления	2
пожалуй и	2
сенных девушек	2
как только	2
и опять	2
было бы	2
даже перед	2
во второй	2
в воскресенье	2
матушка а	2
что вдруг	2
вот тебе	2
не принимал	2
с прибылью	2
тьфу тьфу	2
до последней	2
всем тем	2
в руках	2
на ночь	2
без критики	2
не столько	2
знаю что	2
нет ты	2
крепостное право	2
в течение	2
а так	2
на одном	2
даже из	2
нельзя было	2
однако матушка	2
ежели ты	2
отчего не	2
слышать что	2
за тебя	2
не осталось	2
и кровь	2
бы что	2
себя но	2
не вполне	2
глазами и	2
она с	2
его работы	2
почти совсем	2
за нее	2
оброка не	2
в неделю-то	2
вряд ли	2
а дальше	2
до греха	2
и шепчет	2
она как	2
в разговоры	2
десятки лет	2
а у	2
пускай как	2
все это	2
не может	2
об нем	2
то я	2
то она	2
за старые	2
ли до	2
но ежели	2
поняла что	2
от которого	2
высшей степени	2
ноги и	2
считаю нужным	2
замуж за	2
быть ежели	2
не под	2
только по	2
бы лучше	2
положения в	2
слуг редела	2
и говорила	2
рабы господам	2
из его	2
день матушка	2
будет не	2
своего рода	2
понятие о	2
скажет не	2
тут же	2
с отъездом	2
но как	2
однажды утром	2
худо стало	2
три дня	2
точно как	2
не успела	2
от природы	2
ишь ведь	2
знаю говорит	2
она себе	2
все-таки не	2
в матушкину	2
знаю сударыня	2
уж и	2
была не	2
всего больше	2
время в	2
этого не	2
ключница доложила	2
себя ждать	2
по пятницам	2
за словом	2
ее на	2
по ночам	2
без зачета	2
в высшей	2
я могу	2
есть на	2
не дошло	2
в закон	2
и здесь	2
но ни	2
ее с	2
в суконную	2
старые слуги	2
малиновец где	2
в каморке	2
еще более	2
на деле	2
него но	2
которым они	2
на этом	2
матушка уже	2
совсем не	2
с своей	2
в лакейской	2
я их	2
как следует	2
но во	2
ну что	2
будет но	2
не мути	2
бы ни	2
она во	2
вглядывался в	2
все что	2
с таким	2
сдерживать себя	2
вот как	2
бог послал	2
меня и	2
ее что	2
тетенек-сестриц но	2
царстве в	2
стол накрывает	2
сложа ручки	2
доме в	2
бог знает	2
только у	2
продолжал он	2
по природе	2
с аннушкой	2
но все	2
по москве	2
тогда как	2
он ни	2
конона в	2
тебя дальше	2
а впрочем	2
не был	2
а теперь	2
первых времен	2
мне что	2
смотрели на	2
ли я	2
но жизнь	2
только с	2
ты мне	2
сокровенного миросозерцания	2
теоретических воззрений	2
только ежели	2
марье порфирьевне	2
но мавруша	2
знаю не	2
ту же	2
вызвали в	2
да с	2
это дело	2
такова была	2
я от	2
в таких	2
жалобы на	2
если вы	2
из всей	2
же за	2
был налицо	2
москве без	2
ни стало	2
лакейское дело	2
я был	2
будучи в	2
меня с	2
привязаться не	2
в такие	2
с собою	2
что с	2
деньги были	2
ежели она	2
что конон	2
в его	2
некотором царстве	2
через полчаса	2
от себя	2
слово но	2
некотором государстве	2
же у	2
трех зубов	2
и места	2
в карман	2
аннушка в	2
матушка которая	2
ведь и	2
а и	2
да повинуйтесь	2
каморке и	2
во что	2
то-то вот	2
золота и	2
сестрице что	2
жили в	2
котором она	2
мы сейчас	2
он хоть	2
на страстной	2
к работе	2
в горницу	2
деле разве	2
ей не	2
брат степан	2
ежели что	2
через неделю	2
под силу	2
прежнего а	2
этот вопрос	2
напоминании что	2
странник и	2
как уже	2
с меня	2
всем было	2
в хозяйственные	2
в гостиной	2
часа и	2
был в	2
так же	2
сознаться что	2
жену с	2
между ними	2
она впрочем	2
божий человек	2
склавши ручки	2
своей стороны	2
наряду с	2
по зале	2
утренним чаем	2
ни даже	2
а иногда	2
и точно	2
временам она	2
в старину	2
на них	2
для того	2
красную шапку	2
как говорится	2
к святым	2
впечатление произведенное	2
с тех	2
она уж	2
ли они	2
или когда	2
несколько дней	2
так он	2
ли в	2
что будет	2
этого рода	2
могу впрочем	2
у ключницы	2
ответ что	2
старых слуг	2
покончить с	2
венцов небесных	2
сердце и	2
были нужны	2
на сцену	2
матушке доложили	2
о них	2
передо мной	2
она только	2
что ванька-каин	2
матушка за	2
женской прислуги	2
по всему	2
но по-видимому	2
него на	2
с другими	2
ты не	2
шляется по	2
ли она	2
карман так	2
воли не	2
на столе	2
на костры	2
восклицает матушка	2
была осуждена	2
сударыня я	2
позвольте сударыня	2
на ус	2
это были	2
я уверен	2
в господской	2
мсьё клещевинов	2
с ней	2
господ а	2
надо во	2
на отца	2
даже совсем	2
приличное случаю	2
быть снисходительною	2
удержаться на	2
мне вам	2
в спальную	2
комнату чтоб	2
заставила себя	2
добрая мать	2
на словах	2
туда же	2
в болото	2
или опять	2
подошел к	2
был еще	2
что по	2
и было	2
которую она	2
но когда	2
с вами	2
матушка даже	2
без всякого	2
но отец	2
и никогда	2
из нее	2
как ты	2
в значительной	2
а до	2
он ванька-каин	2
еще в	2
строптивым рабом	2
у отца	2
подходил к	2
хотя она	2
матушки с	2
становилось жутко	2
призвала павла	2
ходили по	2
рабов но	2
господин клещевинов	2
губы у	2
времен христианства	2
отдохнет и	2
приходила в	2
и конон	2
вы как	2
купец завейхвостов	2
словом в	2
оказалась с	2
представьте себе	2
о случившемся	2
с ними	2
не умеет	2
не одна	2
то-то я	2
покуда она	2
вечерам и	2
говорит что	2
в деревню	2
я говорю	2
под красную	2
и нужно	2
малиновце и	2
однажды на	2
господской воли	2
но думаю	2
ручки сидеть	2
раз в	2
ес-пер ес-пер	2
и продолжает	2
решение это	2
и этого	2
да щеткой	2
те же	2
она еще	2
жена у	2
что из	2
батюшка-царь и	2
в такой	2
туловищем на	2
с языка	2
на своем	2
мужская прислуга	2
прочих и	2
за стриженого	2
да не	2
она поняла	2
не были	2
на труд	2
не говорите	2
руки и	2
время он	2
в общей	2
на колени	2
девичья и	2
лишь в	2
же раза	2
одним словом	2
я вольная	2
у кого	2
великого поста	2
не будучи	2
самому деньги	2
матушка на	2
милости просим	2
и сейчас	2
после его	2
и всё	2
раба и	2
не на	2
и вперед	2
по его	2
позвать его	2
будущем веке	2
того не	2
что через	2
да ты	2
время обеда	2
чтоб не	2
господа забылись	2
извольте смотреть	2
один раз	2
ежели я	2
нее не	2
понимала что	2
матушка была	2
такого нет	2
словно во	2
вошла в	2
пустые щи	2
даже когда	2
вдруг в	2
всякого рода	2
дворовых людей	2
без жены	2
ты конон	2
ты к	2
доме царствует	2
три недели	2
печь и	2
в своих	2
над ним	2
и тебя	2
за мукой	2
произносит она	2
к чему	2
прислуги она	2
не платишь?	2
по щекам	2
ты меня	2
первой дамой	2
шесть дней	2
от нее	2
около трех	2
я за	2
кажется ничего	2
его на	2
за другими	2
время когда	2
раз он	2
за дверью	2
та же	2
них не	2
но за	2
неделе великого	2
все больше	2
хотя я	2
тем и	2
доложили что	2
мере того	2
стороны и	2
зато в	2
был только	2
умирать пора	2
все его	2
впрочем я	2
все без	2
девушек и	2
в гости	2
господский дом	2
он уже	2
что такое	2
тайный голос	2
пожри идолам	2
душ крестьян	2
она меня	2
обращается она	2
с сестрицей	2
канальи притворяются	1
и насмотрелись	1
мне сегодня	1
явственно аннушкиных	1
доказывали бы	1
старосте в	1
отлично исполнял	1
казалось бы	1
стол накрывать?	1
наталкивала ее	1
квас пивал	1
по лестнице	1
отличала его	1
серьезно ли	1
дай чаю	1
сейчас рассказанному	1
впрочем прибавить	1
силка он	1
дворовых но	1
идет мимо	1
помятых боков	1
ним"? с	1
а над	1
порфирьевна ни	1
прочим качествам	1
не принимала	1
матушка отлично	1
на кузнецком	1
бесшабашный жаргон	1
сряду томили	1
привозили а	1
не совестно	1
не сходились	1
проходит сонное	1
и барыниных	1
злополучные обитательницы	1
заметили ли	1
расспросов что	1
лучше известно	1
я вашим	1
время только	1
сельских начальников	1
сестрица сидят	1
робко но	1
их молчанием	1
в провинции	1
хлеб едят	1
приедет с	1
возвращаться к	1
слепое повиновение	1
cкажите заметили	1
не принимало	1
себе павел	1
ванькой-каином в	1
комнат и	1
жил в	1
сказалось и	1
и по-французски	1
что лучше	1
думала думала	1
девичьей дожидается	1
имение благоприобретенное	1
угодники-то живут	1
радостью всходившие	1
беда как	1
развязно а	1
овсецове у	1
ему о	1
думаю завсегда	1
желал покончить	1
до десяти	1
другого третьим	1
будто бы	1
жили за	1
помогать-то сиротам	1
проверке ее	1
магазине на	1
доморощенный олух	1
падать и	1
вместе оба	1
рай им	1
ты извольте	1
понимая поставит-таки	1
не увлекалась	1
нужно вот	1
одни просвиры	1
свои подозрения	1
воспитание не	1
такие утонченные	1
пока наконец	1
заплатил? нет	1
тщетно молил	1
коли послушаешь	1
последняя протянула	1
пору в	1
этого добра	1
вроде опричины	1
сделал а	1
что труд	1
но представляли	1
всегда была	1
напрасною смертью	1
голове мелькала	1
с моих	1
человек должен	1
мол барыня	1
за дом	1
гуляли по	1
импульса и	1
боковушке и	1
что ненароком	1
жила на	1
клещевинов отчаянный	1
управление имением	1
действия сократил	1
выпадет свободная	1
затем он	1
будете твердила	1
успехами дочери	1
этих олухов	1
ее истязать	1
и самого	1
из расчета	1
ты долгоязычная	1
столько не	1
нынче квас	1
хихиканье которое	1
горько было	1
дома и	1
то спасибо	1
это считалось	1
любовь повиновалась	1
спине привести	1
послушании уже	1
ком не	1
не допускал	1
прошла через	1
лет уже	1
видно поговорить	1
она напевает	1
краю на	1
из сада	1
видели в	1
впоследствии отступления	1
и густою	1
гость пришел	1
случаю в	1
господам повинуйтеся	1
вне ее	1
а сбоку	1
грех в	1
написала старосте	1
стук передвигаемых	1
то его	1
же балагур	1
ей очистить	1
подростки сушили	1
был без	1
упражнений поэтому	1
раздались шаги	1
просил как-то	1
и покатилова	1
одного не	1
дворовых для	1
мог почесться	1
современные некоторые	1
комнатная прислуга	1
преимущество что	1
такую прелестную	1
дочери попадаются	1
куски меня	1
ваша воля	1
и заплакал	1
день собралось	1
воротившийся балагур	1
сделать предложение	1
знала то-то	1
так точно-с	1
отчаянный помилуйте	1
своей дочери	1
разумеется не	1
угнетаемая одиночеством	1
которые вовсе	1
заложив руки	1
какой ты	1
увели а	1
войлоке служившем	1
мать конечно	1
милостив батюшка-царь	1
же всего	1
песни сначала	1
ему участи	1
влюблялись но	1
уже застала	1
ну ступай	1
у троицы	1
оставить ли	1
что делает	1
никак он	1
восторгалась тетенька	1
купец голос	1
рай все-таки	1
проповедуешь от	1
гуляли но	1
покуда матушка	1
напевает она	1
лучше посмотрел	1
сряду три	1
возком и	1
эти в	1
благо решительное	1
ивановы шутки	1
предостеречь матушку	1
конечно пропала	1
повторить сказанное	1
особняком в	1
прочитал на	1
боится что	1
дали думает	1
зобом походка	1
только разговор	1
за ласку	1
так гораздо	1
отступления от	1
поучишь а	1
быть хворые-то	1
среде дворовых	1
работа не	1
срам смотреть	1
советовать не	1
божий был	1
попасть иной	1
плохой срастил	1
эти специальности	1
гостю передо	1
благодаря вмешательству	1
матушка вынуждена	1
вместо ответа	1
подробности предугадать	1
возвратилась прежняя	1
слушая аннушку	1
дожидается иван-цирульник	1
и увеличить	1
начальников бурмистров	1
немилостивые у	1
штучка так	1
коварнее его	1
смерти в	1
не закрыть	1
пищу наверх	1
семьдесят лет	1
ходить взад	1
девки сидят	1
исполняет но	1
и любила	1
стукнуло не	1
так далеко	1
за тетеньками	1
щи тюря	1
песни и	1
вышла бы	1
тогда ее	1
рабам прийти	1
терпел все	1
и толокном	1
тяжкий что	1
помещение и	1
нимало от	1
о каком-то	1
и увижу	1
скрывалась и	1
больше что	1
отец складывал	1
больше сидеть	1
ждет вечное	1
нашей залы	1
своей напоминавшим	1
божию говорила	1
казалось принесет	1
женихов я	1
а тетеньки	1
и призвала	1
напрямки позвольте	1
разговариваем какое	1
она девчонку	1
про господ	1
вонючие помещения	1
сознавала себя	1
сначала оно	1
заслугу ему	1
дойдет говорил	1
что-то недоброе	1
имел очень	1
говорила аннушка	1
говорил об	1
завтра прихожу	1
убеждалась что	1
появление новых	1
сами изволите	1
практическими результатами	1
говори из	1
в санях	1
не всегда	1
не седели	1
слушать тошно	1
да наконец	1
а вскоре	1
не выходим	1
мужчины постарше	1
матушка осторожно	1
нередко нечего	1
больше распалялся	1
рабы как	1
быть ишь	1
взбеленившуюся надёху	1
а познакомлю	1
жениховской массе	1
домашней буре	1
всякую минуту	1
скрылся и	1
судьба послала	1
с первым	1
не обидно	1
тянул за	1
старостой федотом	1
именно то	1
или ужин	1
матушке вероятно	1
стоило сдерживать	1
за порядок	1
в девичью-то	1
покойнице матушке	1
жрать ведите	1
ее муж	1
все относившееся	1
одних снесли	1
танцевал и	1
похожа на	1
истязает или	1
поста вся	1
работ отошла	1
которых я	1
не давали	1
не праздное	1
божья не	1
и человечьему	1
с своими	1
чувствовать хамы	1
посмотрел что	1
обижала его	1
на шутки	1
девичьей это	1
в проверке	1
но акулина	1
тебя спросить	1
змея сказывай	1
москве сколько	1
с конного	1
уезжает в	1
начался сенокос	1
этой развязкой	1
подать и	1
что хотя	1
явиться к	1
таких шематонах	1
тетеньки очень	1
прибавилась еще	1
она церковные	1
свирепствовал в	1
погостить с	1
дальних губерниях	1
приготовить вечерний	1
даже безответные	1
зародыше слабость	1
шляется именно	1
об нас	1
пусть батюшка	1
встречались танцевали	1
казну теперь	1
подставь другую	1
улиц и	1
он по-видимому	1
поди семьдесят	1
называлось уголком	1
не трогал	1
образом растрачивали	1
сидит аннушку-каракатицу	1
замолчи наглая	1
точно это	1
не могут	1
кого не	1
совсем растерялась	1
в самом-то	1
порядка вещей	1
к слушательницам	1
правда восторжествовала	1
небесный венец	1
рассказанному случаю	1
составе целых	1
иван услышав	1
не так	1
имение на	1
только один	1
будто ноги	1
взглянув на	1
вещей нимало	1
рай этому	1
матушка решилась	1
девичьей случилось	1
благодарностью но	1
он пьянчужка	1
санях разговариваем	1
конечно мне	1
есть конец	1
не увидите	1
постоянно бродила	1
поднимая пыль	1
иван ударился	1
он когда	1
не перестанет	1
разве что	1
представлялось крамольным	1
идет кажется	1
же как	1
селам и	1
акулина девчонки	1
бабушек которые	1
ли отец	1
не пой	1
когда больше	1
попросить барина	1
назло ей	1
нравом? словом	1
хотя последние	1
хорошо завтра	1
горюшка ему	1
тетеньки мигом	1
дедушка порфирий	1
были обычные	1
ты по	1
матушка поднимает	1
вести ее	1
по этому	1
представлял себе	1
запахло говорил	1
с висками	1
неизменяемость в	1
его приказанию	1
конон отходит	1
не обижала	1
с точностью	1
маврушу отец	1
кабинете а	1
накормили грязью	1
вставала слава	1
браки при	1
нет чтобы	1
ее долетало	1
дышалось гораздо	1
что-нибудь в	1
москва не	1
непривычная матушка	1
благодарностью а	1
которая отличала	1
хлебогады сгинет	1
молчания обусловившая	1
путь дальше	1
свежего масла]	1
знаете только	1
откликалась из	1
верст и	1
мол своего	1
молодую жену	1
такого и	1
же-ву-фелисит а	1
главный контингент	1
слуги все	1
относительно прочей	1
ночам а	1
окручу я	1
подавно претендовать	1
ограничилась простым	1
спереди нет	1
качества эти	1
утишить горе	1
славно и	1
мне помнится	1
отличавшиеся от	1
разорил и	1
фигуру прислуживая	1
обязанности относительно	1
смутила молва	1
угодникам езжу	1
с акциона	1
другое что	1
ней сделается	1
допускались только	1
конон сердил	1
в груди	1
нам он	1
да самовар-то	1
ежели аннушка	1
девушки узнал	1
и выросла	1
давним временем	1
долго думаешь	1
ведь олух	1
степана выдумка	1
отзывчивый что	1
взял я	1
что середка	1
плавно и	1
кажется что	1
потому находилась	1
на третий	1
акциона получай	1
горькими мыслями	1
которая-нибудь из	1
сравнительно льготному	1
порфирьевну? но	1
чаем не	1
взглядывает на	1
признавал теорию	1
сне по-прежнему	1
сподобятся в	1
нас он	1
вечное блаженство	1
ездил на	1
должна сейчас	1
ежели теперича	1
приютится на	1
очистку отделал	1
старое вспоминать	1
заутреням и	1
сам нагрянул	1
потому мы	1
силясь припомнить	1
ее речах	1
да кормилец	1
а кому	1
делают что	1
сонное видение	1
поэтому с	1
вот завтра	1
смущалась этим	1
х-ю списалась	1
прав действительно	1
не предупредивши	1
которого явствовало	1
коли у	1
дни убедившись	1
так благополучно	1
и повернула	1
рыло у	1
утреннего чая	1
такое волнение	1
призывал и	1
лет пятнадцать	1
он образа	1
требования к	1
было однако	1
отказать в	1
отчасти она	1
обо всем	1
его предлагая	1
разговоров матушки	1
порфирьевне и	1
снежку и	1
с помощью	1
убежденным видом	1
являлись и	1
среди которой	1
и добро	1
в тот	1
малиновец сашка	1
заключала спор	1
с тем	1
но сейчас	1
взволнована что	1
сами собой	1
беспощадно перевирал	1
наконец сряду	1
дремлет нечто	1
захочет защитит	1
этими движениями	1
искрятся если	1
поручал ему	1
собеседниками воочию	1
свободнее прежнего	1
мне лёгости	1
что замужество	1
прислуги одного	1
случалось быть	1
просто не	1
при покойнице	1
сестрица несколько	1
решилась быть	1
стола часам	1
верным слугою	1
была уже	1
иногда даже	1
обстановку рабской	1
котором самостоятельно	1
что люди	1
жертвы его	1
настолько его	1
находилась яко	1
слово молвить	1
том а	1
чертами являлись	1
прекрасной половине	1
от страха	1
нет и	1
всё с	1
долго сдерживаться	1
только хлеб	1
происходящее он	1
буфете накопилось	1
героическую меру	1
насквозь пропитана	1
возможно совместное	1
предстоящие катанья	1
или бегала	1
господа месяц-другой	1
подводу в	1
раз прошел	1
одни и	1
таком возрасте	1
господское приказание	1
своих барышень	1
удивлялась матушка	1
злоязычничает не	1
можно меня	1
буфету а	1
же голубчик	1
цирульника еще	1
по селам	1
и прилегавшие	1
избирала из	1
день делая	1
мысль затеять	1
ты сказала	1
чтоб впечатление	1
эту задачу	1
ему управление	1
окружены то	1
возмутительных нежели	1
своих он	1
волей не	1
наконец девушки	1
чему ну	1
например флору	1
нелишним посвятить	1
поваром словом	1
те крохотненькие	1
que с'	1
как другие	1
был всегда	1
толпилась порядочная	1
ах не	1
вот кабы	1
а вон	1
буквальном смысле	1
виноватая могла	1
от господина	1
делали преимущественно	1
что говорить	1
сладко на	1
стало забылись	1
взаправду падает	1
половине человеческого	1
он также	1
жены жаль	1
муж ее	1
понимал что	1
таком случае	1
проповеди представлялись	1
отпускала нас	1
ни ты	1
смотрите на	1
мастера своего	1
первой встретившейся	1
барские приказания	1
состоит ах	1
в московскую	1
обязанности матушка	1
эту рабочую	1
она как-нибудь?	1
же грехами	1
продажу пекла	1
речей и	1
ребенке происшествие	1
и состоял	1
смотрю словно	1
алемпий отпросилась	1
проще объяснить	1
толпой обступили	1
помню жил	1
в павлову	1
повиновения рабов	1
но льгота	1
нее была	1
мой вопрос	1
полусонному связали	1
непригодных в	1
года жили	1
москву на	1
поселился при	1
вы часто	1
щелкопер гол	1
всякая жилка	1
истязает зато	1
убежищем скорби	1
случаи подобных	1
этого слова	1
размышления сорвалась	1
даже как	1
она следовала	1
морду поганую	1
и должны	1
вот на	1
дочерью а	1
умалчивала доктрина	1
подержат господа	1
мерси бонжур	1
путем это	1
него заплелись	1
так за	1
мальчишку-гаденка лишь	1
замечает это	1
что впереди	1
любовь приказывали	1
усаживается в	1
этого матушка	1
которая на	1
и сидит	1
станет даже	1
барышню не	1
судаченья начинает	1
время танцовщица	1
же нибудь	1
была за	1
что-нибудь все-таки	1
серебра накопил	1
нельзя же	1
кирпич служивший	1
чтобы это	1
самовар на	1
которая должна	1
тряслись ты	1
крайности скрывала	1
растворены ворота	1
кроме рабского	1
существо с	1
уж прохожие	1
прежний тихий	1
флору терентьичу	1
если по	1
непримиримого отвращения	1
двоегласие но	1
смотрела старухой	1
лет никому	1
лозой к	1
вот так	1
поровнялась с	1
детей соблюдал	1
вотчинах много	1
ванька-каин догадывался	1
том крохотном	1
только сидит	1
подействует и	1
тут оказала	1
хотят матушка	1
вразбивку вообще	1
всегда остались	1
расправу-то за	1
ускользал от	1
это говорит	1
готовы выскользнуть	1
сослали на	1
прекращения рода	1
сильная этим	1
крепостных хотя	1
рабам не	1
говорит ежели	1
не случалось	1
себе почтет	1
я сейчас	1
угодно подумай	1
и выростковые	1
мучилась но	1
материи испортит	1
в затканные	1
ответа или	1
и прыгало	1
мавруша с	1
не сказывай	1
повторять не	1
я сбежал	1
но о	1
надобно тебя	1
найдет одну	1
росла в	1
ли дворянка	1
все-таки торжествовала	1
оборванные бродили	1
забывая что	1
проси барыню	1
внутреннее его	1
хлеба божьего	1
был никто	1
жизни господа	1
показывавшаяся по	1
труд дворовых	1
услышал купец	1
сказать только	1
временам случалось	1
выйдет держи	1
его сюртука	1
пивал а	1
еще матушка	1
раздолье стало	1
нечто обдумывала	1
глядя на	1
барщина закрывалась	1
избегала сближений	1
в ученье	1
мимо пояснила	1
руку взять	1
последняя была	1
человеческой души	1
некоторое действие	1
печь не	1
он унялся	1
зубам лущить	1
в шушуканье	1
или се	1
слушательницам расскажу	1
ты из	1
не она	1
ваньку-каина сено	1
голосе повышения	1
сыновья опять	1
передней толпилась	1
превратилась в	1
говорит не	1
на которой	1
молвила матушка	1
или нет	1
мешает от	1
себя ты	1
две фероньерки	1
руки вот	1
послать ваньку-каина	1
же слова	1
судом не	1
девичьей темою	1
я стар	1
балок дал	1
голос и	1
было например	1
я из	1
интерес то	1
обедов по	1
прибылью поступили	1
надо не	1
внутреннее содержание	1
интересовался знать	1
по визитам	1
с места	1
перестанет тяготеть	1
жить а	1
разве такие	1
тогда когда	1
свойства холодно	1
продам с	1
пространство буквально	1
по райским	1
все-таки сноснее	1
характер затрогиваются	1
не про	1
быть спокойна	1
ступай прибавил	1
прямо в	1
выдавала бы	1
отличался никакими	1
клещевинов он	1
подозрения и	1
в церкви	1
же самих	1
конон может	1
какой внутренний	1
предлагая свои	1
бы за	1
и дышал	1
ездил и	1
для аннушкиных	1
иногда в	1
почесть нет	1
скажи ни	1
все были	1
какой у	1
расчета ни	1
прежней силе	1
вот ведь	1
порах противился	1
пища давалась	1
личную тайну	1
манером спал	1
недели две-три	1
принималась за	1
комнату хотя	1
матушка знала	1
по-видимому уже	1
строптивою то	1
совсем уходила	1
сильно обожженного	1
в р	1
вполне исчерпывала	1
для местных	1
молчал очевидно	1
гостях тем	1
сестрицей в	1
случилось происшествие	1
не ударит	1
как вкопанная	1
никаких практических	1
отдам и	1
притворяется веселою	1
ножей и	1
ну накормили	1
которых хоть	1
держать? матушка	1
сейчас мсьё	1
поселили их	1
лет свирепствовал	1
страстно желал	1
могло прийти	1
упал духом	1
в странном	1
погружен в	1
лакейская сутолока	1
переменяет разговор	1
говорила ин	1
молотить бы	1
ужо смотрите	1
поэтому на	1
жизнь делала	1
лай от	1
следует принимать?	1
вопреки указаниям	1
хорошо отдохнули	1
чтобы она	1
недавний свой	1
фортепьяна или	1
неверных рабов	1
а рабам	1
олух эта	1
по переулку	1
лет но	1
не мирилось	1
и предоставляя	1
поедет он	1
коридора ты	1
запятках за	1
в свой	1
она ишь	1
несчастью ноги	1
разыгрывать вздумал	1
понимала ли	1
начинала возражать	1
порфирьевна которая	1
ровесницей тетеньке	1
здесь стригут	1
при содействии	1
что-то неладное	1
меня полон	1
иногда проходя	1
лично знал	1
чем все	1
на клиросе	1
сошла с	1
глазами безмолвная	1
ежели тебя	1
пивала ихнего	1
силы небесные	1
оставшись одни	1
имел в	1
уже подходил	1
случаях делала	1
затрапезных ну	1
решение которое	1
возьму да	1
уже представлялось	1
выезды это	1
клятвы осталось	1
вечер тянется	1
кличка была	1
павлыч да	1
куда пойдет	1
печку-то чай	1
он догадывается	1
иваном поступили	1
даете что	1
и строго	1
они и	1
себе маврушу	1
говорю если	1
открываться наказал	1
день и	1
даже мускульной	1
надвязывала пятки	1
может не	1
от меня	1
на ручную	1
здравого смысла	1
все поступки	1
сказать совсем	1
мое детство	1
правила пошехонского	1
орангутанга мотающиеся	1
так называемая	1
по грошу	1
лицо его	1
образцового хозяина	1
сама хороша	1
присутствию ненавистного	1
мелкотравчатой жениховской	1
уже говорил	1
на новую	1
все окружающее	1
не давая	1
нужным извиниться	1
перевирал фамилии	1
сам руки	1
и затея	1
пор он	1
господне славили	1
услуги по	1
не понравился	1
горя мало	1
матушка свое	1
тем образчик	1
кончилось криком	1
святые ни	1
влечение к	1
никогда ничего	1
не удалась	1
она являлась	1
представлялось более	1
гаврилов был	1
максимовна разговор	1
смотреть за	1
тем вокруг	1
себе не	1
и дальше	1
ливрее на	1
малиновецкая дворня	1
о добровольном	1
главный виновник	1
с любопытством	1
я значит	1
что обыкновенно	1
потом сударыня	1
высекли но	1
временам барышни	1
раскрытыми глазами	1
налоя обведет	1
терплю надоело	1
ее бывали	1
нет к	1
деревне и	1
смерти сестры	1
вечера же	1
а матушка	1
но вчера	1
ситные и	1
его поучишь	1
азарт что	1
впалою грудью	1
вперед дни	1
сущности речей	1
вам советовать	1
я я	1
твоя будет	1
прежняя проказливость	1
этом конечно	1
нее непереносною	1
на продажу	1
конюшню за	1
поста и	1
со включением	1
не умел	1
и усмехнется	1
на сенокосе?	1
растянулся всем	1
эти разговоры	1
жертвую и	1
мсьё клещевинова	1
отца он	1
жениху прорывались	1
так бы	1
которой он	1
нагрубили бросается	1
не одно	1
ты найдешь	1
ей носит	1
павел мой	1
выводила из	1
нежели для	1
самое короткое	1
отнимите у	1
управления заключался	1
ведаю за	1
считалось в	1
как саврас	1
было потому	1
опять принимались	1
беспрекословному повиновению	1
то натурально	1
радости но	1
следует отвечала	1
обморок падать	1
внимательно прислушивалась	1
клещевинову неловко	1
ходил по	1
готовый солдат	1
вниз в	1
вздумал сказывай	1
бог наказал?	1
говорят о	1
явился один	1
вымолвит господи	1
в обморок	1
очевидно в	1
подвижничество мучеников	1
природная вольная	1
живого нет	1
сено и	1
много он	1
поняла и	1
яичко он	1
напрасными по-видимому	1
волю выкупит	1
я своего	1
гульливо привольно	1
еще новая	1
пекла с	1
ему все-таки	1
подлеца лучше	1
спрятаны резко	1
меня спустите	1
быть они	1
меня к	1
была всегда	1
считал ее	1
его постоянно	1
она теперь	1
во-первых что	1
слушайся тетку	1
была проложена	1
вниз исключительно	1
словом это	1
они принадлежали	1
ей глаза	1
на толокне	1
безусловное повиновение	1
такую что	1
отказавшись явиться	1
поводу между	1
выгоды от	1
устремлены к	1
день посылала	1
распространилась по	1
фенечку не	1
вниманья на	1
дылде такого	1
этот купец	1
ему не	1
назначать или	1
катанья театры	1
совсем другими	1
приблудного сына	1
голове неужто	1
давно бы	1
не смущаясь	1
нельзя поэтому	1
языка и	1
спосылать к	1
ровня хотя	1
она появляется	1
исполнять не	1
в чашки	1
двенадцать человек	1
произошло с	1
напоминает сестрице	1
с соком	1
и выводила	1
надоела или	1
предстал длинный-длинный	1
ему гулять	1
как собаки	1
почти постоянно	1
нет? завязывался	1
увертывайся я	1
свои взгляды	1
удавится а	1
пропускала без	1
я жениться	1
тонких ногах	1
щами и	1
и безалаберности	1
маменька что	1
докладывает конон	1
подстрекательства начинает	1
конон знал	1
присмирела или	1
этом празднике	1
будет сложа	1
по улице	1
дверью через	1
тебя судись	1
среды одновотчинников	1
неудовольствия это	1
и ужинать	1
хотите сударыня	1
у сестрицы	1
малиновец письмо	1
кончилась она	1
хороша штучка	1
зачастую приходилось	1
кто господней	1
разумею душные	1
бы у	1
от случайностей	1
легко решившийся	1
двадцать лет	1
кабинете да	1
взял за	1
госпожи а	1
и внес	1
с приказанием	1
глаза так	1
нашлось много	1
по водворении	1
процесс скрывается	1
да мутить	1
решила держать	1
то никакие	1
варвара и	1
грех только	1
навстречу безболезненной	1
свойства историй	1
объясняет им	1
они настоящий	1
самих тетенек-сестриц	1
вообще наружностью	1
и поступает	1
накажет терпи	1
не заплатил	1
не понимает	1
телесное истязание	1
господа она	1
точно перед	1
представлением о	1
кирпича формою	1
его притесняют	1
труда ей	1
дополнить изображение	1
серебром и	1
приказывала она	1
застывает на	1
хлеб отпускался	1
павлушка негодовала	1
нему простите	1
пойдет ли	1
будет вина	1
полагалось достаточным	1
ее к	1
выдумка его	1
будет сторицею	1
допустить чтобы	1
и деревням	1
нерон диоклетиан	1
и величали	1
женишься придется	1
своего дела	1
одну телегу	1
матушка слышать	1
крестьян да	1
в меня	1
рода оплачивались	1
тихо стонет	1
тоже говорят	1
песни петь	1
словах чем	1
купил себе	1
другое утро	1
прежних порядках	1
то значит	1
дамой в	1
не привозили	1
входил в	1
нечто самостоятельное	1
увидите обед	1
назвали макаром	1
отрицал возможность	1
по приказанию	1
но прошла	1
все рабы	1
представленным вашему	1
меня за	1
надо брильянтов	1
садился где-нибудь	1
это василий	1
слышу паладкин	1
самого заурядного	1
ее сбегай	1
однако предпринять	1
пьет разумеется	1
выговора отдатчику	1
и сходило	1
в заключение	1
молва что	1
и помогать-то	1
дано но	1
в передней	1
вечные времена	1
пожаловал что	1
даже обидело	1
помещика и	1
и знала	1
смущении иногда	1
выскажешься опять	1
подай платок	1
придавило шею	1
понадобится завтра	1
портретах писанных	1
женой даже	1
проч вдобавок	1
славили а	1
сорок верст	1
охотнее покупала	1
пьет и	1
даже сочла	1
новой рабе	1
играет бегите	1
свои сокровища	1
подобное сейчас	1
прибавить что	1
шутки приводили	1
принадлежали к	1
евши и	1
осуждена в	1
спрашивает пришел?	1
веревки вьет	1
сходи нет	1
угрозы ни	1
дворяне акулина	1
мавруша стоять	1
ненавидели их	1
объяснения с	1
жертвы их	1
они уж	1
многострадальной жизни	1
очередь не	1
специальности не	1
будешь вот	1
косвенно заступался	1
продолжительное ненастье	1
не режет	1
жалко вон	1
одной из	1
шлялся все	1
их наставления	1
уж угадывала	1
посмотрю повернул	1
говорили что	1
ловко с	1
грабят а	1
косой посылаете	1
сокрушить упорную	1
придет в	1
живы хотя	1
о приступе	1
ей в	1
был лай	1
матушка выражалась	1
растянуться на	1
ее заставлять	1
ему что	1
ответ одурел	1
которая очень	1
друзей что	1
не найду	1
же предстоит	1
и распоряжайся	1
путаться и	1
какие в	1
того он	1
за сим	1
уже совсем	1
вскрикивала матушка	1
за день	1
которые и	1
или гневается	1
нареченных господа	1
легкою ни	1
ишь шут	1
и печенье	1
царские исполняли	1
прим м.е	1
на батюшкиной	1
предусматривать какие	1
и оброчных	1
обстоятельно девица	1
деревнюшку чтоб	1
судить а	1
угодно не	1
широко раскрыла	1
опять соленья	1
и накажет	1
не скрывал	1
к нам?	1
жаргон прожженных	1
живописца стало	1
резвились и	1
откушать нет	1
ведь печешь	1
неискусной рукой	1
это предчувствовала	1
ли? никак	1
разумеется отец	1
внести или	1
саддукеянка смотрела	1
пропадом пропади	1
вами аграфена	1
каракатице едва	1
фаворитки с	1
ноги подкашивались	1
лежало безусловное	1
постоянно удачная	1
ходить запрещали	1
пряжка крестик	1
голову ее	1
сказать почти	1
штуку материи	1
которую-нибудь из	1
видал на	1
затее вряд	1
тем или	1
которыми числится	1
затеялось сватовство	1
и во-вторых	1
в каком-то	1
другой кроткие	1
ешь-ка ешь	1
аннушкина выходка	1
всем происходившим	1
содом ты	1
не выдавать	1
плохой то	1
то существование	1
гостиную из	1
мне-то бы	1
победы осталась	1
отзывался на	1
была бесконечно	1
или там	1
всем прочим	1
барщинские крестьяне	1
в народе	1
молчаливо даже	1
предчувствовала до	1
падает а	1
которые долгое	1
ударят подставь	1
безвыходное заключение	1
оборвала ее	1
прожила рабой	1
тебе облегчение	1
эти сокровища	1
ею кодекса	1
frais [цвета	1
требовала применений	1
в затеянном	1
борзыми на	1
другие лакейские	1
сидела наклоненная	1
до последнего	1
сунцовых матушка	1
стаканы на	1
на зубок	1
застывшем лице	1
десяти все	1
к тетеньке	1
подобного деревенского	1
недели за	1
своего крестника	1
главный секрет	1
природе а	1
с иваном	1
женщина расторопная	1
от их	1
она выказала	1
ее но	1
имели свое	1
нее был	1
могла ест?	1
прах ее	1
по-моему ежели	1
какая-нибудь из	1
были у	1
женщина по	1
песни орать	1
резко не	1
естественно что	1
понадобится выдавать	1
уж помирволила	1
нечего сказать	1
теми личностями	1
никак нет-с	1
цари нерон	1
городе подобного	1
дважды вчера	1
милость мерси	1
вдруг остановится	1
предвиделось даже	1
ними заодно	1
да песни	1
садилась около	1
сменяются дамы	1
не задерживается	1
очереди все	1
что расправься-ка	1
эти шутки	1
пятницам приезжают	1
в вологодскую	1
на какую	1
барыню коли	1
устроивались смотрины	1
она чулок	1
подолом как	1
я им	1
ты долго	1
слухи о	1
уровне красоты	1
ему надоела	1
и выбывавшие	1
застольную добровольно	1
и светскости	1
учу возражала	1
в другой	1
была заглазная	1
пользовался с	1
акулина-ключница не	1
в приказаниях	1
все степкой-балбесом	1
лежебоки дармоеды	1
собой холодно	1
тебя не	1
и серебро	1
выходить прошу	1
дворне заведется	1
телегу извел	1
не извела	1
однажды принятом	1
выказала к	1
вдруг начинает	1
первой же	1
ты еще	1
одного помещика-соседа	1
глядят ну	1
и кротко	1
не следует	1
тут догадались	1
себя он	1
пору обет	1
природный олух	1
и которые	1
стоявшему за	1
сытехонька сказывай	1
вдовцы и	1
мы матери	1
она авантажна	1
ей кажется	1
вам вздумалось	1
и серебром	1
предоставляя им	1
и личность	1
объясняться впрочем	1
самоубийцу и	1
душ которые	1
работали а	1
хозяйственные распоряжения	1
твой ведь	1
к серьезному	1
лицу да	1
чувства не	1
горло сыты	1
ищет глазами	1
подробности этой	1
особенные к	1
истязанья примет	1
отца дело	1
настоящее его	1
обоим исполнять	1
ответишь отчего	1
которое при	1
по-столичному ни	1
рукою и	1
связи с	1
кажется очень	1
сердило отца	1
тихони-то эти	1
замуж серьезно	1
сидите мол	1
обидело итак	1
выслал самого	1
чудо но	1
а застывшая	1
подобно всем	1
отворять настежь	1
все кругом	1
рода божеским	1
крайней мере	1
опять начинала	1
удовлетворила ее	1
были пущены	1
барской службе	1
вкопанная остановилась	1
не полагается	1
небесного будете	1
несвойственны простодушной	1
заберет брильянты	1
воздержания и	1
крепостной массы	1
нею серьезный	1
немолчно раздавался	1
приготовления объявляя	1
наблюдая как	1
такие вспылила	1
шифоньерке целы	1
была погублена	1
до нашей	1
губерниях мелких	1
за ваську-дурака	1
какое вчера	1
жениться а	1
в уголок	1
оказалась виноватою	1
в своей	1
его мигом	1
тянется несносно	1
олух бродит	1
экзекуция кончилась	1
предвещает ничего	1
поставить за	1
сходил говорила	1
распоряжались и	1
собой задумал?	1
хуже пса	1
по всей	1
и ему	1
перст со	1
личико оживилось	1
сам страстно	1
там покряхтывает	1
не садилась	1
его миросозерцание	1
дворянка будет	1
давалась более	1
основные порядки	1
визит сделал	1
все правила	1
и пускай	1
и худо	1
бы высмотрела	1
и звери	1
с мещерским	1
барынины фаворитки	1
новое прозвище	1
стригут и	1
может нравиться	1
порядочная масса	1
ты голубушка	1
шута разыгрывать	1
его рабством	1
то видел	1
лице но	1
остальное уложишь	1
еще до	1
рассудила иначе	1
забылись кто	1
себя что	1
равно из	1
к началу	1
мертвое молчание	1
и овоща	1
крошечку пожить	1
слабо потом	1
нередко матушка	1
там-то укокошили	1
никакие жалобы	1
она когда	1
ее собственно	1
по-французски умеет	1
когда ему	1
с однажды	1
доложила матушке	1
от заведенных	1
из-под плетки	1
дешевыми сластями	1
я на	1
самом интересном	1
раскинулось сельское	1
случайно забранные	1
которое производило	1
с неблагодарною	1
исчез словно	1
за игрока	1
дошло а	1
ванька-каин хорошо	1
нас сударыня	1
пору я	1
барское приказание	1
даже соловкина	1
нет постой	1
преимущественно назначавшееся	1
к грубому	1
лучком с	1
ночью из	1
ли? сели	1
имения потому	1
христос-то для	1
зима а	1
сподобятся да	1
его до	1
особенно дорого	1
было двадцать	1
просим господин	1
например продолжительное	1
кончились матримониальные	1
и туда	1
о крепостной	1
еще бич	1
них стоя	1
всегда на	1
и остановился	1
забывались и	1
многострадальных рабах	1
читается в	1
телом рабским	1
царствует невежество	1
особенности внимательно	1
туловища маленькая	1
молодчик оброка	1
и добровольно	1
этом лице	1
покачиваясь дремала	1
послушливый человек	1
понимаю какую	1
избавлялась мужская	1
сажал на	1
украшен приличествующим	1
характер у	1
одна соловкина	1
вздох аннушка	1
поступками наружным	1
испортит но	1
умереть на	1
да милуется	1
же от	1
сестрица так	1
он развязно	1
небесных но	1
себя разговаривать	1
в постоянном	1
что добившись	1
трудна поэтому	1
однажды при	1
барин запрется	1
а невеста	1
необходимо сохранить	1
матушкой а	1
даже ему	1
матушка широко	1
берегись не	1
бразды правления	1
дальше развивает	1
заперся у	1
однажды матушке	1
действительно это	1
скрывал от	1
стеснялась с	1
опасение что	1
совсем мы	1
на руках	1
существовало двоегласие	1
и обрящин	1
случае не	1
даже ненависти	1
другой случай	1
чему-нибудь да	1
молил он	1
так смотреть	1
заточить в	1
телодвижениями всем	1
соком наживет	1
савостьяновна что	1
любимыми ее	1
и екатерина	1
сделалось в	1
патриарху барышням	1
ну ни	1
затевались песни	1
тошнота восклицает	1
умирая родилась	1
оставить могу	1
разбрелись во	1
сумерки и	1
заранее написала	1
клещевинова xvii	1
никогда раньше	1
будто его	1
была рада	1
доме но	1
теперь ежели	1
что подобное	1
господствовал над	1
олух мозолил	1
акулины в	1
дочь так	1
раны причинит	1
она жрать?	1
неудачи в	1
мучеников первых	1
в понятиях	1
не беспокойтесь	1
такая мелкота	1
это чудо	1
и неохотно	1
рассеянных в	1
его было	1
помните братец	1
может понимать	1
перезрелыми девами	1
вполне забиты	1
был украшен	1
не упускала	1
квасом и	1
вздумала крикнула	1
безвыходно в	1
с полною	1
а барин	1
нее недоброе	1
насильственное водворенье	1
в нравственном	1
грабил только	1
сплюснуто то-то	1
нее веселый	1
едва окрашенные	1
ванька-каин их	1
бледные с	1
порядке все	1
не прямо	1
за глазами	1
за грехи	1
назвала где	1
сестрица с	1
ей на	1
сделались как	1
что жить	1
и понимала	1
божьей рабой	1
вольной воли	1
могла уступить	1
начинала новую	1
прядью славно	1
она умирая	1
тебя пойдет	1
была идеалистка	1
ей высказаться	1
просвир для	1
тускло мерцавшим	1
путаница настолько	1
раз его	1
благословил его	1
крепостная практика	1
будут она	1
так тоскливо	1
сестрица не	1
любуются он	1
поздравляю франц.]не	1
переполоху между	1
приказанию матушки	1
нашей семье	1
костоправ попался	1
другого живописца	1
губах конона	1
непременно возразит	1
значило бы	1
оставаться исключительно	1
преимущественно из	1
то победительницею	1
хоть шкуру	1
чего и	1
прошла другая	1
для хворой	1
раз поступили	1
нередко ей	1
еще холостой	1
добровольно не	1
одного по	1
его лишь	1
переделывал вразбивку	1
уже пристально	1
живет который	1
был конон	1
дворовых мужской	1
см гл	1
четвертная на	1
ты венцы-то	1
в городе	1
практике не	1
усаживались сенные	1
того положение	1
ей уйдет	1
его опасается	1
качества отрицательные	1
она хочет	1
портретной галерее	1
пожалуй еще	1
это женщина	1
ехали мимо	1
раны если	1
гораздо значительнее	1
ну разумеется	1
а вы	1
дом исподволь	1
к дочери	1
мимо божий	1
не предупредить	1
подает зимой	1
высказавши этот	1
что имели	1
всему дому	1
жизнь в	1
увидишь что	1
maman вы	1
вечно вожделеющих	1
сказал? же-ву-фелисит	1
за наказание	1
одном ни	1
никто уж	1
больше досуга	1
и вонючие	1
материальной выгоды	1
его однажды	1
потом еще	1
значительной степени	1
других? и	1
должок по	1
и поздравляют	1
отца но	1
сластену см	1
углам какое-то	1
должно сознаться	1
его лица	1
а поживешь	1
играл и	1
не идешь?	1
дай светлого	1
ярма придавившего	1
серьезному переполоху	1
наводившей трепет	1
предоставленное лишь	1
духовую и	1
забылся? говори	1
лет взяли	1
тетенек называлось	1
замедлял шаги	1
предвидел этой	1
павел с	1
сидеть? приступала	1
вчера прелестный	1
содержание но	1
лакеем и	1
не знаете	1
мысль показалась	1
целые дни	1
мой князь	1
довел смотреть	1
отец спускался	1
эти дни	1
дому и	1
ее одной	1
разговор совсем	1
в пляс	1
и чаще	1
мной предстал	1
вступит возьмет	1
другими глазами	1
достигла и	1
вдобавок никогда	1
снимут я	1
у всех	1
действие не	1
нежели робко	1
какой-то большой	1
подростках и	1
бывали яблоки?	1
по-моему этим	1
прошлом аннушка	1
наскоро сложены	1
дворовых очутилась	1
тайных девичьих	1
лба не	1
по-намеднишнему засыплет	1
пойдет а	1
доме представлялось	1
окрестил гостя	1
все-таки знает	1
церковь под	1
ну до	1
проложена тонким	1
без греха	1
заболотье ключница	1
досуга было	1
первой полпивной	1
смердящего за	1
даже подтверждала	1
там скучивалась	1
смысле не	1
матушки беспрерывно	1
василий порфирыч	1
так без	1
совместное существование	1
множество насекомых	1
им причину	1
большой праздник	1
лишнего долгоязычная	1
в буфете	1
его всегда	1
во всем	1
угадывала их	1
только cкажите	1
бесхитростного рассказа	1
выход найдет	1
она боится	1
несомненно разрешение	1
глазами бродит	1
горе растравлять	1
минуту нарушено	1
памяти так	1
она зашла	1
ненастье или	1
же печать	1
будут по	1
когда ты	1
пущу сиди	1
верно выражалась	1
что-нибудь чувствовать	1
коли он	1
много у	1
а коли	1
не нагрубил	1
же минуты	1
ига был	1
точностью определить	1
зависела и	1
ворчала она	1
формулируется а	1
праздновать и	1
от рук	1
лаять пока	1
случае в	1
малиновце открыло	1
маслобоев живет	1
тебя душа	1
да думал	1
внутренность и	1
как женщина	1
уйти и	1
и прежде	1
когда они	1
стола на	1
солдаты отдам	1
лежала та	1
и волк	1
матушки она	1
нечто злокачественное	1
тишина на	1
не болтай	1
название серьезных	1
насыпи пожалуй	1
определенностью но	1
сестру господин	1
всегда сердило	1
прочие так	1
он раз	1
просим откушать	1
какая многострадальная	1
дело? известны	1
продолжает одеваться	1
невозможно ежели	1
ужинать в	1
противоречие сама	1
дело не	1
будто выполненная	1
вопрос вроде	1
она перед	1
любит делать	1
ни прислужить	1
галереи я	1
ей предлагали	1
ну есть	1
любил в	1
есть шематон	1
выступал в	1
приходила за	1
задачу отказавшись	1
сидеть не	1
прощаются с	1
принося небольшую	1
как батюшка	1
сю пору	1
отличался иван	1
не удивляло	1
подольше у	1
ты останешься	1
крестик дразнится	1
смотрины подобные	1
дурак шел	1
раскрылось и	1
так со	1
ты у	1
ее он	1
с буквальной	1
бежал или	1
небесный как	1
но недели	1
принимались много	1
дологоязычная крикнула	1
полштоф в	1
иду я	1
свидания назначать	1
будешь права?	1
церкви божьей	1
у мужичка	1
своем афоризм	1
буду печь	1
новая которую	1
дамой будешь	1
душные и	1
более нежели	1
задумал? матрена	1
ноги взвалили	1
же сочувствием	1
ответ ничего	1
разыгрывать посмотрю	1
нахожу нужным	1
странничком открываться	1
было невыносимо	1
страниц мужская	1
не помогало	1
нотку а	1
ес-пер замолчи	1
приезжал смотреть	1
первого слова	1
что зачастую	1
опять перевести	1
что такая	1
нее хватит	1
сели пьем	1
же отправить	1
девичье крыльцо	1
аннушки был	1
и снятое	1
степень вечно	1
потоке шутовских	1
ногах он	1
все такими	1
были еще	1
стесняя в	1
же к	1
снисходительною ну	1
тонкие едва	1
девичья сделалась	1
взять заставить	1
развязно подошел	1
дорого и	1
крестясь отец	1
рассудит велю	1
жестоко сложилось	1
должен на	1
манер во	1
синюю суконную	1
барчуки нередко	1
него нет	1
уме не	1
оклады!(прим м	1
кирпича которые	1
клещевинов между	1
матушка уж	1
и тогда	1
к аннушкиной	1
сестрице чтоб	1
бы спина	1
такой грубый	1
кричала матушка	1
их потешает	1
во-вторых аннушку	1
собрались как	1
да уж	1
мавруша присмирела	1
дать понятие	1
господина то	1
дворня а	1
самодеятельной внутренней	1
подобие улыбки	1
чтобы положить	1
ваши брильянты	1
впала в	1
впрочем вы	1
очень жалкую	1
помощь рабам	1
честный да	1
пекла ну	1
знает в	1
лишило их	1
система голода	1
предстоит прожить	1
один не	1
ждал что	1
всё мне	1
но доставлял	1
купцово по	1
косить и	1
юных лет	1
ванькой-каином единственно	1
нам извините	1
работа а	1
понимают как	1
сокрушившего ее	1
пришла за	1
происшествие которое	1
так по-твоему	1
и тихо	1
заключение в	1
я сам	1
мысль вот	1
господин кровь	1
ни о	1
поджарый с	1
видел сны	1
принадлежала к	1
тебя к	1
этот народ	1
никакого не	1
раздражать сверх	1
хозяев она	1
не допускала	1
что время	1
года через	1
мне иван	1
ее можно	1
комнатам вглядывалась	1
только сердитесь	1
эта в	1
уж кричим	1
приходил он	1
тебя кто	1
это только	1
охает напротив	1
наполняется гостиная	1
меня влили	1
была тяжелая	1
их сопровождала	1
она примениться	1
предстоящей портретной	1
имя было	1
не видеть	1
непринужденностью спросил	1
матушка едва	1
жену или	1
требовали меньше	1
тебя велит?	1
питала не	1
гудение приходила	1
образ не	1
приросло к	1
большую часть	1
слабое понятие	1
а как	1
спасти и	1
достала уха	1
она или	1
из мелких	1
думаю холодно	1
и павел	1
которые доказывали	1
здесь и	1
жизнь прожила	1
пору она	1
самого входа	1
не мне	1
за работы	1
безответен и	1
красному двору	1
ей хотелось	1
дальнюю подводу	1
барышням была	1
бесцеремонный вопрос	1
нанковых штанах	1
субъектом потихоньку	1
простодушной крестьянской	1
девушек но	1
называемая девичья	1
насквозь я	1
пользовалась относительною	1
и имел	1
не вижу?	1
за давним	1
раз меня	1
улыбка скользнула	1
корку хлеба	1
сказать чтоб	1
он смотрите	1
всегда можно	1
заутреням более	1
этапу при	1
насильно меня	1
а правда	1
раскаленной сковороды	1
она дичилась	1
церковь только	1
закрепостилась живописец	1
считала грехом	1
раза поняла	1
ей выбрали	1
маменька кажется	1
начальственный лай	1
него при	1
доносится стук	1
и разговор	1
паутиною и	1
то чтоб	1
чаю бледные	1
ты хамово	1
них устроивались	1
сидя на	1
ударом благовеста	1
хворые-то смирно	1
вступивши однажды	1
бывало соседи	1
место равнодушию	1
изволите назначить	1
про старое	1
уха очень	1
паладкин голос	1
любуйтесь ими	1
загадочный ответ	1
раз пытался	1
не обладал	1
итак москва	1
о других	1
матушка почти	1
матушка про	1
тетенек одних	1
часто требовались	1
либо печку	1
сноснее ее	1
и убил	1
отцовскую украинскую	1
щеткой по	1
бунтующеюся поэтому	1
приходилось мириться	1
дошло но	1
обожженного кирпича	1
разговаривают да	1
дать а	1
стриженого не	1
новых гостей	1
приняла серьезного	1
проповеди ты	1
барской руке	1
послал а	1
раз и	1
отец был	1
сразу так	1
только вдруг	1
старый порядок	1
личностей которые	1
знала это	1
праздникам пел	1
забегали в	1
делала свое	1
шематонах находят	1
попутал плана	1
они венцов	1
крепостного ига	1
чем-то особенно	1
и видит	1
матушка так	1
мышкой либо	1
исполняя барские	1
из лакейской	1
привести к	1
двору размахивая	1
раз матушка	1
было да	1
зале дамы	1
мимо да	1
ее матушка	1
таких ничтожных	1
отдам себя	1
надо было	1
хотела и	1
столбом поднимет	1
вотрется эти	1
почесывается то	1
комплект всякого	1
не изменяясь	1
укрыться от	1
этот ворох	1
с матренкой	1
твердила мавруша	1
очутилась круглою	1
прежнего шли	1
оброка между	1
полученный гонорар	1
написал тетенькам	1
матрена не	1
нею стоит	1
ты благодарить	1
она чувствовала	1
сама по	1
ж передо	1
а был	1
своим случайным	1
наготове стереотипный	1
деревне маришка	1
цирульника почти	1
ее поучений	1
а какое-то	1
одну просвирку	1
матушка ездит	1
охотно отпускала	1
сказать самому	1
совсем на	1
помещики чутьем	1
выполнению барского	1
будто легче	1
уйди крикнула	1
вот говорит	1
на несомненно	1
самой в	1
аннушке она	1
попросить да	1
мгновение на	1
сударыня делайте	1
возвратившись она	1
благодарного повиновения	1
хлебы начала	1
истерических упражнений	1
по девичьей	1
не велено	1
убежала семь	1
тихо без	1
и лен	1
олицетворение своего	1
не освещаемой	1
обещала не	1
одна не	1
фольги [фольгой	1
на храмы	1
время могли	1
привычна к	1
сейчас бы	1
мне и	1
не думай	1
но павел	1
ненависти ни	1
подправленную гусиным	1
колченогий городничие-то	1
вполне безответна	1
подняла конона	1
завтра или	1
резких проявлений	1
грозилась отправить	1
выростковые сапоги	1
оказывались исправными	1
отцу и	1
этот был	1
принимать перестанет	1
держать в	1
разрешение было	1
разговор о	1
у мужа	1
спал то	1
торжествовала то-то	1
черняди с	1
девица расспрашивает	1
соловкина ну	1
аннушка с	1
смысле даже	1
было достаточно	1
пышит всегда	1
оказывается что	1
повинуйтесь когда	1
оттуда а	1
от одной	1
ей но	1
да царской	1
начал лущить	1
впрочем он	1
для чищения	1
надина кажется	1
другой конон	1
сядут за	1
засыплет однажды	1
прислуге жилось	1
возвращаюсь к	1
по направлению	1
церковные книги	1
послуг не	1
преследовать ее	1
на их	1
я возьму	1
от удивления	1
одурел ты	1
я это	1
украшали стены	1
воскресенье когда	1
от ключницы	1
до него	1
освежить комнаты	1
будущих стычек	1
мать что	1
для домашних	1
безусловно молчал	1
о глухом	1
не пекла	1
пользовалась названием	1
ли? спросила	1
времени не	1
нужным сдерживать	1
чутьем угадывали	1
чувства кроме	1
всю зиму	1
он даже	1
бедного мужика	1
облегчение сказал	1
продолжал любить	1
таких убежденных	1
утро у	1
люди до	1
тебя здесь	1
благодаря тому	1
стол ставили	1
из-под толстых	1
кушать он	1
немилостивый у	1
поэтому крестьяне	1
перебирают а	1
матерью командовать?	1
хитры может	1
нам в	1
вдруг напала	1
и барышня	1
не манер	1
кулаком ну	1
как павлушка	1
мне на	1
тетеньке ольге	1
в присносущем	1
она помнит	1
причинит прими	1
не требовалась	1
золотое время	1
праздник но	1
привязанностью уже	1
тетенька ольга	1
непременно там	1
матушкину комнату	1
сбивать с	1
свои избы	1
отощалые оборванные	1
спроважу пихнула	1
какой резон	1
не мутил	1
я вошел	1
также непременно	1
жали свой	1
была уж	1
рану следует	1
природы она	1
рабов [материал	1
вызовешь его	1
держался нетвердыми	1
за генерала	1
приписывала присутствию	1
обильных сказаниями	1
относительно брака	1
ваську-дурака да	1
длинных тонких	1
на помещичьем	1
девушек замечал	1
как ввиду	1
облегченье получат	1
родня иногда	1
вяжет и	1
соленья варенья	1
быть снесли	1
вещь к	1
хода и	1
выросла это	1
работа и	1
всякий умеет	1
стоять на	1
неприличным чтобы	1
всего перенес	1
или работой	1
он попросить	1
другу любезности	1
доходный как	1
сознания факты	1
поэтому встретившись	1
который сложился	1
ахнула конон	1
приму а	1
приезд гостя	1
эта ему	1
просачивалась мысль	1
рабу года	1
пять в	1
деле держи	1
покое как	1
и требовали	1
отдавать дворовых	1
же молодчик	1
ж вы	1
лущит-лущит по	1
забылись отвечала	1
траву урывками	1
упраздняло месячину	1
по-видимому начинала	1
двадцати считалось	1
всесильная барыня	1
и признавал	1
идолам пожри	1
казалось что	1
превеликим моим	1
ни малейшего	1
золото добро	1
усмирению строптивой	1
не ходил	1
работают знаю	1
его? поедет	1
конон не	1
установившегося вообще	1
своих крепостных	1
без ропота	1
готовится что-то	1
смысле слова	1
в возке	1
дорожили аннушкой	1
массе на	1
и протягивая	1
могут привести	1
тотчас же	1
мере зависело	1
я лично	1
им впрочем	1
невесте а	1
подозрительное хихиканье	1
случайностей конечно	1
заведения такого	1
во имя	1
и увели	1
вологодскую деревню	1
нет да	1
всесильной госпожой	1
так при	1
всей толпой	1
глазами олуха	1
меня будешь	1
выполнить матушка	1
нечистая сила	1
ушел крадучись	1
сомнительного свойства	1
домах завтрак	1
матренка я	1
рукой загребал	1
в короткое	1
мавруша повиновалась	1
ударить не	1
действительного труда	1
от первой	1
моды пришли	1
намеднись без	1
аннушка уже	1
он никогда	1
было настолько	1
к патриарху	1
не слушать	1
проглотил так	1
ухабе растянуться	1
так иной	1
жрать? удивлялась	1
тебя да	1
врет я	1
себя повторяю	1
уж что	1
ишь врет	1
помещики смотрели	1
сказать правду	1
ставили пустые	1
на вечные	1
они промежду	1
пошел с	1
на большой	1
ты женишься	1
или совсем	1
ногу небрежно	1
благовеста выйдет	1
моей присуха	1
вступился за	1
нас многострадальных	1
возобновить ли	1
собственные продукты	1
никакого просвета	1
несомненно лакейский	1
участи наружный	1
потухая прошла	1
окна девица	1
поклонюсь господам	1
к той	1
дом отец	1
усаживался на	1
как ни	1
встряхивает а	1
пущены в	1
ласковая девушка	1
нет умирать	1
при слове	1
церковь не	1
эти дела	1
весть об	1
выгоды а	1
около мужа	1
ступай брось	1
нажаловалась матушке	1
приедет сама	1
легче нежели	1
шкап но	1
мимо кого-нибудь	1
должен бы	1
разговоров чурбану	1
указаниями выработанного	1
свезут в	1
вам тетенька	1
не выказывая	1
как машина	1
глубже погружалась	1
муженек коко	1
советы давать	1
повиновалась несмотря	1
сомневалась акулина	1
голову и	1
сегодня совсем	1
и рабов	1
госпожа соловкина	1
довольно свободно	1
них побойчее	1
меня сердце	1
щегольству но	1
и говорю	1
уничтожена и	1
разговор откликалась	1
стеречи и	1
всех этих	1
иной не	1
за собой	1
себя уморит	1
ненавистного балагура	1
только шутки	1
порченая что	1
доказывала что	1
девичьей слышалось	1
заранее приказанье	1
же взгляде	1
матушка чувствует	1
даже кончить	1
помогало и	1
плевал в	1
государстве господин	1
едва успела	1
свое решение	1
запрутся да	1
был тоже	1
невеста не	1
праве дышалось	1
составлял его	1
начинает убеждаться	1
рот вымолвит	1
maman вчера	1
отсылаю к	1
вызволит либо	1
задаром хлебом	1
его качества	1
него слышь	1
это князь	1
отказавшись ради	1
миросозерцания так	1
барчонок такой	1
в уме	1
вдруг исчез	1
серых нанковых	1
аннушка ограничилась	1
лоток уставленный	1
кухне на	1
повиновению что	1
не наша	1
вскоре после	1
купцу грехи	1
она задыхаясь	1
поведение тем	1
ей было	1
гостеприимство обходилось	1
отвели для	1
павла долго	1
не оставляли	1
ничего больше	1
случилось другого	1
москву то	1
раскаленную сковороду	1
жилось все-таки	1
него готовится	1
смерть впрочем	1
подтверждала крепостное	1
учить а	1
приступочке и	1
холщовой рубашке	1
нехороший господин	1
приездом все	1
так будет	1
бы она	1
решают девушки	1
роспуски и	1
тоскливо взглянул	1
боковушке у	1
[я вас	1
грехом и	1
что сказал?	1
рядом с	1
форме с	1
он сразу	1
последние но	1
словно поняла	1
обрадовалась за	1
всё это	1
оно точно	1
по форме	1
насчитывает пять	1
осиповна их	1
взяло все	1
бунтовать вздумала	1
выйдет из	1
что поется	1
нею представьте	1
обязательное лизание	1
и мгновенно	1
сраму одного	1
наливаться а	1
уходила из	1
матушка поспешно	1
от мужа	1
не ускользнуло	1
более не	1
знаю вольная	1
залы пока	1
нею проходит	1
вопрос заключался	1
дети резвились	1
живут хорошо	1
морят по	1
милостив с	1
вечером встретивши	1
конечно дорожили	1
мирный характер	1
сообщало тон	1
немедленно отапливать	1
она поведет	1
на мой	1
не работают	1
за стол	1
принять? у	1
правду добыть	1
борьбу дальше	1
за подлинным	1
приказаниях была	1
девушки в	1
сказать нещечко	1
несметными сокровищами	1
и догадка	1
муженьком прощенья	1
диалектики отчасти	1
настолько голодно	1
ходит как	1
предмете в	1
едва выглянула	1
и помышлением	1
минут одумывалась	1
и спасли	1
и принимать	1
лущить потом	1
пару хотя	1
вздумалось выдать	1
отправить туда	1
давным-давно покинутая	1
раз согласие	1
трех тысяч	1
господин не	1
молили бога	1
в аду	1
отдам как	1
шаги перед	1
работе мужиков	1
сидел в	1
издельное хозяйство	1
выражалось более	1
мутишь доедай	1
грустно произносил	1
том чтобы	1
концов достигла	1
ее побери	1
брат отощал	1
погоди с	1
клещевинов убеждается	1
скорехонько привыкнет	1
за всю	1
ей необходимо	1
приходится а	1
богатей маслобоев	1
другими и	1
с убежденным	1
никакими особенными	1
перевести крестьян	1
бы подольше	1
посылает ну	1
усиливается быть	1
сочла нужным	1
допрежь того	1
прохаживались кругом	1
жениха с	1
сосредоточенная примеры	1
не пробуждалось	1
непреоборимое влечение	1
соседи-помещики и	1
в ущерб	1
каждую вещь	1
лакейские обязанности	1
брат в	1
ежели такой	1
живописец павел	1
объяснить его	1
неделя прошла	1
которое близко	1
и говорят	1
пища помещение	1
принять а	1
дух благоприобретения	1
не нуждающееся	1
был тогда	1
вдруг почувствовал	1
коко с	1
ведь захочет	1
своего внезапного	1
да заколет	1
уже и	1
меня обидеть	1
ним придирались	1
ему надобно	1
и чего-чего	1
из лет	1
как не	1
той или	1
девушку жестоки	1
всё было	1
поздороваться с	1
возьмусь у	1
услуга и	1
конона на	1
поглядеть куда	1
молвит он	1
машина которую	1
в заслугу	1
выходка не	1
в противоречия	1
знаю и	1
при всех	1
будет да	1
и хоть	1
звезданет кулаком	1
взаправду бунтовать	1
любовь постепенно	1
хоть вина	1
умирать в	1
конечно никому	1
жизнь нечего	1
мешали ах	1
ей кроме	1
уже выполнила	1
большого труда	1
простите ее	1
сухмень вообще	1
фактов но	1
окрашиваемая в	1
невменяемостью явился	1
холост и	1
что со	1
перед божьим	1
это мучилась	1
бог и	1
до малиновецкой	1
лето даже	1
это возбудило	1
поехала погостить	1
ваньки-каина стороннюю	1
утром обе	1
потихоньку не	1
уныния господствующем	1
нажил татьбой	1
порядок девичья	1
и сдавала	1
повлечь лишь	1
день кушает?	1
ввиду таких	1
ты его?	1
отдашь если	1
ваньке-каине продолжала	1
на дворню	1
бедность попросить	1
будущем не	1
делает ванька-каин	1
доносятся звуки	1
передвигаемых стульев	1
и увезли	1
ее злосчастья	1
подсылала ключницу	1
зеркала и	1
закон как	1
причиняют раны	1
вот возьму	1
кажется ехал?	1
и купец	1
познакомлю лишь	1
барыней измывается	1
ее обманывают	1
принадлежала одной	1
добру учу	1
сновидение даже	1
особенно спорилась	1
куда мы	1
должен и	1
да милуются	1
где? в	1
последствий с	1
смотреть сидят	1
ее насчет	1
свою мысль	1
могу быть	1
страсти господни	1
по-прежнему продолжал	1
в массе	1
к какой	1
помощи разных	1
она оправилась	1
положение ванька-каин	1
поедет так	1
напеченное с	1
произошел целый	1
впадать в	1
для черняди	1
шушуканье и	1
догадаться ишь	1
неизреченное остолопство	1
в серых	1
бедный народ	1
природе или	1
нет ни	1
мученскую терплю	1
говоришь повиноваться	1
время я	1
а своей	1
другого рассказа	1
шута перед	1
масленицы предстоит	1
поверхностно матушка	1
с обычною	1
говорило о	1
и носили	1
бьют часы	1
руки но	1
у орангутанга	1
нем угасла	1
евангелия и	1
по очереди	1
стоило в	1
как можно	1
под ним	1
виду подобных	1
пускай мол	1
люди но	1
бурмистров избирала	1
слове ведьма	1
распоряжения поэтому	1
них спрашивать	1
не вытерпит	1
шли месяцы	1
вздую чтоб	1
промахнулась или	1
быть девичнику	1
старый дядька	1
нутро у	1
служившем вместо	1
последней в	1
мыслями о	1
еще собраться	1
она быть	1
сокровищами только	1
притих больше	1
к десяти	1
стулом у	1
свободная минута	1
давлением крепостного	1
есть да	1
павловна а-ревуар	1
брось эту	1
изведения души	1
все разбежались	1
все неправедно	1
сравнительно довольно	1
всей уголковской	1
хоть на	1
загадочное подобие	1
много разговору	1
собралось денег	1
балаболкину слышать	1
тупик или	1
который десятки	1
павлу было	1
ха-ха-ха но	1
когда об	1
наглядную работу	1
бога чтоб	1
изложением фактов	1
проходит молчаливо	1
матушка прислушивается	1
кровь так	1
вид он	1
огорчению аннушки	1
не без	1
причинит ну	1
очень скудно	1
обращается к	1
се ты	1
сейчас позвать	1
маврушу высекли	1
кабинете сидит	1
сломя голову	1
намеченным субъектом	1
нищенства а	1
места себе	1
я думаю	1
властной барыней	1
раздражительно но	1
кроме рассеянных	1
платье было	1
насмотрелись на	1
на мою	1
хворая стало	1
в праздники	1
и принять	1
при назначении	1
советов и	1
встречались в	1
барыне возиться	1
есть и	1
собой не	1
и едва	1
с измятыми	1
когда притом	1
отъездом барыни	1
упрощала отношение	1
замуж вышла	1
на условия	1
и поездки	1
он продолжал	1
качествам тускло	1
места в	1
с шематоном	1
к чаю	1
иго лишь	1
победы не	1
мыслях не	1
или безусловно	1
которым помещичье	1
ты приказание	1
не намерена	1
иногда и	1
своенравным сопротивлением	1
обманом да	1
принимаете? спрашивает	1
совсем было	1
собою разумеется	1
надин решительно	1
спустя узнали	1
по лакейской	1
ей развить	1
обедать но	1
образ действия	1
плетки работали	1
людей труд	1
и это	1
эти три	1
я говорит	1
проходите мол	1
крестьян которые	1
женщиной которую	1
шестка и	1
мотай себе	1
завейхвостов терентий	1
она подозрительно	1
она делая	1
давать ему	1
отец а	1
свадьбы вечером	1
и были	1
акулина все-таки	1
известиях вся	1
труде свойственном	1
ударит лицом	1
фактов которые	1
большое счастье	1
продолжение целой	1
извиняйтесь сами	1
дома отвели	1
монастырь упрячу	1
повернуть? задаром?	1
беспрекословно приникать	1
прими с	1
сделались перезрелыми	1
идет конон	1
ящичков вот	1
лакейской должности	1
путаницы которая	1
глазами потому	1
отошла девушки	1
развязкой матушка	1
все ее	1
еще темно	1
еще какой	1
хворая к	1
время тайный	1
ах маменька	1
жизни ежели	1
одного почесть	1
покамест еще	1
важно москвой	1
бог говорит	1
рабам платить	1
одной руки	1
в рогожу	1
утром было	1
все старелось	1
троньте подожду	1
и срок	1
заплакал и	1
аннушка конечно	1
ступай пускай	1
а выскажешься	1
скитаясь по	1
извините ежели	1
и лекарей	1
браков между	1
не высказаться?	1
их зверских	1
балагуром на	1
прошу извинить	1
таких на	1
из вашей	1
оба кулака	1
дом комнаты	1
церковь станет	1
в нижнем	1
повторял с	1
шутить всего	1
более ее	1
имением главный	1
своем кабинете	1
купец видючи	1
поздно трубу	1
замечали что	1
не вступал	1
что? ничего	1
проходит еще	1
на всю	1
аннушка произнесла	1
а попробуй-ка	1
нет вы	1
подожду что	1
клещевинова встретили	1
не доходило	1
кочергу и	1
помещичьего управления	1
то целый	1
него доставляли	1
теперь ни	1
общее правило	1
своей многострадальной	1
объявляла она	1
и встал	1
прежде брехали	1
супругу? переменяет	1
вопрос когда	1
будут с	1
шел из	1
ключнице стало	1
ты таким	1
с молчаливого	1
шельмецы и	1
случайного стороннего	1
случае никто	1
у окошка	1
исчерпаю все	1
свидетельствовало что	1
милые друзья	1
боится и	1
никакого случая	1
имел одной	1
открыло ей	1
даже малиновецкий	1
его рук	1
противился ей	1
переносить или	1
бегите бегите	1
рода не	1
наматывали на	1
новую серию	1
читать могла	1
всему есть	1
я разумею	1
всего времени	1
чтобы сколько-нибудь	1
своем и	1
осенним утром	1
утешит придет	1
тем на	1
за возком	1
которыми отличался	1
с небольшим	1
из строя	1
и принося	1
матушка убеждалась	1
приобретал симпатию	1
не действует	1
его наконец	1
сусека и	1
ее бесед	1
говоришь она	1
рабой жизнь	1
сдавала напеченное	1
до свету	1
не отличался	1
вотчины аннушка	1
милуется пошел	1
кузнечих которым	1
зевая решают	1
никакого хода	1
вдруг он	1
мерцавшим в	1
девушки не	1
нескладных ногах	1
вы нездоровы	1
легла в	1
конца претерпевали	1
лицами матушка	1
вон в	1
проходили годы	1
возражение как	1
смотрит как	1
для помещичьей	1
свидетельствовавшие о	1
ими конечно	1
ларь расставит	1
этим же	1
бредит спрашивал	1
с скамейки	1
дальше что?	1
рабах вспомнил	1
а доморощенный	1
стану я	1
поется и	1
сумела угадать	1
моих глаз	1
услышав новое	1
для предварительных	1
наказание не	1
туалет сегодня	1
должны не	1
матушка видела	1
за маврушу	1
пищи разрешалось	1
усомниться в	1
своей она	1
там? кто	1
раз упоминал	1
затея не	1
тоже вдовец	1
один лежебок	1
хватит была	1
волю божию	1
торговлишкой на	1
этот дом	1
пора просидевши	1
указаниям так	1
осталось матушка	1
хоть раз	1
воспоминаний тетенька	1
это нелепое	1
выходила яркая	1
грубый летами	1
попеки да	1
м е.салтыкова-щедрина.)]	1
рабой которая	1
остался он	1
зубы вышиблены	1
вольною и	1
но несли	1
противно да	1
рабов обе	1
и жаления	1
ты уж	1
недавно мелькавшие	1
можно ли	1
какою-то мутною	1
всего важнее	1
приказывает или	1
время всякой	1
маменькой за	1
друзья-приятели и	1
намерение в	1
бездетному мужику	1
звуки кадрили	1
пастуху определить	1
соучастника и	1
а ну	1
его женитьбы	1
заключала матушка	1
взглядах на	1
веретен аннушка	1
власть не	1
и следовало	1
не поклонюсь	1
крестьянам в	1
одного странника	1
меня затворник	1
кажется насквозь	1
профессии он	1
задолго до	1
чаю напиться	1
на несколько	1
тогда было	1
упала ей	1
когда-нибудь с	1
криком и	1
отдаст на	1
кратко известно	1
при помощи	1
буквальной точностью	1
досужество обучало	1
время его	1
гаврилович головастиков	1
пальцами губы	1
сердил ее	1
с крепостной	1
даже хлебы	1
окно как	1
токма-что песню	1
и близится	1
ведь ежели	1
не принимали	1
намерение или	1
величали нареченных	1
производили ли	1
прасковье ивановне	1
губах олуха	1
сдержанно и	1
матушки всегда	1
ходят тихони	1
не удовлетворила	1
друг другом	1
повторить умирать	1
отдам что	1
наглеца а	1
почесывается будут	1
аннушка надвязывала	1
пятьдесят лет	1
к тому	1
всякие другие	1
роль играли	1
одно и	1
девчонки еще	1
всей картине	1
к новой	1
светло-голубые без	1
мер относительно	1
предстоящей воле	1
костры и	1
уцелел в	1
с обтрепанным	1
днями ванька-каин	1
в спальной	1
распутать не	1
барина и	1
хочет даром-то	1
завтра с	1
ванька-каин так	1
сумерки в	1
молвить промежду	1
детей с	1
и стали	1
ли вы	1
она бодро	1
посуди по-божески	1
кормить не	1
слезки ну	1
алемпий он	1
мозги хамов	1
и косу	1
брани она	1
крестьянах имение	1
хорошо всего	1
красавицы однажды	1
неохотно отвечает	1
прислужить по-столичному	1
и которых	1
она себя	1
ключницы акулины	1
положении неподвижно	1
жизнь павла	1
анна павловна	1
скучивалась в	1
сударыня попробовать	1
хроники где	1
потчевали? не	1
совершенно непригодных	1
свечей венчики	1
на степень	1
конюшне а	1
небе столько	1
съедутся в	1
избегать личных	1
которую ни	1
так говорят	1
негде совсем	1
пуще прежнего	1
на лице	1
довольно любопытствующих	1
зачем я	1
умственной ни	1
репутацией утвердившейся	1
опять торговлей	1
служб на	1
только бедный	1
соловкина нагибается	1
работу поработать	1
густой и	1
анку-каракатицу в	1
канарейках у	1
сказать распоряжался	1
раз а	1
приводил в	1
аннушка чувствовала	1
связали руки	1
подобными предложениями	1
не святые	1
ему поди	1
он ходит	1
ну думаю	1
все светские	1
он помнил	1
и всю	1
могилке выросла	1
они же	1
что ругаются	1
яблоко вот	1
разве благородные	1
могут и	1
cela [что	1
что? легонько	1
была вполне	1
она впадает	1
с выпавшим	1
не встречала	1
заболотским богатеям	1
где у	1
доброты и	1
волосы в	1
глубокого и	1
на роспуски	1
облегченье рабов	1
именно сколько	1
его мнению	1
сложение которого	1
повиновение во	1
настолько забавною	1
от затрапезных	1
гармоникой которую	1
продовольствовать их	1
снесли на	1
наутро бог	1
чтобы поглядеть	1
когда начались	1
стороны умолкают	1
у сунцовых	1
обед или	1
излюбленному лакею	1
будут хоронить	1
принадлежит к	1
оброк что	1
мастерская а	1
на тягости	1
печку где	1
ни проказливость	1
принесли пользы	1
учила рабов	1
кого же?	1
покориться а	1
дворни то	1
и льняным	1
скелет долгое	1
пошехонского гостеприимства	1
к такой	1
золотые руки	1
возникал нередко	1
виду несколько	1
господская власть	1
самый этот	1
бич от	1
что-нибудь напакостит	1
же сударь	1
сообщила о	1
лицо матушки	1
безобразною благодаря	1
густою прядью	1
светские темы	1
пытался спуститься	1
шло под	1
семен гаврилович	1
нам своего	1
надо xxi	1
нее рукой	1
было еще	1
платишь? приветствовала	1
душою властен	1
противоречие между	1
покажет вот	1
впечатление было	1
самым доказывала	1
как сделал?	1
мучителем а	1
доклада явился	1
любопытством наблюдая	1
одного предположения	1
лицо а	1
навыпуск и	1
она вы	1
только неправедно	1
ничего доброго	1
божьего поесть	1
распалялся господин	1
обязан был	1
так всем	1
так напутает	1
являлась наверх	1
справлялась продолжает	1
выпускали с	1
хотелось бы	1
он раскрыл	1
глаз даже	1
при случае	1
манжеты на	1
прислуги в	1
в глубокий	1
себя посвятить	1
него сердце	1
уже такая	1
заходит к	1
издохну одним	1
ее своею	1
малиновец по	1
обернешься везде	1
комнату где	1
тут в	1
она нимало	1
поставит-таки на	1
сокровенное миросозерцание	1
спустя после	1
расшаркивается перед	1
убеждается матушка	1
дал григорий	1
ее сама	1
водилось только	1
одни за	1
превосходном виде	1
матушкино имение	1
она поспешила	1
голода у	1
все раскрылось	1
там было	1
готовил дальнюю	1
сделается истерика	1
ему уж	1
но решимости	1
сама с	1
сыскать ничего	1
была? что	1
разобраны мне-то	1
может чувствовать	1
этих примеров	1
карман пойдет	1
нельзя молотить	1
тебе думается	1
пресловутое пошехонское	1
вызывающими глазами	1
либо коров	1
назвать конькой	1
стороны не	1
по-видимому даже	1
и начинает	1
он относился	1
будет с	1
от всякого	1
без ума	1
мигом спроважу	1
его пожаловал	1
этих пор	1
целуется да	1
это кончится	1
сделал свое	1
долгоязычной каракатице	1
них становилось	1
ближе да	1
из ворот	1
преимущественно служило	1
бросилась к	1
не сидел	1
с норовом	1
деле так	1
уже поднялся	1
прежде в	1
не похвалил	1
конон заведывал	1
была результатом	1
крестьянской природе	1
едва подходил	1
и кончились	1
этот помещик	1
менее на	1
света небесного	1
свиданья добрейшая	1
ты бесчувственный	1
их почти	1
придавившего шею	1
нем говоря	1
обещана ему	1
вознаграждала себя	1
времени с	1
а спрашиваю	1
в более	1
отрицательные в	1
его вызволит	1
подожду еще	1
явился посмотрю	1
отъездом матушки	1
про что?	1
не приравниваю	1
отдатчик вернулся	1
друг с	1
спало вповалку	1
все у	1
пес ты	1
удовольствием свидетельствую	1
там царствовали	1
матушка считала	1
даже никому	1
олух словно	1
барского приказания	1
этого никто	1
словах повинуйтесь	1
будешь и	1
было что	1
этом произведено	1
был но	1
подано кушать	1
года два	1
на печи	1
него говорит	1
лекарей призывал	1
восвояси однажды	1
домочадцами и	1
все смеялись	1
тебя порченая	1
быть и	1
прикажу? скажу	1
внутренних побуждений	1
квасы восторгалась	1
глаз эта	1
твердо и	1
тут и	1
хворая она	1
и портного	1
говорит я	1
собранию мы	1
беспрестанно и	1
обеду была	1
там ему	1
пожаловаться что	1
ежели сподобит	1
порядочных домах	1
отдыха отмахала	1
людей что	1
вечера уложились	1
произнесла за	1
в подростках	1
ропщи ежели	1
и припоминала	1
миросозерцание которое	1
вышлет лошадей	1
от одного	1
скончался и	1
спят дорогие	1
станет в	1
принимал только	1
дочери и	1
дам разговаривают	1
рабой у	1
этому выкупу	1
плодом той	1
малиновцем и	1
малиновце сиди	1
за этой	1
получай венцы	1
почему ты	1
слышать пересудов	1
поела и	1
никогда ни	1
что тоже	1
начала были	1
поскользнулся и	1
облака и	1
крестьян последний	1
доволят а	1
почаще плеткой	1
задумывался словно	1
метет по	1
ах хороша	1
афоризмом и	1
если господин	1
начинает матушка	1
бродили они	1
мне отвечай	1
беситесь а	1
господина и	1
силу между	1
ей вдруг	1
отбывали господскую	1
отпетых и	1
и глаза	1
не охает	1
ей отдала	1
познакомил читателя	1
получат само	1
обе одинаково	1
малиновце настолько	1
подумай тебе	1
я маменька	1
светлохристово воскресенье	1
городе не	1
названия улиц	1
обращался он	1
своеобразной форме	1
то всячески	1
конечно постоянно	1
триста душ	1
рассказал подробности	1
и дремлет	1
матушку даже	1
которое она	1
вытерпит да	1
раны рабам?	1
повиновение главным	1
на однажды	1
едет проститься	1
говорите девушки	1
он вместе	1
сряду семейство	1
будни он	1
вычистить молвит	1
господин непосильные	1
матушка между	1
полон дом	1
ежели по	1
танцевали разговаривали	1
отличался серьезною	1
[знаменитая в	1
чередом поневоле	1
приказание госпожи	1
пустить? конон	1
давали пищу	1
берите ваши	1
положение вещей	1
и вязали	1
сделалось ясно	1
которым конон	1
добро эту	1
госпожи выполнить	1
до победы	1
удивлением и	1
точно попробовал	1
она выбежала	1
день напоминали	1
ну этой	1
удручали павла	1
сенокос послать	1
эту борьбу	1
гармонию одна	1
вступиться за	1
исполняли говорила	1
батюшка приятно	1
и хлебы	1
есть пальцем	1
и выдавала	1
хранил ли	1
зато они	1
без брани	1
завелось что	1
но никому	1
перевести на	1
застольную то	1
это она	1
накидывалась она	1
милостивый благословил	1
кадрили на	1
брат на	1
девичья наполняется	1
много весь	1
ничего ступай	1
настигавших сенных	1
обряд как	1
ней темные	1
проект относительно	1
говорит вошел	1
возбудило сильное	1
слышу я	1
просвиры это	1
разумеется эти	1
что человек	1
которой с	1
матушки убеждается	1
ванька-каин разумеется	1
дворня в	1
с жару	1
лицом цвета	1
на веки	1
ли бы	1
язвит и	1
том что	1
и там	1
собой только	1
малокровное и	1
матрена стало	1
разрешилось гораздо	1
нынче всем	1
живописца тщетно	1
чего довел	1
рук гармонику	1
растрачивали полученный	1
до мозга	1
раба найдет	1
довольно или	1
сама знаю	1
но мало-помалу	1
столько выметая	1
задумал жениться	1
все-таки назвать	1
трех часов	1
посвятить ему	1
не взаправду	1
ваша позволит	1
конец странник	1
образов а	1
не понимая	1
себя не	1
мужу никакого	1
все разнообразие	1
нее злое	1
не бывает	1
болото и	1
бесполезно раздражать	1
служить ни	1
тот самодовлеющий	1
любо отпустите	1
малейшего чувства	1
лакеем его	1
представить себе	1
так часто	1
твою морду	1
она совсем	1
мути ты	1
угодно так	1
иначе звал	1
долго мне	1
потом катанья	1
их всех	1
и всякий	1
бьет десять	1
гостей матушка	1
до того	1
а рядом	1
всего и	1
было всем	1
она любила	1
с малиновцем	1
с овчинку	1
который несмотря	1
самим крестьянам	1
царь и	1
помнит твердо	1
таких крайних	1
тоже сложившегося	1
ночью изломало	1
и слуги	1
не обернешься	1
матушка заставая	1
замуж пошла	1
дверях он	1
не лето	1
явился но	1
этого будет	1
и говорили	1
сердцем принималась	1
слабость ее	1
это сделалось	1
пел на	1
против ухищрений	1
если ты	1
вдруг сегодня	1
маска глядит	1
себя за	1
письмо с	1
иван? так	1
ей что	1
утро приехал	1
надежда осиповна	1
вмешиваюсь ничего	1
дается и	1
можно заменить	1
нет по-моему	1
этот тайный	1
будни посещая	1
сердце любовию	1
тебе четвертная	1
вчера засыпали	1
объявили что	1
чего ж	1
стоя перед	1
мутил девушек	1
вышиблены ну	1
права? тебе	1
разных зазорных	1
говорила ли	1
понравился невесте	1
кого позволенья	1
действуя совершенно	1
это рожала	1
делал и	1
прислуга я	1
придет с	1
алексеич клещевинов	1
быт оброчных	1
терентьичу балаболкину	1
больше купец	1
и отдававшие	1
догадались что	1
что только	1
ползало и	1
таковы были	1
легким но	1
в роль	1
по убеждению	1
конечно служили	1
изнурять мужика	1
отпустите нас	1
всех а	1
ворох матушка	1
мавруша продолжала	1
и старик	1
из ее	1
привыкла косвенно	1
эту же	1
но при	1
рассказывали что	1
лазарете фершалом	1
степан окрестил	1
раут девицы	1
по обеим	1
даст видя	1
этою привязанностью	1
дядей и	1
целые оклады!(прим	1
или ограничивался	1
время за	1
золотом и	1
их смысл	1
в той	1
она то	1
слова матушки	1
слова не	1
мирком да	1
право но	1
большинстве и	1
которых в	1
получилось однако	1
иметь такую	1
сделала распоряжение	1
поставили смотреть	1
просто жила	1
исполнял обязанности	1
одной мысли	1
и переломил	1
стану тут	1
но здравый	1
ход такие	1
говорила вот	1
и чем	1
лице конона	1
месячину но	1
кровь рабскую	1
время опять	1
схватила гармонику	1
на погосте	1
матушка все-таки	1
наступив на	1
так по-моему	1
город этот	1
и ее	1
ней нечто	1
оттуда крик	1
а заметили	1
нажитое имение	1
конон? тяжко?	1
возражательниц не	1
том каким	1
которыми наполняется	1
теперича праздник	1
девушек даже	1
кажется и	1
рабское иго	1
и поехала	1
будет а	1
господской работе	1
выездов и	1
бывают? чего	1
ее лицу	1
этому толкованию	1
тетеньку ольгу	1
все свидетельствовало	1
чувствует что	1
правду не	1
господин раны	1
над мясистыми	1
аннушка чтобы	1
печкой и	1
все фазисы	1
исключения встречались	1
образа малюет	1
доложил что	1
и которое	1
и остерег	1
время украшали	1
что должна	1
не вызовешь	1
отдал краденое	1
выработанного ею	1
обихода цирульники	1
дворовой среде	1
ну посмотришь-посмотришь	1
полу так	1
манерцы у	1
мимо лакейской	1
найду и	1
хотя нельзя	1
смотреть продолжал	1
какова была	1
загадывала вперед	1
сказал под	1
хохот который	1
вовсе не	1
тоном из	1
немедленно отменялись	1
кратко и	1
одиночку по	1
заплелись и	1
с ее	1
как вчера	1
перед матушкой	1
всей округе	1
доставляли люди	1
себя боятся	1
дал детям	1
маврушу? матушка	1
прочими дармоедами	1
как чищение	1
дылде носить	1
до свиданья	1
и выгонял	1
совсем заживо	1
а нечего	1
лишившись отца	1
сама себя	1
божеским наказанием	1
непереносною поэтому	1
нескладном потоке	1
девушек ишь	1
аннушка почесывается	1
подобные тем	1
за печкой	1
девичью а	1
уже ищет	1
ишь шкура-то	1
доме был	1
семья наша	1
привышная подошел	1
последние моды	1
с ума	1
один барин	1
сальный огарок	1
есть мелькает	1
вынырнул из	1
как-то совестно	1
венец вот	1
на поселок	1
вечер приказала	1
как вотрется	1
оставляя тетенек	1
устами ее	1
аннушка вполне	1
установившихся порядков	1
самовар с	1
именно не	1
хладнокровно говорит	1
своему ограждению	1
в боковушку	1
улыбка не	1
служил надо	1
или питала	1
и нажаловалась	1
мутовкиною ростовский	1
история повторялась	1
крестьяне а	1
невзгоде наряду	1
с такою	1
который всего	1
матушка зачерпывала	1
себе тщетно	1
конон служил	1
ноги колодки	1
сознательно позволила	1
малиновецкий дворовый	1
их сколько	1
бросить и	1
твердо знал	1
не отказалась	1
зиму поедем	1
бородавками она	1
сегодня? спросит	1
перепутывал названия	1
язва только	1
задыхаясь и	1
подает сестре	1
формою своей	1
под рукою	1
и выдала	1
моргает носом	1
сказать было	1
матушки без	1
васильич покойная	1
заявляя что	1
повинуйтеся и	1
представлялись его	1
предвзятую вражду	1
носили пищу	1
отцы мы	1
не ропщи	1
христианства любимыми	1
удержались-таки нагрубили	1
малиновце там	1
чего-чего тут	1
выходе из	1
девичьей проносится	1
просвирку в	1
не ветром	1
минутным вспышкам	1
узнал батюшка-царь	1
письмо и	1
ней окончательно	1
внутренно он	1
этом напротив	1
действовать но	1
отсюда эпитеты	1
знаешь ли	1
говорю ежели	1
завтрак или	1
что рекрута	1
руки на	1
каков он	1
добром и	1
образом действовала	1
вскочила до	1
и истязанья	1
вина что	1
зато он	1
степени исчерпывал	1
чем глубже	1
сбегай посмотри	1
прелестный балок	1
запрется в	1
на крестьян	1
усадьбе но	1
бунтуют нет	1
котором по	1
вихрем все	1
она принадлежит	1
мать для	1
представительным лакеем	1
этими самыми	1
предоставишь откуплю	1
точно ровня	1
дворовых очень	1
а ради	1
даже грозилась	1
потребовалось бы	1
широко растворены	1
над этою	1
шутила во	1
и решил	1
образчик которых	1
вторая как	1
настигавший и	1
глаза мне	1
всего довольно	1
чувствовала что	1
вижу сидит	1
москвой запахло	1
не лицо	1
скорехонько научится	1
слышалось словно	1
когда барщина	1
самое брешут	1
словами мысли	1
добрая покорная	1
утешала она	1
поступает захочет	1
к их	1
все-таки ничего	1
не затруднился	1
уму бесповоротными	1
не наступив	1
них побыла	1
этой целью	1
что соучастником	1
присносущем небесном	1
представил в	1
возражать ключница	1
еще почти	1
жиру беситесь	1
почти никогда	1
матушки и	1
отписать в	1
наверх вслед	1
представление о	1
маловато что	1
такая выдумана	1
нажитого сокровища	1
дармоедок говаривала	1
скажу извольте	1
смягчала свои	1
украла матушка	1
семидесяти душ	1
в фартуке	1
она настояла	1
среде и	1
не злонравна	1
одни сутки	1
тупо смотрит	1
он проповедует?	1
очень ему	1
но наутро	1
убежденного слова	1
перечислять купцу	1
печи ждали	1
царской водки	1
помню время	1
аннушка словно	1
остережешься потому	1
труду дворовых	1
сестрица то-то	1
скажет сыграй	1
кончился не	1
нежели обязательное	1
себя сдержанно	1
случаев аннушка	1
и малокровное	1
хотя его	1
жаления качества	1
нашла полное	1
большинстве лежала	1
мукой это	1
направлению к	1
целью матушка	1
не смел	1
бог стало	1
только а	1
перекрестит рот	1
подобной развязки	1
дальше и	1
трогать а	1
тем кучер	1
считал по	1
грубят матушка	1
качества при	1
убеждена что	1
весь иконостас	1
ходила да	1
тонких обесцвеченных	1
афоризм который	1
на выкуп	1
бы был	1
браслета трое	1
да маловато	1
буквально столько	1
из дома	1
почувствовал такую	1
малиновецкой усадьбы	1
эту неделю	1
длинные как	1
чересчур откровенно	1
утверждать что	1
отказывается покуда	1
подвижниках первых	1
и взбирается	1
мере на	1
он совершил	1
подозрительно отнеслась	1
утра уезжает	1
поездки эти	1
ее клятва	1
двадцатилетнего возраста	1
друг другу	1
матушку это	1
на телегу	1
вашей воли	1
по мнению	1
голове в	1
по выходе	1
по-ихнему рай	1
куда не	1
взгляде на	1
подозревал что	1
добро бы	1
лепетала она	1
будешь сестрица	1
положением рассказывали	1
постепенно потухая	1
полпивной швыряя	1
буду ну	1
заинтересовало матушку	1
на другую	1
вопрос никому	1
жениться позвольте	1
что отказавшись	1
платишь? помилуйте	1
квартир нет	1
беспрерывно осведомлялась	1
но само	1
шага который	1
из барщинских	1
свое покровительство	1
звук унылый	1
шутки шутила	1
предыдущей главе	1
целый день	1
зубов у	1
чтоб назавтра	1
убеждения примирить	1
зазрит павел	1
с двадцатилетнего	1
аннушка от	1
только акулина-ключница	1
рассказа ванька-каин	1
раздавался оттуда	1
девчонку на	1
своим судом	1
себе около	1
выметая их	1
противно ее	1
выдала все	1
и сцены	1
вздумается его	1
я мимо	1
столько сколько	1
бога еще	1
смертью сгибли	1
вчера ловко	1
справедливости они	1
месяцы матушка	1
павел подозревал	1
четыре стороны	1
горячится сестрица	1
ничтожных средствах	1
она затосковала	1
и будет	1
сказать довольно-таки	1
наружный вид	1
это олух	1
на взбеленившуюся	1
напиться я	1
сам ступай	1
прочим и	1
последнего фасона	1
я природная	1
ежели сосчитать	1
и легкая	1
лично вечером	1
федот гаврилов	1
сусеки золота	1
чужда светских	1
в незапамятные	1
себе клещевинов	1
скучивались сенные	1
и думает	1
страстно любила	1
а покатилова	1
но никакие	1
дочка с	1
тебя что	1
помогать конону	1
требовала чтоб	1
впрочем оставил	1
душенька мне	1
скотины не	1
изрежь а	1
что крестьянское	1
ездит с	1
прегрешении был	1
старенек он	1
дворовым они	1
ударился вдогонку	1
непременно заметит	1
ни беззаветное	1
видение как	1
увеличить нередко	1
поклон напоминает	1
крестьян своих	1
она все	1
на языке	1
влили только	1
ее судаченья	1
в шкап	1
по-намеднишнему бутербродами	1
всем что	1
этих двух	1
ней уже	1
лежал особый	1
в непритворное	1
опыте убедилась	1
воссияние в	1
господин одинок	1
белой холщовой	1
пропало остался	1
родные одобряют	1
рабой xix	1
ее слово	1
наливки какие	1
скребок и	1
случаев это	1
могу ли	1
увезти? вдруг	1
вытеснила из	1
сенокосе? обратилась	1
такую болесть	1
со своими	1
отчего ванька	1
ну бог	1
комнату метет	1
собраться в	1
отдачи на	1
крестника он	1
возвратясь из	1
тем все-таки	1
подлая завсегда	1
побуждений хранил	1
набивали на	1
мещерским сыром	1
властны и	1
которых господа	1
и сестрицыных	1
отце а	1
однажды это	1
шага ознаменовал	1
равнодушию и	1
гармонии штучку	1
ведь что	1
умолкала а	1
усесться как	1
пряжи и	1
в щегольском	1
второй по	1
это тебя	1
тогда купец	1
самого конона	1
небесный своей	1
и серебра	1
дело как	1
это большое	1
кстати позвать	1
которому решилась	1
и манерцы	1
простого хлеба	1
богу-то в	1
при напоминании	1
этот не	1
чайку не	1
беседу видно	1
павла просторную	1
сюртуке в	1
от контроля	1
же смешливый	1
обратно не	1
начала а	1
спуститься вниз	1
они хотя	1
нестерпимую неопрятность	1
лишь тонкому	1
рук лишь	1
прибавлю здесь	1
загребал столько	1
он собственно	1
вы меня	1
о чем-то	1
не имели	1
в модном	1
с грубиянами	1
над душою	1
камердинера к	1
яко рабы	1
какой-нибудь истории	1
отдам не	1
пристроил их	1
муки отличавшиеся	1
ждал то	1
за добра	1
сказал особенных	1
господин на	1
ее сударыня	1
опухших век	1
безболезненной и	1
он явится	1
уже по	1
откровенно сказалось	1
деликатное сложение	1
хочу я	1
общей массы	1
они пользовались	1
господа имеют	1
свой грех	1
для павла	1
его взять	1
исключительно жужжанием	1
резко выделяется	1
улыбка а	1
разрешение потому	1
ради удовлетворения	1
малиновца но	1
носить их	1
уж меня	1
совсем станет	1
середка была	1
исполняла настолько	1
очень верно	1
бледнеет но	1
погубил и	1
именно в	1
как росла	1
которых не	1
впрочем два	1
с них	1
спрашивает странник	1
вон крикнула	1
него произошло	1
часов не	1
легко в	1
просто надоело	1
мечты ее	1
пью откликался	1
беда вчера	1
дерева аннушка	1
назло ес-пер	1
беспрепятственно еще	1
думала матушка	1
поигрываете? это	1
мешало им	1
пришел взойди	1
сопровождалась несколькими	1
привязались прерывала	1
малиновце нас	1
другими немедленно	1
было иван	1
не просил	1
нашими обедами	1
нарушено было	1
причину своего	1
она маврушу	1
тебе целый	1
строптивою и	1
и собравши	1
сыты девушки-красавицы	1
угрожающий жест	1
рабство есть	1
отмщения при	1
только тот	1
следует по	1
богом наверх	1
и оболтуса-мужа	1
вперед но	1
на руку	1
сестрица как	1
даже это	1
даже приготовление	1
генерала замуж	1
тетенек вытеснила	1
тоже брильянты	1
дождик дважды	1
грудью он	1
из которого	1
посланная уж	1
говоря тут	1
такой божий	1
сильное любопытство	1
обернутое в	1
детям воспитание	1
не троньте	1
комнаты крошечные	1
и лицо	1
благодарностью приму	1
разве не	1
провизию для	1
житие может	1
эта по-видимому	1
догадывался что	1
картине начну	1
должен принять	1
даже памятников	1
случилось однажды	1
по несчастью	1
же шага	1
извещением что	1
ней возникал	1
гневалась явно	1
мужа отравой	1
этой щец	1
и настоящими	1
больше досадовало	1
бы личико	1
она встала	1
по пригорку	1
домой пригоршню	1
с жиру	1
дворовыми разрешались	1
деле по	1
мог пожаловаться	1
где он	1
так до	1
приставлена я	1
исключение составляли	1
собираться во	1
достигнув глубокой	1
и сапожника	1
дети жаль	1
села слышится	1
лущить лущит-лущит	1
ретировался ни	1
могло взять	1
удар всей	1
был назначен	1
не выгоды	1
не вмешиваюсь	1
присутствие духа	1
после с	1
встретили он	1
над пяльцами	1
дом погружен	1
иконописца он	1
а будешь	1
он понимал	1
помещалась его	1
и почище	1
догадалась распорядиться	1
пару вырядился	1
операцию отлично	1
просьбу то	1
обедами разговор	1
шутки но	1
князя оставить	1
мимоходом в	1
к исполнению	1
к двери	1
смотрите какая	1
шепчет не	1
повернул странник	1
и время	1
господней заповеди	1
трогай их	1
за ваших	1
к углам	1
нам еще	1
самая искренняя	1
своего князя	1
сударыня выезжать?	1
неладное что	1
вы сударыня	1
заколет тебя	1
ешь? голодна	1
хлеба ей	1
качестве камердинера	1
нитки разорил	1
что сегодня	1
была доведена	1
так мило	1
негодуя прибавляла	1
понимает губы	1
неурядицу в	1
думали вдруг	1
пес врет	1
им ничего	1
в голосе	1
через комнату	1
будешь хлебы	1
ивану в	1
греха приезжаешь	1
павлову комнату	1
с впалою	1
меня сударь	1
он усиливается	1
павел как	1
пропадет на	1
послаблений она	1
завязывался диспут	1
в застольной	1
отец тихи-тихи	1
иван коли	1
места на	1
познакомилась? обращается	1
что сала	1
холодной печке	1
ест? беспрерывно	1
кладбище и	1
развивает проект	1
за другой	1
муж нет	1
была наша	1
место в	1
дворовых мальчиков	1
ничего нет	1
смолоду и	1
не выкупится	1
порядки и	1
зимы наверху	1
вспомнит вымолвит	1
но кличка	1
добра было	1
скользнула на	1
ни вражды	1
мере разумения	1
выводом и	1
знакомых-то всех	1
льготному житью	1
неблагодарною со	1
еще подумать	1
голову исполняя	1
матушки очевидно	1
и помолчи	1
тетеньками сходила	1
наезжали в	1
дам хорошо	1
спокойна в	1
да попеки	1
поживать мирком	1
приводили в	1
нее ибо	1
и швыряет	1
молоды замуж	1
полном смысле	1
даже чай	1
сведут так	1
относилась как	1
крепостной среде	1
не широко	1
уж в	1
меня брала	1
было от	1
прелесть танцует	1
самом монастыре	1
работы нашлось	1
преимущественно сватались	1
заглядывали в	1
должно быть	1
menu завтраков	1
запросто мужчины	1
рода человеческого	1
мечутся как	1
цыц язва	1
взять и	1
дверьми поклонится	1
уголок и	1
часов до	1
одних и	1
подобие точно	1
катюшка оказалась	1
льет я	1
жить уж	1
самом начале	1
ведите в	1
а шляется	1
наглый бурные	1
хорошим господам	1
брехать и	1
свои услуги	1
сестрицыной горничной	1
за другим	1
нее оброк	1
нужные без	1
я брат	1
размахивая руками	1
мещанка и	1
вечером у	1
все такие	1
приняла на	1
праздникам о	1
ее не	1
домашнему бунту	1
слуга вот	1
крутое решение	1
непрестанно матушка	1
отъезде хоть	1
обыкновению аннушка	1
новости горячится	1
поучать она	1
объявляет что	1
ключница но	1
крамольным и	1
не делен	1
мной извиняться	1
едем в	1
и отдыхает	1
коварным образом	1
нем подобное	1
пойдет навстречу	1
побыла хорошенько	1
пор будет	1
взгляда установившегося	1
сподобитесь венцов	1
помню как	1
как к	1
решилась поступить	1
его облупит	1
села существуя	1
случится настоящая	1
еды да	1
прислуги он	1
как солдат	1
сама гюленсор	1
кроме голода	1
и льет	1
коли ты	1
решительно вчера	1
сим приедет	1
к беспрекословному	1
всякого блеска	1
рабство утешениями	1
крепостным замужем	1
ничего а	1
ступай с	1
двора но	1
девушки раз	1
терентьевна а	1
говорит сама	1
к другому	1
какую болезнь	1
и другое	1
затеять когда-нибудь	1
ему самому	1
и домочадцы	1
будет праздновать?	1
лежебок догадаться	1
ученье к	1
прохорыча будет?	1
хозяина другой	1
барский а	1
поэтому рука	1
неделю да	1
яркая картина	1
оброк и	1
господин рабов	1
наоборот сказочному	1
что вслед	1
вмешательству отца	1
и сомнительного	1
ладно подожду	1
только мигающее	1
никак с	1
коротким туловищем	1
слои сала	1
без дальних	1
ежели купец	1
продолжала праздновать	1
за которыми	1
не пускают	1
вытерпел я	1
следила за	1
заутрене святоша	1
несет в	1
положительно могла	1
строптивой рабы	1
рассуждение о	1
отцом не	1
печки топить?	1
уголка почти	1
ваших женихов	1
степени опостылела	1
то чтобы	1
который сам	1
земского суда	1
салтыкова-щедрина.)] в	1
прежде игрывали?	1
этот состоявший	1
только место	1
это деньги	1
посошок и	1
напала на	1
толстых как	1
вспомнила матушка	1
исключительно одну	1
пробыл у	1
них происходит	1
с дочерью	1
будущее воскресенье	1
но имели	1
исподволь переходил	1
а встань-ка	1
и стеречь	1
не въезжий	1
в условленный	1
что-нибудь слышал	1
шутки шутил	1
конец домашнему	1
брильянты бывают?	1
князя унеси	1
гудение так	1
отнеслись они	1
нужно сказать	1
maman мсьё	1
главное затем	1
еще озорство	1
не обошлась	1
в сравнении	1
народ спасти	1
пройти через	1
дней как	1
или неподвижно	1
да каким	1
того иван	1
все домочадцы	1
скрыться за	1
на обе	1
смысл речи	1
такова и	1
затрапезном сюртуке	1
строптивое но	1
и горькими	1
анкой-каракатицей нередко	1
которое совесть	1
достаточно-таки обильных	1
непрерывное и	1
теперь же	1
вниз по	1
до минимума	1
а уж	1
сударыня будет	1
течение своей	1
силу ничего	1
целый месяц	1
семья в	1
существует на	1
лизание раскаленной	1
сложился свой	1
его за	1
случайности и	1
пригласила что	1
ним впрочем	1
долетало это	1
целый мешок	1
была одета	1
э да	1
с перцем	1
обучало дворовых	1
бы сбежит	1
что этого	1
двух факторов	1
силою убежденного	1
ежедневных разговоров	1
приискать для	1
девки кто	1
он изнывал	1
до самого	1
дальше через	1
при крепостном	1
них только	1
питание и	1
обнявшись по	1
лет я	1
на другое	1
своей не	1
покроет его	1
прикрикнуть на	1
фермуарчик крестик	1
мысли ее	1
она кажется	1
пожалуй пригласила	1
сам же	1
мира и	1
решила до	1
испугу только	1
в начале	1
дворне в	1
или напротив	1
господам я	1
отдыхает стало	1
ежели насильно	1
ли переговоры	1
шли наши	1
нечего и	1
в новокупленные	1
ключница даже	1
с своего	1
вышел плохой	1
не дает	1
гусь чем	1
и горюшка	1
ли его	1
ваша дочь	1
ее мерзавку	1
можно работу	1
вы ругаться	1
предлагали перевести	1
тоже ведь	1
менее решила	1
неделю-то три-четыре	1
о величине	1
выпорол аришку	1
гл х-ю	1
скрывала свой	1
повиновалась но	1
отпустили по	1
предупредивши она	1
гусиным жиром	1
убивал и	1
не изменилось	1
то-то что	1
нимало не	1
порфирыч проснулся	1
именно когда	1
часа можно	1
бы отрицанием	1
были действием	1
мерзавцев да	1
молча проводила	1
наступил бесповоротный	1
сам вставал	1
работал в	1
жену от	1
сутки точно	1
гармонии играет	1
он тут	1
длинный-длинный совсем	1
чтобы кто-нибудь	1
в монастырь	1
над могилами	1
раны следует	1
задушу проси	1
нею в	1
сидит он	1
управителя и	1
в кухне	1
для выездов	1
ее под	1
мать и	1
рассказывал он	1
порах по	1
что губы	1
действительности возникала	1
одну из	1
спорилась тем	1
не дало	1
прогневался жена	1
особый отпечаток	1
отапливать дом	1
сказать они	1
потом и	1
нездоровы сами	1
господ мол	1
невозможно некоторое	1
считала лакеев	1
день утром	1
знал ничего	1
могла достаточно	1
есть бедного	1
могли укрыться	1
всей дворне	1
среднего роста	1
и вновь	1
и заприметил	1
переходил на	1
придется тебя	1
обесчестить крестьянскую	1
маврушу они	1
нее ни	1
тому одному	1
ванька-подлец будут	1
либо совсем	1
об чем	1
внимания матушки	1
не поставлено	1
же возложили	1
закрепощении силу	1
недолгий сестрицын	1
нему ходить?	1
с отворотами	1
и живо	1
чего в	1
и господа	1
поступили сравнительно	1
чурбану поклониться	1
божьим странничком	1
христа пускай	1
бессвязное сновидение	1
оставила свои	1
имею желание	1
либо сердца	1
полтора отец	1
и мы	1
ибо хоть	1
известно во	1
по мне	1
с этим	1
прошедши подсказала	1
минула смерть	1
точно ли	1
зачитывались им	1
малорослая приземистая	1
пришел? пришел	1
была принята	1
напакостит либо	1
повиноваться это	1
руками отчего	1
был какой-то	1
венчики для	1
намерения зато	1
без которых	1
понравилась вчера	1
убеждаться что	1
ад думалось	1
бы слишком	1
только одно	1
случае павел	1
и запирает	1
упоминал и	1
помолчи на	1
решение оказывается	1
случаев он	1
лакейскую покуда	1
волосами встряхивает	1
перед ними	1
не я	1
настоящий муж	1
жизни должны	1
сестрице с	1
даже белесоватые	1
к конону	1
отчаянные самый	1
бог так	1
оставляла его	1
всякого господина	1
слов она	1
хоронить маврушу?	1
которою пользовались	1
как ее	1
походка у	1
он нравом?	1
еще хорошо	1
а госпожа	1
она девушка	1
столпились глядят	1
аннушки о	1
бунтовскими хоть	1
состою только	1
оказались напрасными	1
между мелкопоместными	1
малиновец увезти?	1
приветствовала его	1
малиновец разумеет	1
какая же	1
дышал в	1
отъезда родные	1
в ушах	1
пришел? зачем?	1
собираясь наверх	1
ивана и	1
утром едем	1
спальную а	1
праздника у	1
легким трудом	1
различает язвительную	1
притупила в	1
умерла в	1
практический выход	1
всех вообще	1
березку-то самосадочную	1
зашла уж	1
сколько-нибудь освежить	1
житий святых	1
уступить матушка	1
сложился в	1
с балагуром	1
крайняя неприхотливость	1
вперед вдоль	1
его точно	1
молвил он	1
по-отечески наказывали	1
шляется батюшки	1
он непременно	1
вступать и	1
по-твоему значит	1
салтыкова-щедрина.)] позавидовала	1
из всех	1
разом шельмец	1
довольно распространенною	1
положение от	1
обыкновенно затихала	1
оказала сопротивление	1
рога тянул	1
разрешалось дышать	1
человек размочит	1
был все	1
трудом произносит	1
через три	1
сущности мысль	1
фамилии перепутывал	1
пойдет коли	1
павел отрицал	1
пробовал и	1
несуразная что?	1
видя отпор	1
существование ее	1
противоречия наталкивала	1
как угорелые	1
раз будущий	1
воззрений и	1
муку принять	1
аннушкины проповеди	1
желания жениться	1
все-таки сдерживалась	1
с изъяном	1
то выяснилось	1
манером я	1
глаз клещевинова	1
она настолько	1
терпеть выговаривала	1
сначала робко	1
на матушку	1
сгинет один	1
не пробороздила	1
еще ни	1
на растерзание	1
все скажут	1
представлялся тогда	1
одежонку взял	1
гостях не	1
в тупик	1
одно что	1
памятников настоящих	1
со старостой	1
молчальник он	1
обтерпевшееся существо	1
одета как	1
трое серег	1
прислушивается и	1
него рассудок	1
он отбился	1
нужным объясняться	1
лакеев из	1
и мальчика	1
молвили только	1
не хуже	1
тетку прибавляла	1
кроме господского	1
ей стоило	1
нашла для	1
им видимое	1
игрока меня	1
однажды приняв	1
тоже люди	1
во-вторых что	1
зверских инстинктов	1
зато и	1
она вполне	1
дремать в	1
все-таки засыпали	1
до нищенства	1
упорствовали отдавать	1
мастера как	1
недоброе сердце	1
конца и	1
аннушку могут	1
случалось только	1
оставить а	1
легко могла	1
распоряжениях вообще	1
сложены разрушатся	1
мужской прислуге	1
чем в	1
пройти их	1
не пробуждала	1
он вскочит	1
ли о	1
принять и	1
а мавруша	1
мешаться не	1
иногда матушка	1
в самое	1
рубашке навыпуск	1
бледная улыбка	1
не ты	1
ты вольная	1
граничило с	1
рук маяться	1
чего-нибудь над	1
эти обязанности	1
глаз долой	1
что встречи	1
то довольно	1
критики коли	1
не осуществился	1
тяготеть над	1
спасти душу	1
отвечала нехотя	1
бог-то как	1
одобряют ее	1
кем угодно	1
хлопотуновы голубовицкие	1
не трогай	1
между фактом	1
наша не	1
живем нас	1
ни возвестить	1
ольгу порфирьевну?	1
нем таилась	1
ума болтаешь	1
нами] ваша	1
обдумывала но	1
осложнений в	1
постели полуодетый	1
смотрит на	1
горе добровольной	1
м е	1
комнату не	1
каждого тогда	1
одинаково признавали	1
кругом налоя	1
громадный лоток	1
прав ли	1
возобновить прерванную	1
про тетеньку	1
тут случилось	1
работать должна	1
отпускаются тебе	1
поневоле и	1
заметили помилуйте	1
одна добрая	1
силе мавруша	1
завтра обернут	1
сторону иван	1
осьмнадцать лет	1
тихоня берегись	1
пытался силою	1
резко оборвала	1
и возможности	1
принесут ему	1
теперь поняла	1
делает? по	1
раз брехотня	1
и какое-то	1
так? в	1
заплечного мастера	1
мне лично	1
швыряет на	1
не угадаешь	1
заходил вечером	1
на небе	1
какую нельзя	1
труд павла	1
быть бламанжей	1
мог выносить	1
конону так	1
как девки	1
полчаса большую-большую	1
она плавно	1
завсегда я	1
она каким-нибудь	1
подобного матушка	1
когда на	1
переулке девица	1
благодарностью так	1
для церковных	1
нынче не	1
краденое не	1
подкашивались под	1
ту на	1
хорошо хоть	1
левом клиросе	1
из дехтю	1
существе глаза	1
сбылось маврушу	1
что могло	1
матушку и	1
есть обучавшаяся	1
пытался вызвать	1
бы пропустить	1
часов с	1
вот вам	1
хорошо сделали	1
это относилось	1
сначала слабо	1
взглянул на	1
отдавались тихо	1
бесед конечно	1
это я	1
его лично	1
стояла перед	1
за прочими	1
так недавно	1
тебе покажу	1
лакей в	1
гуслях играл	1
устроилось семен	1
совсем другой	1
начали около	1
брильянты да	1
совсем незнакомые	1
ты мое	1
что нельзя	1
бывают говорила	1
громче даже	1
должен однако	1
его знает	1
специальности каждого	1
уж ничего	1
воскресенье яичко	1
мне оно	1
дамы засели	1
сестрица уже	1
дней творил	1
воздухе ладно	1
фордыбаку скажут	1
себя неизреченное	1
один как	1
отродье скажите	1
твоя дворянка	1
рабу известно	1
и переделывал	1
и которому	1
дворовыми совершались	1
у самой	1
иван-цирульник а	1
небольшую деревянную	1
уйдет в	1
в обстановку	1
особенности произвели	1
этой случайности	1
отношение к	1
иван вовсе	1
конюшне и	1
взял в	1
который до	1
мне однажды	1
странным переполохом	1
с квасом	1
краску трет	1
ни горько	1
заглядывая мимоходом	1
святым не	1
наполняется исключительно	1
какое положение	1
мужицкому веселью	1
будет жрать	1
в себе	1
полные сусеки	1
решено не	1
всех отвечает	1
десять и	1
и сделаю	1
зале бьют	1
без исключения	1
спор последняя	1
закон? что	1
я знал	1
беззаветное и	1
томили веселые	1
есть понимаю	1
раскрыл рот	1
то возвращаться	1
мирной кончине	1
самыми руками	1
любопытство неоднократно	1
свой бесцеремонный	1
бесповоротными и	1
время наматывали	1
будто она	1
сказал себе	1
круг и	1
не была	1
перед окном	1
был изумительный	1
он конон	1
раз девушки	1
жил с	1
подобных отсутствий	1
стадо распустит	1
спрячьтесь в	1
которые почему-либо	1
теории как	1
свой брат	1
мужички живут	1
суставчика во	1
отощал ты	1
менее затрогивала	1
господи да	1
[что это	1
менее все-таки	1
что ивану	1
взыскивает а	1
вонь фу	1
с дедушкой	1
вру? это	1
она живет	1
поступили по-отечески	1
вообще дворовых	1
гробу девки	1
вина не	1
качестве христовой	1
святые-то приказания	1
узнал что	1
не ради	1
целуются да	1
смотрите смотрите	1
так полно	1
не евши	1
поделать не	1
словом и	1
голоду морят	1
пор она	1
и поставили	1
на расход	1
побери не	1
кроме заведенного	1
вашескородие однако	1
ответила через	1
или полтора	1
продолжает язвить	1
имение его	1
придет и	1
добившись бриллиантов	1
рукав его	1
буквально бежала	1
вражды ни	1
обстоятельного человека	1
она находилась	1
впрочем она	1
сиди ворона	1
чаще чем	1
ретивая она	1
сближений павел	1
нее белели	1
волк сказывают	1
да негде	1
таких фактов	1
эти отчаянные	1
и ползало	1
с дядей	1
nous soit	1
в большом	1
матери коренных	1
мешали обоим	1
дом дармоедок	1
свое хозяйство	1
речь идет	1
я упоминал	1
ни с	1
пуговицами на	1
всё ежели	1
появляется вновь	1
было одну	1
раз на	1
церковных служб	1
делать назло	1
ответа развязно	1
меня своего	1
семь сынов	1
них с	1
только под	1
на господ	1
бы ему	1
позвольте то-то	1
людей действовали	1
ни делал	1
аннушку постегали	1
точно на	1
когда вышел	1
временам на	1
благодарностью принимать	1
покажется да	1
спрашивали мы	1
явилось в	1
тетеньки прощаются	1
в женихи	1
служба эта	1
бестолковой рабой	1
то непременно	1
то мертвое	1
проходили за	1
торжке где	1
матушка любуясь	1
зреет какое-то	1
гнилые да	1
торговлей занялись	1
коричневом фраке	1
около дома	1
забывая кратковременную	1
он чему-нибудь	1
другой форме	1
высказаться ну	1
исправно как	1
услышит ежели	1
стоит человек	1
хорошо пусть	1
наши отцы	1
собой щеголь	1
того она	1
небесный за	1
ноги ноют	1
общую ноту	1
формальным образом	1
которые упорно	1
старые подвиги	1
сыпать угрозами	1
для всего	1
вообще между	1
отрицанием действительного	1
попадется уж	1
избы в	1
но над	1
сельский заседатель	1
обрящин привез	1
в крошечной	1
свойственном специальности	1
шкуру с	1
конькой или	1
я бы	1
самого рослого	1
мать ну	1
паутиной стекла	1
чтобы маврушу	1
будет решительно	1
за меня	1
каких еще	1
имели во-первых	1
ее западает	1
васильевна вступитесь	1
подают куска	1
играли гувернантки	1
дылду сварило	1
силу которого	1
и невдомек	1
что вечер	1
в дети	1
при первой	1
заранее совсем	1
все-таки повторяю	1
будет охранять	1
внезапно со	1
большую-большую груду	1
большое большое	1
время забывала	1
за свои	1
в пространство	1
его аборигенами	1
руки посошок	1
с ним"?	1
машину привезли	1
которых возможно	1
зажиточного крестьянина	1
что еще	1
назначенный приемный	1
любопытствует которая-нибудь	1
попытался было	1
минуту и	1
или с	1
угорелые отсюда	1
книги читать	1
и затворялся	1
хлебы она	1
себя вполне	1
слуга не	1
беседу жалобы	1
качествами которые	1
часов проводив	1
взгляды на	1
никакой материальной	1
оброку матушка	1
злонравна но	1
житье было	1
в распоряжениях	1
чтоб последняя	1
слышалось подозрительное	1
встает и	1
знать что	1
случае и	1
любопытствует госпожа	1
отнять у	1
позову да	1
все бессознательно	1
сколько мне	1
настолько угомонились	1
проч были	1
который сделала	1
не хворая	1
умеет предупреждал	1
того матушка	1
посмотреть на	1
исподволь свел	1
месячины непокорным	1
будет говорит	1
возиться с	1
терентия прохорыча	1
это была	1
коров выдаивать	1
они никогда	1
поэтому павлу	1
не останавливались	1
так взволнована	1
хожу да	1
не давала	1
матушка отвечала	1
возвратившись в	1
и косили	1
меху с	1
все имения	1
языке что	1
сказав что	1
ноют это	1
мужа во	1
павел приводил	1
дорожили больше	1
испытание царь	1
не уцелел	1
мол мимо	1
что хотите	1
еще немножко	1
правду что	1
ему вперед	1
и возражения	1
такую машину	1
словно пустые	1
голове стола	1
виду неминучей	1
голод не	1
как звезданет	1
изредка она	1
притом бессвязное	1
поклонилась мужу	1
три-четыре часа	1
раздашь бог	1
щеголь но	1
окна видел	1
вскочит а	1
нею и	1
на бедность	1
идти в	1
найдешь была	1
такой среде	1
вчера на	1
кормилец да	1
прочими вышлет	1
преследуя исключительно	1
отступлений от	1
я велела	1
зачерпывала в	1
девушек невзгодах	1
тягло которое	1
монастырь скрылся	1
мер к	1
тени неудовольствия	1
из дворовых	1
которому даже	1
кадриль обещана	1
всего только	1
следили чтоб	1
и слова	1
да грабежом	1
жениться то	1
из москвы	1
по профессии	1
пьянчужка держи	1
месте зевнет	1
которые могла	1
дочь и	1
с невестой	1
имел она	1
истории матушка	1
отвечает да	1
уставленный стопками	1
гляди гости	1
не назову	1
непременно что	1
иной звезд	1
глядит моргает	1
будет было	1
слово еще	1
ладком сыновья	1
шапку упечь	1
поэтому надо	1
являлась тогда	1
подремлет что	1
совершенно хладнокровно	1
и страстно	1
и искрятся	1
нее настоящие	1
надо отдать	1
крестьянами и	1
малиновецкой церкви	1
любуйся собой	1
ли надуло?	1
но если	1
дармоедами по	1
внушить господам	1
мысль они	1
к предстоящей	1
натурально эти	1
к пастуху	1
нам? ехали	1
подает а	1
неминучей беды	1
просто скажи	1
сбежит она	1
и определяла	1
а сверх	1
шематон стоит	1
или вообще	1
виду этих	1
прежде квас	1
будь он	1
устала что	1
беру исключительно	1
вольная какая	1
пойдет да	1
главе но	1
времена осужден	1
павла вызвали	1
при отце	1
бегала сломя	1
сказывай что	1
другой и	1
него всякая	1
громадном большинстве	1
грозное письмо	1
матушка охотно	1
болтаешь заметила	1
длинные изжелта-белые	1
домашних работ	1
него спереди	1
деревню и	1
одного с	1
на зимнее	1
границей машина	1
скрывается за	1
вы да	1
это всегда	1
ж ты	1
это водилось	1
иисусе христе	1
погром матушка	1
сокровища нажил	1
никогда он	1
задумалась хотя	1
проси обращается	1
на сохранение	1
себя бессильною	1
обязательными и	1
грошу за	1
больна милости	1
возникает вопрос	1
то именно	1
запрещениях главную	1
к ключнице	1
гостя он	1
не предвидел	1
некоторые из	1
сестрица отчасти	1
велю я	1
я смотрю	1
лёгость словно	1
подобно аннушке	1
клещевинов напоминает	1
ей тоже	1
того ни	1
отца и	1
да она	1
меня или	1
прилипли к	1
теми же	1
голове а	1
окна чтобы	1
да приезжал	1
шепчет представьте	1
комнате сидели	1
и водвориться	1
он скорее	1
награду героем	1
достаточным не	1
надвязывала чулок	1
возится но	1
только тех	1
помещик дал	1
непродолжительных переговоров	1
и тетенек	1
чем спрашиваешь?	1
совершенно вопреки	1
акулина умолкала	1
вечерам собирались	1
для прочей	1
думаешь матерью	1
не идет	1
всем становилось	1
рабом если	1
учатся девушки	1
обогрел а	1
не шематон	1
теперь то	1
то едва	1
положим что	1
повиновалась и	1
матушка но	1
степкой-балбесом величают	1
проймет ведь	1
потом явственнее	1
этот дух	1
дворовые но	1
надругательства буду	1
дочери не	1
эй девки	1
матренке и	1
истязать будут	1
которое препятствовало	1
приятно на	1
милость божья	1
суровой действительности	1
он живет	1
отвечай долго	1
неприятная что	1
проститься с	1
от жены	1
и храмы	1
на церковь	1
облака отпускаются	1
уж конечно	1
малиновецкая девичья	1
рождении придавило	1
господин властны	1
рода общий	1
святые а	1
ходил обедать	1
это едет	1
было отказать	1
для употребления	1
наконец решила	1
конон и	1
учила она	1
с шести	1
девичьей но	1
после обеда	1
иван вместо	1
рук и	1
и подкормили	1
своего барина	1
ли? колье	1
вот он	1
два факта	1
под давлением	1
существо не	1
где всем	1
уж купила	1
было это	1
серебро словом	1
и разыгрываются	1
получить небесный	1
эка невидаль	1
так делают?	1
рабства но	1
она пускай	1
толокно а	1
огарок девушки	1
акулина исполняла	1
бабушка надежда	1
наконец не	1
затылка проломлю	1
с просвирами	1
позвать и	1
которые тоже	1
на охоту	1
и посте	1
винился но	1
говори долгоязычная	1
овладел дух	1
чистые перчатки	1
небось чаем	1
седьмой опочил	1
посмотрите и	1
грубиянами в	1
комнатам не	1
несколько раз	1
примут так	1
этого ей	1
попадаются и	1
вышло крутое	1
или ванька-подлец	1
ей получить	1
убеждением она	1
днем дети	1
старому барину	1
коли ничего	1
сделала ли	1
станет сначала	1
попеки а	1
заставили самого	1
а само	1
он спас	1
в будни	1
наконец прогневался	1
угодно ли?	1
зато всякий	1
чего жалеть	1
люди а	1
заплатил ни	1
часто она	1
разумеется акулина	1
мелькавшие на	1
сначала перед	1
обзавелась своим	1
что обращались	1
что ее	1
самом-то деле	1
существовать сидела	1
лестнице раздались	1
почище ее	1
имею-с а	1
силою убеждения	1
ел однако	1
дехтю угостил	1
ужин то	1
нет просто	1
такое множество	1
из столовой	1
покойник батюшка	1
другими ходил	1
это сознание	1
для своей	1
тебе по-намеднишнему	1
не забывались	1
того заинтересовало	1
кеси-киселя вероятно	1
оброка на	1
выглядывали из-под	1
к мавруше	1
а будто	1
есть мерзавца	1
убеждал ее	1
вот в	1
товарки но	1
д в	1
а между	1
говорит на	1
принимает довольно	1
во рту	1
односельцами родню	1
затруднился сделать	1
дала разрешение	1
отца был	1
хороший доходный	1
он иконостас	1
бессильною против	1
эта путаница	1
только привычка	1
другой третий	1
допускавшая браков	1
ему назвала	1
неделю-то на	1
назывались бунтовскими	1
своим? никакого	1
забивши в	1
ванькой-каином и	1
надежда васильевна	1
не из-под	1
девушек побежала	1
тебя бог	1
горничной сашка	1
к господам	1
что бунтовщица	1
рук по	1
молчать не	1
бы если	1
отделал много	1
дворню улеглось	1
бы опухших	1
равнодушия это	1
скажи что	1
с колбасой	1
с домочадцами	1
морщина подбородок	1
то опять	1
писания а	1
регулярностью продолжает	1
находят нет	1
улице со	1
каморки и	1
деньгами умилостивит	1
собственное заведение	1
приговор она	1
на дрова	1
слабой степени	1
начались выезды	1
в ножки	1
какую ей	1
была ровесницей	1
дешевле и	1
прислуге главнее	1
в кабинет	1
безукоризненно чистые	1
слуги вымерли	1
матренке осьмнадцать	1
дрова изведут	1
дает разыграться	1
семьи ни	1
и гам	1
ее никакого	1
учитель грамоте	1
видно было	1
просвирку скушает	1
тогда бы	1
нее по-твоему	1
колокольчик сначала	1
последней крайности	1
если ее	1
их своего	1
искали его	1
догадываться что	1
воспрещавший продавать	1
палашка сбегай	1
его стеречи	1
заживо тлеть	1
нет говорила	1
да никак	1
приготовление пищи	1
попался значит	1
смерть xxii	1
вспоминались покойный	1
ключницу что	1
рай понимали	1
молчанием значило	1
бреют и	1
дворовых на	1
князь в	1
отвечала перед	1
мы уж	1
в светлохристово	1
подобно прочим	1
заячьем меху	1
счастьем и	1
был и	1
поди с	1
чтоб ты	1
картежника выберут	1
царствовали вечные	1
тетеньки набожно	1
ты сиди	1
ее была	1
и наклонилась	1
говоря аннушка	1
тщетно уверял	1
этот же	1
не судить	1
приказаний исполнять	1
бы вас	1
нездоровье клещевинов	1
вопрос он	1
проявлений произвола	1
и мавруша	1
заведенного так	1
оттуда хохот	1
за намеченным	1
расправься-ка с	1
они жили	1
же есть?	1
неумолимые что	1
которого совсем	1
тем он	1
немолчно гудел	1
речи эти	1
вот за	1
усмешечки в	1
денег или	1
же отвечал	1
прозвал его	1
стриженый мог	1
из училища	1
когда ванька-каин	1
он возьмет	1
и ушел	1
изменяясь ни	1
ухватиться а	1
выносить выражения	1
тебя точит	1
неудобно этак	1
которой раскинулось	1
зародыш подобно	1
тому же	1
замуравленная усаживается	1
несколько страниц	1
поняла только	1
а грабил	1
это гудение	1
заставлять господскую	1
беседах точно	1
отсутствий повторялись	1
дня сряду	1
барышню отдышится	1
затрогиваются по	1
там-то или	1
сентябрь уже	1
что крестьяне	1
и старые	1
своими сокровищами	1
о какой-то	1
погост другие	1
точностью не	1
разлито во	1
не один	1
и почесывается	1
более возмутительных	1
не предвещает	1
себя павлушка	1
что аннушка	1
не допуская	1
последствия могут	1
выдать анку-каракатицу	1
перед строптивым	1
напутает что	1
унялся но	1
продырявившимся тетенькиным	1
зажеманилась ах	1
же высказаться	1
а во-вторых	1
батюшкиной могилке	1
настоящая истерика	1
умеет хлеб	1
приравнивать нет	1
известно зима	1
человека поселили	1
постоянно покачивался	1
жениться? спросила	1
глубоко ненавидели	1
употребления когда	1
лиходейка голод	1
господская и	1
буду благодарить	1
на цыпочках	1
что самая	1
помещичьей усадьбе	1
которой помещалась	1
идолам с	1
которую нанес	1
на работу	1
довольно поверхностно	1
во всякой	1
смысл говорил	1
не угодно	1
тебе когда	1
спрашивать надо	1
яйцо и	1
весела и	1
обедней апостола	1
обходилось не	1
только полевые	1
отдали в	1
прохорыч желает	1
совершенно случайно	1
которых указывала	1
матушка затосковала	1
захолонуло попался	1
лишь настолько	1
мотающиеся руки	1
заболотье уедет	1
чем не	1
крестьянам при	1
известно задумал	1
всякую муку	1
допуская мысли	1
церкви но	1
в руку	1
точно так	1
и во	1
же в	1
вместо постели	1
продолжает тогда	1
посмотри на	1
кончаясь дома	1
и считал	1
в прежней	1
неопрятность которая	1
свободною только	1
знакомы едем	1
тому была	1
решилась следовать	1
как цепною	1
матушка однажды	1
общем аннушка	1
робко потом	1
и покачиваясь	1
что никто	1
в страдное	1
господские дети	1
братец прежде	1
время строго	1
правления готовы	1
небесное не	1
какое-то решение	1
ли так	1
измывается а	1
и баб	1
прочие убеждал	1
удобно особняком	1
относился к	1
приносили в	1
требовалось по	1
тебя разом	1
нередко замечали	1
церковных свечей	1
на фордыбаку	1
передние зубы	1
ненила терентьевна	1
к сестрице	1
деревням а	1
гувернантки как	1
легким сердцем	1
братцы в	1
решительное слово	1
почти все	1
веселою вообще	1
князь его	1
значит господа	1
ее рабством	1
мигом устроилось	1
не сомневался	1
ближним не	1
выкуп внести	1
ни наружно	1
не заглядятся	1
полно и	1
честными слугами	1
вами за	1
посвистывает то	1
видела ах	1
уклонился рабы	1
с широко	1
причинит а	1
существо страдало	1
барыни и	1
конец целые	1
что мозги	1
его месте	1
господин раба	1
не даете	1
даром вечером	1
делается не	1
веселью я	1
опасения ваньки-каина	1
шутовских слов	1
сравнительная слабость	1
исполняла барское	1
как прочие	1
не выполнив	1
чему а	1
с женской	1
только там	1
опять мирону	1
что девушки	1
общем фоне	1
к печке	1
три месяца	1
ее было	1
великому огорчению	1
но всеми	1
матушка замечает	1
скучивалась крепостная	1
и который	1
личных сношений	1
их чудачеств	1
поспешно схватила	1
сказаниями о	1
страхом следили	1
девичьей имели	1
девица в	1
заказов отощалые	1
веселый отзывчивый	1
больна нет	1
в превосходном	1
но производили	1
чем больше	1
почувствовала что	1
время она	1
и бреют	1
в солдаты	1
силком замуж	1
всех под	1
спрашиваешь? в	1
кто там?	1
заставе недолгий	1
рука ее	1
и одни	1
ножей метение	1
содержание ярма	1
и смягчала	1
ни угрозы	1
не тронь	1
делайте хоть	1
пришли так	1
очевидно намерение	1
ли и	1
эти девки	1
собралась если	1
спина моя	1
куда ваши	1
что завтра	1
каких венцов	1
угрозами он	1
на запятках	1
и зачем	1
приносили обед	1
участвовали в	1
в царство-то	1
же ответ	1
болтай лишнего	1
сколько иная	1
новые слои	1
и жить	1
купец где	1
числу тех	1
с своим?	1
налетела на	1
пишет она	1
барыня вынуждена	1
по-твоему как	1
обстановки какова	1
сударыня поклонюсь	1
в комнате	1
во всех	1
четверть часа	1
он приезжал	1
например можно	1
перед собой	1
мужика берегли	1
спокойствие до	1
лгала два	1
с ненавидящей	1
растянулся ах	1
ты за	1
многострадальная выискалась	1
больше повторять	1
и уйдет	1
странник перечислять	1
бросили живу	1
с репутацией	1
крохотною когда	1
да вычистил	1
и истерику	1
ее привели	1
временем судом	1
с чужих	1
не дала	1
затосковала к	1
девушки на	1
пару заглянуть	1
дальних рассуждений	1
пожаловаться на	1
своего сокровенного	1
что бразды	1
какое-нибудь впечатление	1
умилостивит заступу	1
он тоже	1
штука была	1
эфимерного чувства	1
несносно долго	1
увезли в	1
знал твердо	1
порфирьевне но	1
вздумают ее	1
здесь работа	1
будням в	1
шел он	1
житье зато	1
он столбовой	1
собаки грызутся	1
узница в	1
сказочному разбойнику	1
он братцу	1
смеет как	1
запало позову	1
ж очередь	1
которая упала	1
нечто подобное	1
распространенною в	1
награждали дворовых	1
акулина савостьяновна	1
или трудна	1
которых они	1
принесли но	1
без разговоров	1
федот грех	1
думалось ей	1
въезжий дом	1
с какою-то	1
к обедне	1
руки дается	1
первый ограничительный	1
хоть вы	1
своей затее	1
так охотно	1
и поручал	1
сбирайте барышню	1
с размаху	1
кушанья не	1
наше ездило	1
тебя замуж	1
однако брат	1
сидят тихо	1
отдала бы	1
переходить с	1
здесь об	1
настоящий раут	1
чему? огрызнулся	1
адептов ее	1
подавался только	1
отдохнули но	1
строптивую рабу	1
задача эта	1
цирульник года	1
мол ты	1
при которых	1
жили стало	1
редко-редко с	1
поездки ее	1
церковь говорит	1
преспокойно шляется	1
вглядывалась в	1
наверх вообще	1
свою просьбу	1
ангел божий	1
самые волосы	1
на краю	1
у князя	1
просвета в	1
основания приписывала	1
стриженым благо	1
была насквозь	1
широко раскрытыми	1
смерти почувствовала	1
ими сестрица	1
надел что	1
испортила его	1
ненависти покамест	1
умолял павел	1
клянусь вам	1
отец задумывался	1
насчет будущих	1
сходились во	1
кажется перетираю	1
ни слова	1
в помещичьей	1
это возражение	1
ли об	1
божий странник	1
да у	1
что вовремя	1
гнев гармонику	1
ломоть черного	1
уезжала то	1
общей невзгоде	1
широко у	1
но у	1
напомнили золотое	1
подсказывал ей	1
покуда мирволил	1
веселенькая матерьица	1
не достала	1
согласной их	1
заказчикам и	1
предположении она	1
и просвир	1
она лишившись	1
и матери	1
было нутро	1
то будет	1
москвы и	1
будет кутить	1
отдатчику с	1
задерживается в	1
проносится громкий	1
рассудит то-то	1
перед собеседниками	1
для барского	1
конюшню приказывала	1
а для	1
если люди	1
выкупится стало	1
летами ее	1
возможность подобной	1
старых бабушек	1
буквально что	1
что существует	1
всех заставило	1
праздникам надевал	1
происходит что-то	1
быть ей	1
дети не	1
бы пора	1
его подлеца	1
крайних случаях	1
него противно	1
это тоже	1
заживо замуравленная	1
мозга костей	1
кутить да	1
вообще много	1
заболотье где	1
представлялась чем-то	1
и отбывали	1
не трогать	1
другой раз	1
то было	1
бы его	1
по ягоды	1
системой прекращения	1
которым могут	1
его справедливости	1
застывшая маска	1
словно вихрем	1
был купец	1
иная добрая	1
ее голос	1
тиранство господина	1
тебя надругательства	1
вмешивает в	1
голубчик на	1
не привыкла	1
помаленьку перед	1
властной барыни	1
вы ответил	1
неподвижно сидела	1
нему стрелкова	1
порфирьевне вдруг	1
человечьему долготерпению	1
этом аннушка	1
же бодр	1
что сталось	1
могут повлечь	1
глаза его	1
состоял на	1
в покое	1
из залы	1
или прикажете	1
языки по-пустому	1
этого дело?	1
то у	1
и мирной	1
оброку очень	1
спину опомнись	1
павлыч обнадежил	1
льняным маслом	1
думает матушка	1
при прежних	1
по комнате	1
конца службы	1
через день	1
батюшка из	1
вознаграждена муж	1
думал григорий	1
дней после	1
вызвать его	1
дела в	1
черт ее	1
только анютка-долгоязычная	1
и кушанье	1
происходит какая-то	1
была первой	1
больше дай	1
занялась этим	1
это не	1
не повредил	1
относительно аннушки	1
за рога	1
немочи тяжкой	1
отпустят но	1
что другие	1
ножа длинные	1
массе и	1
не минула	1
примеры настолько	1
старину когда	1
матушки сменяются	1
вчера она	1
синем затрапезном	1
возвратиться назад	1
критики дура	1
ведите ведите	1
какой закон?	1
меня тоже	1
доверил бы	1
пошла так	1
сиротой тут	1
подорвать ее	1
сегодня засыплют	1
долгоязычная а	1
тебя тихоня	1
большой стол	1
продолжает в	1
десять спустя	1
воскресенье скотины	1
допускал аннушку	1
косили траву	1
обернут в	1
ты говоришь	1
будто успокоилась	1
ведь разум	1
же случае	1
ума в	1
испытание предоставленное	1
с четвертной-то	1
яблоки? да	1
отец достигнув	1
собирались в	1
пущу сгною	1
они на	1
золотые яблоки	1
и секрет-то	1
минуту вывело	1
воскресеньям он	1
заступу для	1
воли она	1
бывало и	1
бушевал воротившийся	1
приказания даже	1
лошадей а	1
зазорных услуг	1
вошел ко	1
проказливость каждый	1
такие великие	1
свои временные	1
потому если	1
случае поездки	1
на службе	1
привычки и	1
глаза властной	1
стало кратко	1
вы братец	1
езжу и	1
болезнь она	1
даже выговора	1
ли подлая	1
последние большую	1
старик отец	1
изумился но	1
быть во	1
слышал он	1
сегодня печки	1
победа которую	1
была как	1
и пышит	1
отцу тетеньки-сестрицы	1
ярмо которое	1
пирамидки из	1
виноватою то	1
долю только	1
его ванькой-каином	1
и другой	1
конона улыбка	1
но помещики	1
самодовлеющий начальственный	1
хорош гусь	1
второе лишило	1
спасибо за	1
увидит этот	1
приказала старосте	1
любопытствуя что	1
то злополучные	1
на практике	1
удивилась матушка	1
приказания отдавались	1
ли маврушу	1
произведенное странным	1
слушать тебя	1
раскрыла глаза	1
жену уму-разуму	1
образом лакейская	1
смирно идет	1
систему системой	1
лет есть	1
совсем невозможно	1
понимать что	1
и об	1
меня изрежь	1
под мышкой	1
дня матушка	1
немилостивый который	1
поедем это	1
настолько уже	1
инстинктов с	1
и остаются	1
сердитесь на	1
засыплют об	1
акулина и	1
смел пустить?	1
гаврило вошел	1
бесцельно бродила	1
истощались на	1
будет? бледная	1
родины но	1
впереди еще	1
его мастерская	1
стало имя	1
не жаловались	1
а тоже	1
за барышней	1
приказаниями она	1
толчея толочь	1
главу так	1
и победы	1
чтоб все	1
но разумеется	1
что эти	1
между помещиками	1
его редко	1
него дыра	1
портной из	1
утешениями от	1
аннушкой что	1
мы ропщем	1
поднялся обычный	1
окном заповедной	1
поэтому большинство	1
он полные	1
могла а	1
бы себя	1
переломил ногу	1
все ждал	1
и дальнейшие	1
там тихо	1
теснили и	1
из местных	1
этом заключалась	1
подлец делает?	1
спальню и	1
девичью разумеется	1
она работу	1
покончивши с	1
из ежедневных	1
клещевинова начинает	1
несомненно хотя	1
в сторону	1
немало от	1
что? почесываешься?	1
xix мавруша-новоторка	1
ему дано	1
всего ценила	1
на левом	1
слово кровною	1
одержала над	1
клочков душ	1
медленная голос	1
он эти	1
толокно таковы	1
накрывать? или	1
не исполняет	1
а следовательно	1
угодить своим	1
крестьян притесняют	1
спервоначалу зажеманилась	1
состоянии ни	1
задаром? вот	1
стараясь оправдать	1
квартиру ту	1
конечно сравнительная	1
возвратили в	1
из среды	1
он целуется	1
тебе конон	1
нос да	1
голос густой	1
и ответила	1
милуются и	1
ждать не	1
подумать что	1
наложу это	1
грызетесь? любопытствует	1
ежели господа	1
возразить павел	1
лучом сознания	1
нарушено и	1
загорались со	1
квас или	1
или постричь	1
погреб за	1
вполне сознательно	1
б у	1
мышкины слезки	1
тебя повернуть?	1
бриллиантов не	1
конечно повиновалась	1
только быт	1
да лаять	1
какой-то преднамеренной	1
любили красивою	1
девичьей затевались	1
покойный дедушка	1
икалось в	1
содержанием никогда	1
благословляли его	1
пору смутил	1
разжигается и	1
свой угол	1
вечер приходил	1
после победы	1
него гармонию	1
его внутренних	1
князь спрячьтесь	1
будешь получать	1
как мать	1
не состоялась	1
встретивши своего	1
фероньерки пряжка	1
не отягощали	1
его разбудили	1
гол как	1
ноту послушания	1
убили ли	1
постели и	1
ценила ретивость	1
которую сбивать	1
с удивлением	1
различая явственно	1
девичьей немолчно	1
да какой	1
участия и	1
он имеет	1
мою фенечку	1
шевелит волосами	1
мог слушает-слушает	1
колеблющаяся неверная	1
сказал рабы	1
лакейскую сядет	1
мужа и	1
помещичьем языке	1
там будет	1
человек в	1
даже любимые	1
любовь легко	1
усердными и	1
и можно	1
его ко	1
отягощали потому	1
присутствие а	1
нее закаркала	1
и ткача	1
кроме них	1
угомонить этот	1
чем бы	1
глядит тем	1
нее делали	1
для себя	1
штат их	1
аннушка бросилась	1
когда перед	1
варенья нынче	1
дани взыскивает	1
князей было	1
господа его	1
было гораздо	1
я эту	1
девичьей от	1
с обступившей	1
соучастником в	1
завидовала нередко	1
была более	1
жребием я	1
мысли о	1
вожделений никогда	1
обидеть не	1
несколькими быть	1
его слезы	1
преимуществу и	1
отвечает и	1
успел скрыться	1
взорах значение	1
голос ее	1
по-твоему стало	1
рассчитывает сколько	1
обращаясь к	1
ничего у	1
так чай	1
и господ	1
постарше соберут	1
скорее удавится	1
боковушке все	1
замахнулись ну	1
факторов в	1
я вчера	1
даже отец	1
штанах и	1
не вставала	1
тайну которою	1
не выручил	1
да никого	1
его уму	1
не ставил	1
равнодушия и	1
практических осложнений	1
я хорошим	1
перчатки beurre	1
время и	1
любознательности барин	1
задумываться думал	1
на месячину	1
выражалась ишь	1
сделали лакеем	1
лезвие ножа	1
хорошо давеча	1
вот мутовкина	1
не бьешь	1
победы мавруша	1
с другом	1
холостой принял	1
опасаясь чтобы	1
на губах	1
обыкновению ходят	1
поесть убеждала	1
к прежней	1
течение всего	1
молодежь в	1
приязненные чувства	1
предсказание павла	1
солдат явился	1
иначе нежели	1
а посмотри	1
еще годков	1
цирулен поэтому	1
к окну	1
тебя срамницу	1
вы бы	1
в зеркала	1
нельзя среднего	1
надо матушка	1
детство в	1
скушает и	1
штучку наконец	1
в ложку	1
и умру	1
решении а	1
могла пожаловаться	1
под сению	1
чтоб посмотреть	1
мелкопоместными и	1
рожала ему	1
все стороны	1
пожалела а	1
подобных собеседований	1
исключая и	1
смотри у	1
тебя дура	1
мне барского	1
уму-разуму учить	1
уже господствовало	1
мелькала мысль	1
божьей а	1
слишком-то стеснялась	1
открывает помещения	1
строптивых рабов	1
скрывала этого	1
о ваньке-каине	1
аннушки я	1
непокорным рабам	1
человеческого рода	1
не каждый	1
буре чередуются	1
на место	1
это добрая	1
обеда сестрица	1
никак ты	1
господскому интересу	1
сватовстве недели	1
жиром пироги	1
совсем перестанет	1
галереею родных	1
получалось пресловутое	1
контингент этого	1
к бездетному	1
надоело барыне	1
его из	1
дня в	1
дни зачитывались	1
веселились и	1
щеками которых	1
великом смущении	1
четвертной-то сделал?	1
в ливрее	1
пятнадцать спустя	1
матримониальные поползновения	1
доме не	1
хозяйство пожалуй	1
прислуга не	1
пускай пускай	1
вдруг она	1
однажды шел	1
то-то рыло	1
из коридора	1
наружность он	1
говорил что	1
после утреннего	1
выдумана завидовала	1
считалось самым	1
шестьдесят и	1
то-то трех	1
другое желание	1
накрывали большой	1
рассудок стало	1
какой однако	1
тебе матренка	1
разговор принимает	1
ну больше	1
этой истине	1
она ведь	1
пристально следили	1
осталось в	1
столько к	1
работе ванька-каин	1
вольная а	1
хорошее вот	1
складывал вместе	1
ближе и	1
даром хлеб	1
дела и	1
она бесцельно	1
польстили ему	1
и щами	1
а суетятся	1
выдавать и	1
знаю ты	1
xxi продолжение	1
а я-то	1
заплакал стал	1
ночью в	1
будет муж	1
фамильярностью и	1
стороннего импульса	1
спросил его	1
проводила его	1
особенности заметным	1
поступков последней	1
ругаться сюда	1
пробороздила еще	1
мешок медных	1
выражению убежденности	1
невольно спрашиваешь	1
начинает в	1
писанных неискусной	1
все пожитки	1
словно вспомнить	1
от простого	1
гусиное яйцо	1
но последней	1
какие-то особенные	1
затеянном сватовстве	1
барышня и	1
еще будет	1
бесчувственный долго	1
предстоит ей	1
доложила что	1
его видела	1
то преимущество	1
хлеба только	1
эти противоречия	1
где ты	1
наслаждение наконец	1
что подано	1
считалось недозволенною	1
чтобы дополнить	1
всего а	1
имя купцово	1
остановился и	1
сталось бы	1
месяц ее	1
одежде по	1
присутствие совершался	1
же олухами	1
подвиги за	1
которую сами	1
вчера смотрю	1
проживу ах	1
почтет и	1
руками себя	1
у последней	1
исполнял камердинер	1
господни и	1
менее можно	1
вериги рабства	1
счет просты	1
за границей	1
смотрю ты	1
сами не	1
даже почти	1
праздновать? не	1
слишком рано	1
кузнечиха то	1
пели песни	1
а приблудного	1
украдкой вот	1
поговорить как	1
барыня и	1
одного без	1
вообще всем	1
для этих	1
из уголка	1
обеим ланитам	1
они давным-давно	1
от своих	1
существо деликатное	1
с самого	1
кодекс этот	1
с бестолковой	1
вьет кажется	1
взял с	1
тут опять	1
в толченый	1
шутовство и	1
и возок	1
мое горе	1
сапог придет	1
лай который	1
иное как	1
могла допустить	1
баулы уносит	1
ли? завтракать	1
саврас щелкопер	1
чуть не	1
наказанием но	1
сядет на	1
не пускали	1
два дня	1
интересы тем	1
сторон слышались	1
в гостиную	1
тихони на	1
как тебе	1
до смерти	1
но одного	1
кажется питала	1
волосы его	1
рогожу взвалили	1
крестьянского безвременья	1
что подлец	1
ж по	1
временам он	1
к алемпию	1
назову ее	1
позвать предсказание	1
в туфлях	1
их немолчно	1
говорила тетенька	1
в два	1
было вести	1
батюшка говорит	1
тут на	1
со смеху	1
ларей большинство	1
не испортила	1
такой скромной	1
грехи посылает	1
мерзавец он	1
сделала вышедши	1
поступал богатеев	1
беготней вскочив	1
камердинер конон	1
не пьет	1
больше входила	1
вырядился что	1
известно не	1
из прислуги	1
слышится осторожный	1
как меня	1
приказывали аннушка	1
началу хроники	1
конон без	1
умрешь тогда	1
способствовал ей	1
в слабой	1
блажить больше	1
тетенька что	1
них являлись	1
словно паутиною	1
улеглось с	1
извините мсьё	1
сальных оскребков	1
недостаточно чтобы	1
было чуждо	1
едет матушка	1
но невольно	1
бывали нередкие	1
к которому	1
эти благодарность	1
угрозами и	1
призывала самого	1
шельмец по	1
моды такие	1
ее природе	1
не упоминалось	1
их произносит	1
есть такой	1
лакеем изо	1
женушку милую	1
но хлебов	1
вольностей чу	1
ж коли	1
за стеной	1
игрывали? да	1
поклониться только	1
на практическую	1
этим убеждением	1
нас целый	1
было неудобно	1
бежала из	1
которою никто	1
себе чего-нибудь	1
ручки сам	1
на четверть	1
ночь по	1
эпитеты которыми	1
были наскоро	1
умер кучер	1
слов для	1
обед проходит	1
пойду я	1
спрашиваю должна	1
этого правила	1
ссоры не	1
сколько у	1
удачная крепостная	1
определить не	1
мигающее веко	1
любуйся на	1
печке и	1
ездило в	1
предстоявшей ему	1
подтрунит кто-нибудь	1
все привязаться	1
не вспомнит	1
ученья его	1
к ближним	1
могут иметь	1
наконец и	1
ты стаканы	1
целый ли	1
одеваться к	1
сомневался насчет	1
р прислали	1
благополучно и	1
та и	1
конце которого	1
павла и	1
размазню на	1
господа от	1
обыкновению удаляется	1
в дырявую	1
вязали снопы	1
бы взяла	1
рискуя при	1
и объясняет	1
фактом все	1
голос как	1
матушка город	1
истине и	1
знаете что	1
на остальной	1
девались словно	1
наконец колеблющаяся	1
иго рабства	1
бегу выхватила	1
клоаку за	1
жаль ее	1
не формулируется	1
сведет будет	1
вперед не	1
вроде прикажете	1
болтая руками	1
приезжают знакомые	1
роста узкий	1
ускользнуть от	1
а павла	1
любила только	1
мне покойник	1
популярность ивана	1
раз как	1
сетования отец	1
ним с	1
сходило с	1
и делом	1
малиновецкой женской	1
обманывают и	1
его жизнь	1
что насильственное	1
в лесу	1
его счастье	1
смеялись но	1
его матушка	1
ведьма матушке	1
слушал рассказы	1
же сделала	1
вольная коли	1
крестик перечисляет	1
уже стоит	1
себе выработала	1
в холодной	1
рода зазорных	1
ему приписывала	1
привольно сговорятся	1
мной и	1
маслом толокно	1
вернулся и	1
маврушу но	1
он заходил	1
вовсе несвойственны	1
с строптивым	1
коли знаешь	1
в продолжение	1
вдруг среди	1
большинство их	1
время сидмя	1
вышла сам	1
захочет же	1
вполне вознаграждена	1
ропщем говорим	1
речах существовало	1
все время	1
ежели рану	1
какое-нибудь чудо	1
относившееся к	1
извольте одеваться	1
человеческого и	1
было воспользоваться	1
довольно мирный	1
слушаюсь вся	1
куда пришел?	1
половине главная	1
совсем в	1
выполнил заложил	1
что нашла	1
уступить конечно	1
довольные но	1
расчету так	1
отпускали но	1
даже по	1
имя господне	1
помирволила матренке	1
вообще весь	1
переполохом на	1
дому толковал	1
дядька гаврило	1
свою нелюбовь	1
будет сидеть	1
мешать это	1
из малиновца	1
на господской	1
сидеть за	1
но идет	1
тебя отодрать	1
в своем	1
масса полевых	1
застигла его	1
за ней	1
на высотах	1
эта последняя	1
горьком опыте	1
вас мерзавцев	1
слово и	1
в сумерки	1
смотрите шута	1
ваньки-каина настолько	1
а прямо	1
насквозь до	1
муку мученскую	1
стены нашей	1
был назначенный	1
сказала она	1
только неудержимая	1
остановилась перед	1
мускульной силы	1
а норма	1
встреча должна	1
чай муженек	1
обещалось воссияние	1
ответ кажется	1
размаху растянулся	1
делать свое	1
вразумления не	1
служивший для	1
грубому мужицкому	1
ним один	1
забылись оттого	1
пришел так	1
остались без	1
не за	1
руки отдатчику	1
кем с	1
за добра-ума	1
которому все	1
его отпустили	1
удалась тем	1
другую добывать	1
души не	1
настоящий рай	1
настолько чтобы	1
домочадцы с	1
страху боится	1
не сошла	1
свое лакейское	1
танцовщица прим	1
выпросив ваньку-каина	1
же кроме	1
первым ударом	1
благодарить меня	1
принимал никаких	1
человек детей	1
дела бросить	1
и громче	1
наши ребята	1
пятницам приходила	1
тетенька сначала	1
ремесл в	1
этот хороший	1
по-вашему и	1
опочил так	1
комнате тошнота	1
тут она	1
маврушу не	1
затем в	1
сорвалась не	1
увидите как	1
и сдавали	1
барыня отстегать	1
раз словно	1
продолжает путь	1
кроткие жертвы	1
безалаберным образом	1
это решение	1
зимой печки	1
аккуратно ходил	1
бессчастная матренка	1
смутил попеки	1
вам советы	1
без основания	1
же обряд	1
музыку духовую	1
конона верным	1
них как	1
состоянии которое	1
поутру в	1
обедом заходит	1
кормили всех	1
дура послушалась	1
явился староста	1
аннушка сходила	1
которого хоть	1
впоследствии пристроил	1
жизнь представляла	1
можно сказать	1
боли прибавилась	1
дни молча	1
известно праздник	1
в господский	1
дамы одна	1
исчерпывал содержание	1
годы десятки	1
заветнейшие мечты	1
костоеда и	1
сам в	1
службы ты	1
смутно представлял	1
и господские	1
и часов	1
приедет но	1
указ воспрещавший	1
такою же	1
она решается	1
твердила она	1
матушку насчет	1
поганую насквозь	1
самостоятельно распоряжались	1
рабу строптивою	1
несколько баульчиков	1
должна быть	1
ты дура	1
не назначу?	1
дня сестрица	1
больше семидесяти	1
природе ретивая	1
привели в	1
ушах их	1
перестанет действовать	1
служишь? так	1
изменилось и	1
четвертый день	1
вам ответ	1
не больна	1
заставая его	1
воротилась и	1
помню девушки	1
явился он	1
брала оторопь	1
назначу? это	1
сам того	1
не хотят	1
улеглась что	1
обиловала малиновецкая	1
соответствующие его	1
симпатию которую	1
потатчица но	1
флора терентьича	1
доставлял им	1
сделает ежели	1
сначала изумился	1
в воздухе	1
сбоку по	1
печку топит	1
несомненно он	1
допущено на	1
его имя	1
олуха можно	1
вышедши замуж	1
делают я	1
ни разу	1
закрывалась поэтому	1
он без	1
и всякие	1
качестве бобылки	1
внес бы	1
они мешали	1
царскими дверьми	1
ну пошла	1
себе составляет	1
вообще вся	1
хотя большого	1
рабского ярма	1
дело идет	1
в дворовой	1
отправить его	1
не склеилось	1
принять участие	1
сколько еще	1
на своих	1
дворовых нельзя	1
одна морщина	1
глядя как	1
сопротивлением она	1
беспокоиться получать	1
с всесильной	1
хотя ему	1
седели и	1
завейхвостов рассказывал	1
хвалилась что	1
будет дальше	1
работу на	1
молчании и	1
в довершение	1
поэтому никто	1
xx ванька-каин	1
меня братцы	1
катюшкином прегрешении	1
и убедилась	1
особенностей того	1
чулок вяжет	1
но первая	1
тетеньки-сестрицы сходили	1
наглая если	1
безалаберщиной и	1
снопы само	1
клиросе и	1
уже заметил	1
гостиная матушка	1
впрочем задолго	1
преследовали адептов	1
состоянии угомонить	1
как последние	1
той мелкотравчатой	1
печенки подлец?	1
она этим	1
кабинете и	1
est que	1
и прохаживались	1
своем хорошо	1
если она	1
господа сядут	1
с кононом	1
стеной слышится	1
виде светлого	1
долговязый с	1
несли его	1
сердцем выбегает	1
взойдешь в	1
все-таки более	1
празднике мужская	1
ее золотом	1
барыней наводившей	1
затворник заперся	1
слабое и	1
была уничтожена	1
у этих	1
работы а	1
внезапного отъезда	1
условились мысленно	1
мы барчуки	1
обязываясь поставить	1
высказывалась но	1
дома делала?	1
ознаменовал свое	1
прелестную дочь	1
квартиру рассчитает	1
страдать однажды	1
но ключница	1
барщинских крестьян	1
и живет	1
влагой едва	1
давно хочу	1
трогал а	1
хочет но	1
на куски	1
которые он	1
тихонь недолюбливаю	1
но чего	1
здесь оставить	1
голову положение	1
время обряд	1
благодарностью принять	1
а под	1
же была	1
христе и	1
отплевывались при	1
аннушкиной доктрины	1
плечах поджарый	1
ее и	1
принимать но	1
засыпали сегодня	1
греха дождаться	1
бы они	1
купец должен	1
бесконтрольная помещичья	1
кроме того	1
господам добровольно	1
дома любуйся	1
котором горел	1
виновник сокрушившего	1
наша а	1
шлет в	1
они слыли	1
и владел	1
вполне обтерпевшееся	1
начинает подергивать	1
новыми конон	1
уже давно	1
и рассказывал	1
раз навсегда	1
девушки-красавицы обращался	1
стоит до	1
сестрица извините	1
может нечто	1
стриженого шепчет	1
раз случится	1
полковом лазарете	1
то печку-то	1
не воздерживалась	1
от клещевинова	1
уж я	1
и подать	1
в какой	1
высказаться? а	1
ручьем и	1
на сердце	1
тоже шло	1
особенности обуздывающим	1
собакой ни	1
откланяться не	1
смысле оказались	1
не помнил	1
боль была	1
кто-то там	1
приемный день	1
призовет меня	1
век один	1
косу в	1
кому у	1
и получала	1
прерывает ее	1
в такое	1
знаете конечно	1
балагурство которыми	1
возке и	1
она шесть	1
городничие-то и	1
лоб забрили	1
точит ешь-ка	1
и приготовить	1
него помещение	1
вот какой	1
б не	1
выделяется на	1
перед царскими	1
вставал до	1
и светлую	1
смолоду около	1
девичьей впечатление	1
продавать крепостных	1
и правду	1
своего существа	1
но машину	1
иного душевного	1
аннушку-каракатицу эти	1
лакейской слышу	1
за оплеуха	1
нас не	1
нынче взойдешь	1
на барской	1
вышел первый	1
хотя же	1
с ключницей	1
сказывали мне	1
того заглазное	1
слуга но	1
в переулке	1
не забыла	1
переулку кто	1
рабы с	1
которых за	1
ванька-каин зачем?	1
единственными заслуживавшими	1
спина а	1
виде эпилога	1
строил ничего	1
один и	1
на собственном	1
матушке они	1
него выкуп	1
стул в	1
ключнице но	1
здесь в	1
тетка будет	1
олух целую	1
вы наши	1
сказал? ежели	1
с вольной	1
свободно он	1
исключительно собственные	1
сибирь обоих	1
пухнуть да	1
но наконец	1
ах мерзавец	1
всходившие на	1
моховую слушать	1
хладнокровным вы	1
сестрами час	1
сложилось что	1
ногу такова	1
эпилога я	1
врезалась и	1
доме с	1
нос точно	1
вдруг навстречу	1
вас сегодня	1
восклицает она	1
белые хлебы	1
только для	1
полчаса весь	1
очень верный	1
раздавался по	1
что мне	1
наша семья	1
хлебов все-таки	1
столе в	1
пустым из	1
время откланяться	1
ни одним	1
матушка рассудила	1
пробуждала его	1
обведет а	1
на стул	1
все девалось	1
меня на	1
любила во	1
пусть будет	1
барина во	1
папенька с	1
мсьё maman	1
в столовой	1
в глаз	1
полагается но	1
пылу с	1
распоряжения но	1
была еще	1
не принимались	1
такого рода	1
назад не	1
зачет так	1
они участвовали	1
им дам	1
прибавил он	1
получала в	1
дело это	1
бы полное	1
сонный и	1
томя на	1
не пойду	1
то как	1
тут вдруг	1
прерванную беседу	1
постоянно иметь	1
она но	1
набора ждать	1
тошно на	1
застала его	1
барщину матушкино	1
из тьмы	1
вечера разобраны	1
концов все-таки	1
воочию восстановлялся	1
для деревни	1
быть хладнокровным	1
даже у	1
небесные будешь	1
матренкой когда	1
деревни закупит	1
высоте теоретических	1
пошла толчея	1
постоять это	1
выдать себя	1
фоне уныния	1
то всем	1
я будет	1
рабе и	1
фершалом состою	1
только сейчас	1
выходные двери	1
конон конон	1
вступитесь хоть	1
спросишь коли	1
девку силком	1
только явился	1
бунтовщица мутишь	1
продал и	1
ангелами славословить?	1
еще хоть	1
за квасом	1
в противоречие	1
в театре	1
сне бредит	1
извела мужа	1
повинуйтесь и	1
и отправляйся	1
подергивать но	1
приказание а	1
павла да	1
слюбится слушайся	1
а решение	1
с успехами	1
ногами стоя	1
поэтому она	1
она шлет	1
его сейчас	1
дочка за	1
словно смотрите	1
могильные насыпи	1
клятва но	1
опустелым комнатам	1
горе состоит	1
приказывала отворять	1
дворовых дворня	1
тетеньки и	1
словно по	1
терпели немало	1
сцены сделались	1
этом даже	1
малокровное существо	1
еды в	1
сейчас в	1
и рискуя	1
не высказывалась	1
сделала и	1
даже месячину	1
да помню	1
несложная теоретическая	1
венцу ехать	1
вам сказать	1
с собачьим	1
суетятся мечутся	1
купец что	1
своих нескладных	1
аннушка собственно	1
в общем	1
каким путем	1
обряд отсылки	1
проще ранним	1
сиротам да	1
дети любили	1
мелкими ассигнациями	1
не придется	1
отдать справедливость	1
причина появления	1
одни для	1
у которого	1
решилась молчать	1
виде проживу	1
мавруша повесилась	1
системе изнурения	1
сыт на	1
претендовать на	1
она ночью	1
осведомлялась она	1
их наряду	1
долю жребием	1
в казну	1
обошлась даром	1
свои неудачи	1
господам служил	1
гости наезжали	1
в глубокой	1
ж некоторое	1
раза прозвал	1
из земского	1
согласии госпожи	1
что господа	1
последних гостей	1
сохранение а	1
тогда не	1
болят ноги	1
не скучивалась	1
старосте чтоб	1
хворь из	1
рабства не	1
очень вами	1
нее вызывающими	1
нее выбью	1
думается что	1
считает нужным	1
старые порядки	1
раба истязает	1
теперь помню	1
думаю никак	1
мы ее	1
всего меня	1
взяла ее	1
через короткое	1
собой взять	1
доктрины но	1
которого вчуже	1
и шутки	1
лакею и	1
выслужившиеся при	1
я нарочно	1
сестрица являются	1
нелепо-кровожадном забытьи	1
сегодня мсьё	1
хотя очень	1
соловкина язвит	1
ишь до	1
что прикажете	1
беспрерывно доносился	1
и свезут	1
дому приказания	1
сговорятся бывало	1
поднявшеюся в	1
охотно дала	1
очень резко	1
это стало	1
другому и	1
время воюющие	1
бы неурядицу	1
дворовых даром	1
которую погрузила	1
собой привезли	1
взглянет на	1
богатеев не	1
состоялась но	1
уж все	1
но опасение	1
мало с	1
лакейский тип	1
какое-то гнетущее	1
не допускать	1
всегда раскипалось	1
типов которыми	1
поселилась тетенька	1
благодарить в	1
меня барыня	1
и вы	1
самой дочка	1
день плевал	1
секрет доброго	1
покажу как	1
проходя мимо	1
понимая что	1
язвительную нотку	1
принятом решении	1
раз аннушкина	1
сок поголовно	1
случая нет	1
остерегает от	1
московскую квартиру	1
вдовцами даже	1
предыдущую главу	1
малейшей сообразительностью	1
его ужо	1
он легок	1
татьбой да	1
начинает догадываться	1
отворотами ха-ха-ха	1
работают а	1
слег вероятно	1
слонялось по	1
прислугой и	1
своих угрозах	1
не возобновить	1
барского стола	1
вероятно qu'	1
которых скучивались	1
повторяю всесильная	1
рабе сидят	1
не приходил	1
себя называла	1
обедом брат	1
только бесполезно	1
остолопство с	1
голодом себя	1
самые вздохи	1
в будущее	1
пространство точно	1
снизойдет к	1
усердные верные	1
сестрица но	1
дворовый кроме	1
лице его	1
было считать	1
с краю	1
бесконечной повести	1
рекрута приняли	1
относилось не	1
читал за	1
засиживаться в	1
конец жизни	1
не пойти	1
христианства но	1
гораздо бы	1
отец какой	1
уж привышная	1
на мгновение	1
почесываешься? отбил	1
вопросы отвечала	1
тут купец	1
входила в	1
матери на	1
волненье ходить	1
из окна	1
всех так?	1
ехать и	1
обычный содом	1
не издохну	1
обрящин не	1
нагрянул слышу	1
ты знаешь	1
под шестьдесят	1
бегает к	1
из расспросов	1
сердца начальников	1
родню друзей	1
где господин	1
нашла себе	1
же пору	1
еще любила	1
замужем такая	1
сказывают в	1
что затеи	1
нетвердыми ногами	1
я ей	1
общий modus	1
это такое]	1
раба а	1
природы неприхотливая	1
прониклась этим	1
опять затянулось	1
а бог	1
мало замухрышке	1
там что-нибудь	1
девушки даже	1
велел господина	1
лесу в	1
святых как	1
явственнее это	1
всех очень	1
за женской	1
место хозяйка	1
уже в	1
с посетителями	1
новым она	1
светских разговоров	1
на ларе	1
ее сознательной	1
было разлито	1
было пройти	1
всеми по	1
тайных вожделений	1
сестрица притворяется	1
примирить жену	1
принимать? огрызался	1
встречаться с	1
возражения старика	1
привезенка и	1
бывает но	1
не мучу	1
говорила какая-нибудь	1
заметил-с ишь	1
крепостных людей	1
колеи безнаказанно	1
вот клянусь	1
дятел долбишь	1
старалась избегать	1
грех а	1
уже павел	1
могла силою	1
черного хлеба	1
обмороками но	1
толокном и	1
сны соответствующие	1
всем туловищем	1
была родня	1
позволяла оставаться	1
должности а	1
в обстоятельного	1
заодно потатчица	1
себя задушу	1
рукава павел	1
ежели же	1
скамейки поклонилась	1
но явился	1
менее сестрица	1
я господскую	1
уступить место	1
чтобы в	1
не соблюдал	1
извинить если	1
тону с	1
собой залегает	1
вообще никакой	1
пор как	1
ее нельзя	1
списалась с	1
голубушка ведь	1
там положит	1
буря не	1
рассказов преимущественно	1
рады бы	1
муж колченогий	1
прикасаться лозой	1
мужем неизвестно	1
в колодки	1
отравой или	1
примут ли	1
нужно было	1
в овсецове	1
той обстановки	1
сорвалась с	1
ведьма тетеньки	1
овоща такого	1
относительная тишина	1
то мелькнет	1
благополучно вынырнул	1
грабежом и	1
своим чередом	1
сне веревки	1
краю села	1
но возвращаюсь	1
ли да	1
и кличка	1
тут я	1
и объявляет	1
примеры были	1
едва вымолвила	1
с веса	1
пору последние	1
малиновец запросто	1
столовой доносится	1
любила мужа	1
акулина отчего	1
заметным и	1
суда сельский	1
назваться убежищем	1
такое сделалось?	1
нечего христос	1
кто забылся?	1
мужа но	1
девки в	1
я прежде	1
виде предисловия	1
всегда их	1
меру никого	1
посмотреть что	1
усадьбе сложилось	1
голова малокровное	1
начинают путаться	1
будто примолкла	1
отняла ты	1
на образцового	1
образ пишет	1
пока не	1
этот день	1
пересудов и	1
он или	1
сущность аннушкиной	1
главнее всего	1
начинает пошатываться	1
и покажет	1
грех сгорел	1
рано или	1
и вследствие	1
вот по-ихнему	1
в ланиту	1
чего бы	1
не отпускали	1
он аккуратно	1
в саду	1
играл начинала	1
рабством вот	1
и отдаст	1
иногда довольно	1
выступали на	1
есть ветхую	1
настаивал на	1
и житий	1
что можно	1
это работа	1
накормил не	1
не даст	1
значительной мере	1
высотах теоретических	1
как перст	1
поехал услышит	1
нет оттого	1
всячески к	1
ты завсегда	1
волнении матушка	1
становились ее	1
слугами очень	1
была с	1
порядок и	1
печь да	1
держать себя	1
всегда оставлял	1
взойди ничего	1
кто пойдет?	1
храмы божии	1
нее дрожат	1
холост но	1
звезд на	1
наружностью своей	1
воскресенье в	1
обрубке дерева	1
рукой крепостного	1
бога ради	1
однажды намеченной	1
бей зато	1
и бросилась	1
стола сажали	1
а молчать	1
говорится в	1
спрошу матушка	1
обуздывающим образом	1
какой-нибудь практический	1
страдало от	1
укокошили управителя	1
ней способность	1
просьбе человеку	1
достаточно чтобы	1
покуда не	1
бы только	1
но довольно	1
таких известиях	1
сколько к	1
отца кроме	1
житье дворовых	1
этих тихонь	1
встречи с	1
и гоголем	1
эту систему	1
и раскаяние	1
со стороны	1
дочь вот	1
которые могли	1
время это	1
оттого иногда	1
с плеч	1
значит в	1
льготнее нежели	1
там есть	1
в следующий	1
ее надзором	1
все видели	1
тебя известно	1
собачьим сердцем	1
случаях как	1
вкратце повторить	1
напротив из	1
своего привилегированного	1
получать ежели	1
посмотрю посмотрю	1
о подвижниках	1
надо другую	1
барину но	1
заведывал буфетом	1
даль а	1
девушка которую	1
присуха до	1
мысленно и	1
зим сряду	1
что но	1
местных крестьян	1
тоже у	1
дармоедки и	1
злосчастья любовь	1
портретной галереи	1
была бы	1
лишнее будет	1
вдруг вздумалось	1
надеялась что	1
смотрела на	1
было интересу	1
мясистыми щеками	1
свету и	1
так святой-то	1
она понимала	1
себя а	1
своего угла	1
долготерпению предел	1
могла не	1
благоприобретенное было	1
вот по	1
спрашиваешь себя	1
заглядываем бог	1
я с	1
ванька-каин преспокойно	1
словно заживо	1
были вынесены	1
накопилось да	1
но он	1
он у	1
и придирчивее	1
ваши гусельки	1
любили его	1
закаркала ворона	1
soit dit	1
она его	1
женихов гнилые	1
и старается	1
эту роль	1
наказал? спрашивает	1
случае аннушка	1
раб стонет	1
уж когда-нибудь	1
и недостаток	1
хоть пропадом	1
зимнее положение	1
матушка произносит	1
отступить было	1
не слышать	1
сторожке и	1
доброго помещичьего	1
уголковской вотчины	1
пойдет стало	1
человека влюбиться	1
всячески убивал	1
закупит после	1
исполнить господское	1
небольшим три	1
лишь избранникам	1
по своим	1
степени давила	1
вкусу пришлась	1
я прикажу?	1
уголком лежал	1
печенье просвир	1
стал странник	1
воде просвирку	1
также не	1
растаял понял	1
тараторит она	1
лиходейку надо	1
коли что	1
как истая	1
него исправно	1
не встречаться	1
пожалуй не	1
да веселенькая	1
никакие вразумления	1
другим напрасною	1
погружалась матушка	1
дворянские дети	1
горло сытехонька	1
гноем наливаться	1
замуж выходить	1
едят и	1
намеченной колеи	1
действительно случайного	1
более современные	1
в предыдущей	1
денег на	1
меньше и	1
особенными качествами	1
надо чтоб	1
кончить ей	1
да давно	1
и рады	1
был кроткий	1
под свое	1
мы знакомы	1
эти частые	1
сластями и	1
нас заведения	1
катанья под	1
хозяйстве которым	1
войти в	1
нею чего	1
водворялась в	1
господа и	1
вижу да	1
степени упрощала	1
руку на	1
матушка подслушавши	1
безответные девушки	1
больше не	1
усеянным крупными	1
заслуживавшими название	1
отменялись в	1
собою до	1
служили страсти	1
темно как	1
сестрица флора	1
золото и	1
искали даже	1
да обманом	1
всем доволят	1
и золото	1
болтать эка	1
представлялись акулине	1
одному капризу	1
ходят обнявшись	1
более осторожна	1
немногосложен и	1
господа только	1
сказать ему	1
первый учитель	1
нее так	1
смотрите какой	1
вечера театры	1
же купец	1
заключалась тайна	1
ей можно	1
нагрубил но	1
не об	1
повторяю аннушка	1
сообразительностью не	1
она нехороший	1
рукам прощелыги	1
придется сбирайте	1
братец да	1
высмотрела ее	1
олуха было	1
малиновец с	1
святоша сердито	1
тягости не	1
удовольствием да	1
цирульника считалось	1
бока болят	1
ишь шельмецы	1
собою бог-то	1
господин этот	1
кому ах	1
мужиков и	1
быть ее	1
акулина которая	1
тьмы в	1
пошел от	1
еще отдохнет	1
купец в	1
личности которые	1
нет это	1
вполне состоятельным	1
болтовней которая	1
инициативы не	1
ими повинуйтесь	1
буфетном столе	1
минуты вошла	1
этой катастрофы	1
завтра об	1
ее да	1
павла была	1
бродила в	1
странника не	1
называл эту	1
боится истерических	1
что несмотря	1
какова потеха	1
не тетка	1
такое случилось?	1
отец начинает	1
изнывал бы	1
поручить ему	1
умру не	1
чего-нибудь а	1
дворовых лежебоки	1
постричь отца	1
распорядиться чтобы	1
предупреждал федот	1
лица и	1
стрелкова он	1
нести рабское	1
выжимали из	1
чтоб никто	1
скажут хорошо	1
дорогие покойники	1
залегает в	1
на кого-нибудь	1
чтобы домашняя	1
только бунтующеюся	1
иконостас сам	1
к долгоязычной	1
видом неизменно	1
следом за	1
тетеньки у	1
маврушу что	1
змей подлый	1
мавруши то	1
разрешались довольно	1
принять в	1
хороша с	1
обстановки среди	1
часы еды	1
ни ненависти	1
портретного галереею	1
раб а	1
и решилась	1
всякой еды	1
его дешевыми	1
шел дождик	1
спеть и	1
рабами по	1
объявляя резко	1
нет-с все	1
выдавать буду	1
лакейской сверх	1
как прежде	1
и причина	1
только одну	1
видно ты	1
ольге порфирьевне	1
них сидя	1
все-таки а	1
вас тараторит	1
разрешалось крестьянам	1
с извещением	1
вечера но	1
девичью-то словно	1
здесь что	1
обеда на	1
прислуги но	1
заведется говаривала	1
статочное но	1
время предала	1
ежели смолоду	1
пора лежебок	1
конона слова	1
этими вдовцами	1
должна ли	1
что хочу	1
а золото	1
не настоящая	1
ее теснили	1
чтоб аннушку	1
почву она	1
миросозерцанию аннушки	1
которое также	1
к половине	1
и насчитывает	1
всех уголковских	1
две до	1
понял тогда	1
рассказа не	1
одно сударыня	1
легонько его	1
угадаешь строже	1
расчет всех	1
в дворне	1
на полу	1
ему кто-нибудь	1
упорно стоят	1
сидеть да	1
довольно и	1
в одни	1
начальство преимущественно	1
не желаю	1
дай ему	1
меня один	1
собой то	1
только вследствие	1
репримандам вон	1
отпотчуют по-намеднишнему	1
новым положением	1
извольте говорит	1
думалось подержат	1
взяла да	1
трудом и	1
том как	1
являлись невыгодными	1
развито между	1
без доклада	1
и тем	1
носом шевелит	1
другое упраздняло	1
она видела	1
кем в	1
целая серия	1
стороны села	1
ее покрытые	1
помимо барыни	1
наружно даже	1
и друзья-приятели	1
осталось до	1
и заключало	1
старости а	1
конон ножи	1
вчера прасковья	1
все жили	1
стоит в	1
оброчных представлялся	1
насекомых что	1
карточки поигрываете?	1
лишь до	1
тебя знают	1
матушка промахнулась	1
собирался жениться	1
божий строил	1
растравлять которое	1
ну ты	1
вповалку на	1
шутовство было	1
такие мелкие	1
щекам да	1
народ который	1
пускай хоть	1
интересу но	1
не ждал	1
мне уж	1
из ученья	1
доносился оттуда	1
отпор акулина	1
все-таки надо	1
местных церковных	1
если что	1
занятиях своих	1
своей милостью	1
конон нечистая	1
настолько что	1
никаких мер	1
но всему	1
побелели губы	1
сокол и	1
ты записочки	1
райским садам	1
мне попадется	1
обидно было	1
долой тем	1
я думал	1
миросозерцание то	1
сколько-нибудь досуга	1
он собирался	1
настояла на	1
невидаль что	1
не отвечает	1
не мешало	1
а приставлена	1
уже налетела	1
было приискать	1
не рассчитывает	1
которые буквально	1
ничего так	1
степан исполнял	1
сбегай на	1
такие личности	1
каторге жить	1
оставалось только	1
день чем-то	1
гостиной последняя	1
эти сетования	1
теорию благодарного	1
отвратительный запах	1
когда будут	1
семейный слуга	1
но взглянув	1
от терентия	1
обитательницы девичьей	1
да вряд	1
вздумалось к	1
что делают	1
говорить победа	1
тетка и	1
условленный момент	1
практическую почву	1
что сообщало	1
что ой	1
съезжую ежели	1
светлого праздника	1
даже обязываясь	1
конечно умалчивала	1
и продам	1
наклонилась над	1
ослушаться украдучись	1
сам по	1
распоряжения матушки	1
простым изложением	1
он жил	1
зазорных заказов	1
ж сказать	1
ними снимается	1
говорить об	1
целый погром	1
и словом	1
что аннушкины	1
болоте и	1
собирается к	1
я красавицы	1
в грязь	1
или убегу	1
не подняла	1
и ступай	1
жеребцы грохочут	1
затосковала ей	1
в которую	1
кому они	1
видел что	1
сокрушавшей ее	1
как вошла	1
около матушки	1
говорит твою	1
сестрица все-таки	1
вы кажется	1
сказывай бесстыжая	1
которых одно	1
чувствовали на	1
на глаза	1
свою рабу	1
вынес убеждение	1
рвать и	1
было пустое	1
что места	1
выполненная формальным	1
легок на	1
какой вчера	1
делала хлебы	1
чаи да	1
формой своей	1
нарастало сентябрь	1
вижу? на	1
поголовно томя	1
распоряжайся дни	1
вдобавок не	1
дом еще	1
написано на	1
должны быть	1
вечернему чаю	1
другие работают	1
но поучать	1
высказаться с	1
жизни наступил	1
постепенно входил	1
да старые	1
у старого	1
жены сколько	1
думал призовет	1
зверям впечатление	1
место другим	1
отмахала сорок	1
это показывавшаяся	1
вот распишу	1
состоятельным а	1
сквозь общую	1
фактов матушка	1
будет вы	1
нее разговор	1
шагу говорило	1
старческою влагой	1
за крепостным	1
как все	1
если причинит	1
в дальних	1
была предостеречь	1
которая никогда	1
поднимет наливки	1
мутовкина обещала	1
причастницами света	1
угодно конон	1
потом собственное	1
конона не	1
растерзание зверям	1
не помню	1
ванькой-каином собственно	1
возьмет скребок	1
строго учитывался	1
были окружены	1
другому уйди	1
она даже	1
и всего	1
трудно и	1
ничего бы	1
на перила	1
с любовником	1
чем-то хочет	1
уж давно	1
палашка подай	1
свидетельствовавший о	1
ес-пер напевает	1
акулине праздною	1
металась беспрерывно	1
бодро пойдет	1
пропади а	1
конюшню и	1
девичники которые	1
и увидите	1
для церкви	1
заметили вы	1
этих интимных	1
этого пища	1
более неприятная	1
видела что	1
пятьдесят стукнуло	1
груду сальных	1
неслись звуки	1
принесет домой	1
сделавши матушке	1
рода могут	1
серьезное испытание	1
точно варом	1
телу срамник	1
добра-ума теперь	1
но заслышав	1
ее телу	1
на прасковье	1
ваша надин	1
свой хлеб	1
и старики	1
называлась жесть	1
слов вообще	1
сердцем или	1
нездоровится говорит	1
осторожный шорох	1
же-ву-фелисит [я	1
жила и	1
костры шли	1
молчал или	1
заповедной каморки	1
столе кипит	1
именем и	1
последствиях тайных	1
и царь	1
предпринять что-нибудь	1
жил-был этот	1
знаешь накидывался	1
сбежал вниз	1
самостоятельное не	1
на себе	1
песню спеть	1
лакейской не	1
обедать и	1
нет мудреного	1
всякое телесное	1
возок благополучно	1
тогда и	1
жену к	1
скорее на	1
на каждом	1
решается смириться	1
каком случае	1
не считаю	1
большой нос	1
себе правду	1
вся дворня	1
привести ее	1
сгибли а	1
точно вашескородие	1
не хотела	1
беды аннушка	1
круглою сиротой	1
и лаю	1
инстинкт этим	1
пригоршню золота	1
у самого	1
требовалась у	1
пора ли?	1
считать конона	1
что? как	1
с которыми	1
составляли мастера	1
городничего затеялось	1
так штука	1
изжелта-белые волосы	1
в базарные	1
он твердо	1
лакеев даже	1
лаю объявляла	1
побойчее вбегая	1
урывками по	1
тебе рожна	1
водворение в	1
назвать но	1
мавруша и	1
пор малиновецкая	1
почти ребенке	1
соседи и	1
повторялись довольно	1
лицо у	1
зато преобладающими	1
дремлешь? скажет	1
деревне я	1
была то	1
затопит да	1
возраста матушка	1
имени крестьяне	1
к продырявившимся	1
que cela	1
бродила задумчивая	1
тьфу сгинь-пропади	1
зимнего сезона	1
не говорю	1
совесть зазрит	1
след пускай	1
значит она	1
схимник живет	1
с юных	1
удастся подорвать	1
квасом палашка	1
ее смутила	1
не связывались	1
он задумываться	1
при усадьбе	1
дела всего	1
сделалась и	1
очень дорожила	1
троицы такой	1
сказать что	1
по этапу	1
сидели цыц	1
и должно	1
думали не	1
бог в	1
в воде	1
ни усмешечки	1
но перемогает	1
слетал какой-нибудь	1
завтрак подают	1
доступно лишь	1
которому предстояло	1
удивляло потому	1
да позову	1
на моховую	1
неловко кажется	1
уже сказал	1
совсем высохший	1
любовные свидания	1
нему возвратилась	1
крестьянскую нужду	1
смотреть вашескородие	1
бы ужинать-то	1
и заехали?	1
следовало беспрекословно	1
на общем	1
он пойдет	1
помещичьей власти	1
матушки случились	1
надо как	1
крестьян с	1
разбудили чуть	1
нежели дворовым	1
либо за	1
неоднократно я	1
решение не	1
общая обмундировка	1
девицы по	1
и пастухом	1
были качества	1
простора прибавлю	1
было решено	1
своего шематона	1
ты в	1
она мысленно	1
даже тени	1
конон скажи	1
вдруг возникает	1
д во	1
кажется а	1
мелькнет то	1
бламанжеем из	1
у господина	1
изнурять эту	1
таким образом	1
десять из	1
посадили меня	1
оскребков несет	1
чем на	1
жизни пристал	1
с сердцем	1
с его	1
начинаясь в	1
слишком поздно	1
распялил пальцами	1
что так	1
высоте теории	1
мавруша я	1
рожна что	1
матушка от	1
полном согласии	1
франт то	1
аннушка испугалась	1
однажды купец	1
хоть корку	1
прислуживая за	1
одета нетерпеливо	1
за две	1
и совершенно	1
через два	1
меня оправдывается	1
всего два	1
еще примут	1
барышни называли	1
разрешил похоронить	1
что нет	1
это что	1
ее застывает	1
украдучись ушла	1
качестве соучастника	1
богатеям и	1
желание считала	1
нещадно сокращала	1
оставляли пряжи	1
час как	1
эта кличка	1
и разжились	1
велела а	1
ожидают визитов	1
деле ай	1
явится старенек	1
барин бламанжеем	1
на двенадцать	1
в основании	1
себя наложу	1
всё укладывайте	1
насытиться ими	1
привычка и	1
внизу из	1
еще шутки	1
ее зреет	1
да своим	1
мысленно повторить	1
двигаться из	1
разговаривают вот	1
истерика сестрица	1
голодно что	1
отца твой	1
настоящим манером	1
были связаны	1
мавруше но	1
послушалась и	1
к крестьянам	1
чтобы спасти	1
до страху	1
была молода	1
слушает-слушает и	1
одна она	1
ходившие по	1
у бога	1
но бесконтрольная	1
матушка дальше	1
уложишь а	1
непритворное негодование	1
образом свои	1
в чем	1
только спас	1
выскочила из-под	1
матушка знает	1
нему разжигается	1
для этого	1
голодна что	1
его оттуда	1
нет ли	1
предводитель дворянства	1
не мешает	1
ванька-каин приспособлен	1
е.салтыкова-щедрина.)] крестьянам	1
будет вкратце	1
тонкому чутью	1
отодрать на	1
чем незавидным	1
отворяют а	1
вечером в	1
последняя и	1
конного двора	1
мне с	1
заказы этого	1
тех личностей	1
пропустить именно	1
цепи да	1
ж что	1
все-таки предпочтительнее	1
несколько иначе	1
себе судьбу	1
бегите отнимите	1
посылаете разве	1
работы из	1
выступали темы	1
в мыслях	1
толковал со	1
а следом	1
ходить? разве	1
затворялся в	1
клиросе там	1
комнатам заглядывая	1
такое будет	1
ответил он	1
легче при	1
веко большой	1
бросилась в	1
эти угрозы	1
сохранить присутствие	1
когда девчонка	1
по какому	1
неможется легла	1
но зато	1
и притих	1
уйдет дремать	1
руки были	1
начнет в	1
а это	1
позволит да	1
оживлялся весь	1
почти исключительно	1
всякой помещичьей	1
ли за	1
словно так	1
на глазах	1
оказалась не	1
сердце нет	1
по опустелым	1
она уезжала	1
из фольги	1
принять но	1
видал искали	1
отказывать и	1
полною определенностью	1
не отдам	1
своими работами	1
и уезжали	1
ешь лучше	1
никакого участия	1
которую впрочем	1
упоминал что	1
а затем	1
сами перед	1
я видит	1
двумя не	1
приехал из	1
дворня была	1
переговоры с	1
привилегированного положения	1
приходило в	1
надо сударыня	1
гостиной и	1
не подвергалась	1
мозолил да	1
какие были	1
исчерпали все	1
да хорошо	1
приступе к	1
могла удержаться	1
благодарностью следует	1
что крепостная	1
я воли	1
остаются нет	1
вспылила матушка	1
обступившей со	1
думаете он	1
на сестрицу	1
так завтра	1
утро мой	1
страдания сильная	1
работать хлебы	1
благоприобретения случаи	1
сделала она	1
павел так	1
к ее	1
дороге грабят	1
три браслета	1
закоулки представляли	1
не перекрестил	1
круто решала	1
один за	1
ягоды бессвязно	1
матушка задумалась	1
не ведаю	1
боятся а	1
акулины лай	1
цыц змея	1
ущерб господскому	1
покуда небо	1
что малиновецких	1
чуточку подремлет	1
смешливый час	1
она смотрите	1
ее убеждение	1
средствах этот	1
мучу а	1
у крестьян	1
будешь ты	1
головастиков был	1
просторную и	1
ним говорить	1
к вечернему	1
следующий нести	1
я вглядывался	1
небесных сподобятся	1
сашка смотри	1
вспомнил как	1
девичнику и	1
ты первой	1
забиты и	1
хотя до	1
было при	1
бывали и	1
почти без	1
совсем как	1
к щегольству	1
есть заключала	1
с вашей	1
прислуга была	1
мужская комнатная	1
например матушка	1
он пожалуй	1
вверялся какому-нибудь	1
вот разве	1
инстинктом она	1
все тут	1
неумолимостью матренке	1
она печет	1
его совершенно	1
гневаться не	1
подбородок был	1
поворачивает каждую	1
уж месяц	1
прислуга пользовалась	1
мутною и	1
его вызвали	1
пускай его	1
его голове	1
всевышний батюшка	1
о погубленной	1
бесповоротный конец	1
тоже не	1
даже приобретал	1
я однова	1
было своего	1
личной инициативы	1
случалось что	1
была новоторжская	1
чердак подобно	1
сумела провести	1
выдумал же	1
входя в	1
целую неделю	1
ночам бросаешь	1
тетенька хочется	1
отправился прошел	1
матушка воротилась	1
барина вступиться	1
таких помещиках	1
да играл	1
на-тко явилась	1
бы очень	1
а вообще	1
темы более	1
останусь божьей	1
частенько вмешивает	1
ей как	1
возвращался назад	1
они предлагая	1
кроткий и	1
аду раскаленную	1
этого дело	1
крепостном праве	1
вынуждалась уступить	1
не казалась	1
лишь с	1
неминуемому расчету	1
лукавый попутал	1
настолько прониклась	1
работой не	1
все-таки своего	1
сейчас с	1
отвечала а	1
с маменькой	1
был всякую	1
вымолвить черна	1
заметила она	1
те от	1
виноват ли	1
хотя выразилось	1
выходить нет	1
кругом усаживались	1
матушка высмотрела	1
сказал выше	1
шли супротивного	1
службе как	1
голос подсказывал	1
бы непрерывное	1
мимо ее	1
молодости во	1
вот маменька	1
крестьян которое	1
за самого	1
и тишину	1
бог его	1
известно ну-с	1
принес яблоко	1
подлинным ванькой-каином	1
сиди дома	1
чашку с	1
никаких послаблений	1
в нашей	1
делает и	1
ворот по	1
уж отдумал	1
слова пожри	1
следует приезд	1
модном магазине	1
природный малиновецкий	1
своей каморке	1
отчасти избавлялась	1
то до	1
каши и	1
для раба	1
последняя нашла	1
царицей бала	1
должен за	1
давать а	1
чужих слов	1
как общее	1
другой выход	1
примете ни	1
оброчные имения	1
а другое	1
такой схимник	1
и пошлет	1
и молоком	1
ругаются да	1
сущности те	1
девичью очевидно	1
не оставляла	1
пищу которую	1
приобщались к	1
я беру	1
эпизоды из	1
хроники но	1
сообщила ему	1
чай пес	1
сахары дворяне	1
правда кормили	1
настоящими обмороками	1
ну-с господин	1
она догадалась	1
сказать он	1
нежели житье	1
тело обернутое	1
одиннадцати часов	1
потупили выдать	1
отец по	1
воли ни	1
свою женушку	1
по зубам	1
не обогрел	1
разговор клещевинов	1
ради изведения	1
рук по-видимому	1
того в	1
возьмите тоже	1
мы будем	1
вдоль фасада	1
она все-таки	1
интимных беседах	1
и хотя	1
крестьян вперед	1
крестьянская молва	1
принимало никакого	1
старики для	1
выполнить или	1
одну и	1
оброк заплачу	1
от воли	1
крыльцо ежели	1
приезжал entre	1
все расходились	1
стороны фигурировали	1
выход сыскать	1
степени интересует	1
обыкновенного аннушка	1
повести о	1
настоящих над	1
слуха матушки	1
вас поздравляю	1
встретившись с	1
округе славно	1
обратилась она	1
ней что	1
спальную я	1
сама крепостною	1
несчастную каракатицу	1
он так	1
лучше жили	1
настежь выходные	1
отгадать невозможно	1
шею акулины	1
пойдет в	1
остерег проходите	1
одно утро	1
очистить место	1
как сонный	1
ванька-каин приплясывая	1
очевидно и	1
тем более	1
делают дворяне	1
гнездилось это	1
принял тогда	1
сдерживается ей	1
был приставлен	1
сама за	1
сына окрестили	1
виду обступившего	1
а требовала	1
отец после	1
фазисы равнодушия	1
испугалась да	1
размышлении оставила	1
и вразумительно	1
матушкой особенно	1
разбужен поднявшеюся	1
она едет	1
не понравилась	1
среде при	1
краденое а	1
когда понадобится	1
следующий праздник	1
аграфена максимовна	1
что чуда	1
совсем закрылся	1
qu' est-ce	1
говорят друг	1
и ничего	1
будет? каков	1
даром-то всякий	1
поэтому главный	1
спросит например	1
топит либо	1
как маврушино	1
господ раны	1
то отпотчуют	1
отступить распоряжения	1
состоявший преимущественно	1
происходившим и	1
наказания с	1
ничего подобного	1
это тетеньки	1
доказывала очень	1
завтра утром	1
проводила мавруша	1
эту деликатную	1
скудно и	1
было развито	1
рабским и	1
шьет взглянет	1
или коняшкой	1
какое до	1
зачем? к	1
сделать какой-нибудь	1
или видел	1
был муж	1
нужны это	1
развить свою	1
губы и	1
светлую комнату	1
орать вот	1
малиновецких дворовых	1
не дойдет	1
голос из	1
сельское кладбище	1
грызутся а	1
мне случалось	1
швыряя направо	1
такие брильянты	1
и коротким	1
сократил бы	1
выпавшим ей	1
любострастия отнять	1
хлебы хоть	1
старину что	1
будет нет	1
сердце когда	1
заглядятся я	1
мне господскую	1
кругом столпились	1
не поедем	1
рассказывала темою	1
приставили к	1
не пришла	1
хотя были	1
в дверях	1
однажды у	1
примеры из	1
быть чужда	1
кабинете но	1
ему плюху	1
вот для	1
обет все	1
девушки пели	1
печешь же	1
удовлетворения минутным	1
говорите у	1
пойдет? говори	1
спокойствие это	1
невыгодными семейный	1
колбасой да	1
цыпочках ровно	1
замечал э	1
точно аннушка	1
точно цитадель	1
праздник по	1
ишь олух	1
жизни облегченье	1
обратить услышит	1
самоуверенный наглый	1
восклицает в	1
мавруша была	1
это гостеприимство	1
язвить только	1
а ему	1
эту муку	1
ворона слушать	1
его языка	1
резонирующая способность	1
же самое	1
покинутая мысль	1
при мне	1
чая заходил	1
неожиданным репримандам	1
жить ну	1
житью которым	1
позволила себе	1
назвать годною	1
сцену эпизоды	1
выполнила эту	1
в громадном	1
решилась ослушаться	1
разыграться домашней	1
тяжко? спросила	1
оплачивались широко	1
вдруг слышу	1
уставляли его	1
себя другого	1
в гостях	1
гости нагрянут	1
просто с	1
по имени	1
гувернантка и	1
имел такую	1
и выслужившиеся	1
таким же	1
к женскому	1
ты хорош	1
быть устремлены	1
и любви	1
незавидным я	1
матушка возвратясь	1
посвистываю вижу	1
болесть наслал	1
безответна поэтому	1
стол несколько	1
второй раз	1
да причиняют	1
в зеркало	1
остальной дворне	1
только вместе	1
двери чтобы	1
вошел я	1
долгоязычная язва	1
недолюбливаю обыкновенно	1
до меня	1
мы что?	1
делала? спросила	1
до слез	1
ограждению жизнь	1
того прикажут	1
баульчиков и	1
сравнении с	1
я вынес	1
него эй	1
ним мысленно	1
девки он	1
немного и	1
уезжали довольные	1
закрылся так	1
языка слетел	1
нужным возвратиться	1
и бегали	1
упорствовала и	1
напоминали ему	1
беда мотай	1
убедившись из	1
рогожу и	1
крестьяне и	1
стареется подобно	1
немножко посмотрю	1
словно застигнутая	1
штыком идет	1
мелькает у	1
больше поэтому	1
конечно бывали	1
встала с	1
рассудит так	1
доктрина эта	1
раз пришла	1
слов и	1
выполнив своего	1
приступала она	1
была общая	1
невысоком уровне	1
в среде	1
будет трудно	1
работу изнурять	1
кого дело	1
к венцу	1
серьезною набожностью	1
шьют или	1
было простодушнейшее	1
однажды однако	1
критическое отношение	1
олуха совсем	1
и ограничивалась	1
вся девичья	1
прожженных московских	1
французское до	1
видит бог	1
слова утишить	1
скотную и	1
напоминает сестрица	1
черна ах	1
сердито шепчет	1
по росту	1
живите как	1
акулине клад	1
скрывавшие от	1
братцы нынче	1
пироги из	1
только теперь	1
возобновлялись свободнее	1
возвестить как	1
одному не	1
чаем на	1
будто свидетельствовало	1
повышения привязаться	1
сказать вошедшего	1
малиновце отбывалась	1
барского приказа	1
которую он	1
наказать должен	1
что отступить	1
да так	1
не загадывала	1
нет а	1
торжествовала но	1
его видел	1
помещиков ишь	1
не раба	1
рабы и	1
нередкие исключения	1
быть в	1
взбирается в	1
зла по	1
однообразны и	1
прошло несколько	1
на которую	1
федот за	1
спрашивает она	1
есть временное	1
я впрочем	1
ножи чистит	1
встать и	1
долой но	1
делала но	1
не требовавших	1
пихнула она	1
водворенье в	1
покатиловы настоящий	1
то приходилось	1
ведь канальи	1
спасибо сказывали	1
или сухмень	1
услуг по	1
был у	1
странник к	1
денег напротив	1
ошибиться сказав	1
драгуном сбежала	1
матушке могло	1
объясняли присутствие	1
так жила	1
обедом приличное	1
лежит в	1
на коленях	1
маришка походит	1
одни же	1
ему у	1
внутренней сущности	1
дома но	1
недоброе и	1
не бежал	1
жаловались что	1
пристал ко	1
они-то именно	1
такими же	1
тихо произнесла	1
над властной	1
помещик не	1
господский хлеб	1
пояснила ключница	1
и уходя	1
врет лиходейка	1
говоря не	1
чудо устроить	1
поселок ходить	1
не скажи	1
нужна да	1
отдышится с	1
никого и	1
раз охотно	1
все равно-с	1
она выражалась	1
изменить не	1
и следует	1
ежели бы	1
ежели и	1
место для	1
толченый кирпич	1
вся помещичья	1
сынов было	1
другую нагрузил	1
смотрите ишь	1
словно на	1
молчаливого одобрения	1
всю эту	1
может клещевинов	1
беспрерывно переходить	1
только при	1
его тихое	1
взора помещика	1
и бог-то	1
ограждала общая	1
нанесли очень	1
усадьбе этого	1
обыкновенно в	1
видел это	1
по части	1
где-нибудь с	1
где раб	1
ее по-вашему	1
изумительный редко-редко	1
было нарушено	1
ходил взад	1
на безвыходное	1
веса ключнице	1
вдруг сделалось	1
себе иго	1
он прежде	1
помилуйте вчера	1
ходи по	1
жалеть там	1
обучавшаяся в	1
и съедутся	1
вытребовать жену	1
навстречу идет	1
сокращала штат	1
она тоном	1
дней в	1
всякую рану	1
до сих	1
неловко по	1
поставлено пройдет	1
пальцем об	1
аннушка вынуждалась	1
известно в	1
матушка настолько	1
чуть-чуть подправленную	1
раба были	1
судом себе	1
стопками белого	1
опасается леший	1
симпатию дворовых	1
ретируясь же-ву-фелисит	1
самым естественным	1
даже вдовец	1
ею было	1
вдоволь но	1
порфирьевна звук	1
смирно промежду	1
дура ты	1
впадает в	1
добрейшая анна	1
сезона оказывается	1
комнаты пустые	1
свел ее	1
господи иисусе	1
отказалась принять	1
лишь о	1
до нитки	1
пригласила теперь	1
ведь ей	1
выше любил	1
забавною что	1
посмотрел жених	1
уже завелось	1
алемпию сам	1
кличка без	1
господам что	1
ради эфимерного	1
схиму принял	1
тысяч душ	1
господин слово	1
застигнутая врасплох	1
это даже	1
галереи домочадцев	1
следили за	1
собравшейся аудиторией	1
барыней за	1
настоящая улыбка	1
барыни постарше	1
с глаз	1
ограничивался односложными	1
пожить неизвестно	1
способность не	1
первоначального свойства	1
не оставить	1
факта во-первых	1
тебя погоди	1
всех наглядную	1
заходил к	1
прикрикнет на	1
гам и	1
нещечко взял	1
с голоду	1
матренка ребеночка?	1
потерян нынче	1
всё и	1
ай да	1
жизни ей	1
что-то понять	1
наконец бьет	1
ответами самого	1
пробуждалось сострадания	1
босу ногу	1
целую обедню	1
матушкину спальню	1
темные закоулки	1
становясь у	1
крупными бородавками	1
старого барина	1
пришлась что	1
покупала оброчные	1
этой одежде	1
серьезный диспут	1
брат будь	1
пропала бы	1
павла хотя	1
[фольгой называлась	1
хоть ты	1
возвращалась с	1
ей несимпатичен	1
по сравнению	1
оказывается не	1
им назначили	1
лет вышел	1
стол подаешь	1
чтобы идти	1
редко выпускали	1
а добру	1
бывало денег	1
самовар-то отниму	1
известно смерть	1
себя того	1
проказливости тетеньке	1
хоть отчасти	1
на погост	1
вдруг приспичило?	1
или иным	1
в карточки	1
от взора	1
эти самые	1
их давно	1
и мысль	1
нужду и	1
окна любопытствуя	1
купцов дом	1
каморке он	1
для ваньки-каина	1
тебя в	1
верный дам	1
что давеча	1
не увертывайся	1
застольную не	1
вчера царицей	1
ли папенька	1
к старому	1
прохожие начали	1
любопытствующих отсылаю	1
тосковала больше	1
матушки обыкновенно	1
услуги ее	1
наконец матушка	1
среде такие	1
да возьмите	1
тихое житие	1
так счастьем	1
и ахнула	1
одно стесняло	1
наболело что	1
которые эти	1
хоть он	1
и исподволь	1
вдобавок встречались	1
покойники на	1
еспер алексеич	1
которые выделяли	1
весело в	1
заведение тебе	1
узнали что	1
ней поэтому	1
угадать по	1
досуга так	1
чтобы дворянские	1
никто меня	1
домочадцев конон	1
какой-нибудь неожиданный	1
вольною родилась	1
ради христа	1
рассказы о	1
этих сближениях	1
этом были	1
царствует относительная	1
она над	1
было доступно	1
решение месячины	1
приказано вытребовать	1
чтобы постелить	1
него какое-нибудь	1
завтра так	1
божьей клятвы	1
уже смолоду	1
числе прочих	1
плоть и	1
не приедет	1
неправедно нажитое	1
и после	1
купец поселился	1
от заслуженного	1
гневается барчуки	1
постепенно по	1
вопрос взбрел	1
медных денег	1
только тут	1
над собой	1
стану на	1
его смерти	1
тебе целую	1
тебя сплюснуто	1
и самим	1
господина за	1
свету ходил	1
улыбается ей	1
размышления же	1
старухой известно	1
в любви	1
не боится	1
обедне с	1
ее от	1
души моей	1
с цепи	1
мы об	1
как святые-то	1
только безусловно	1
женскому полу	1
едем мы	1
вы это	1
коняшкой как	1
сейчас этот	1
налегали на	1
холодно обрывает	1
покрытые старческою	1
ведь она	1
обесцвеченных губах	1
господ к	1
мерзавец шляется	1
угол и	1
убежденных у	1
к буфету	1
грубый рай	1
она там	1
они тихони-то	1
здорово тетка	1
своей волей	1
и белые	1
являются к	1
девушки ведь	1
с одной	1
уже сажал	1
потихоньку ей	1
жест и	1
дней один	1
с новым	1
одной рукой	1
припоминала матушка	1
в малиновецкой	1
ему но	1
масленица что	1
состоянии сдерживать	1
ее сыпать	1
матушка постепенно	1
ж успела	1
побегушках сделались	1
как однажды	1
даже мы	1
сознание но	1
все тот	1
натурально сенные	1
что случайно	1
все пятьдесят	1
кровной связи	1
сестрицы но	1
просила у	1
от чего	1
девичью завтрак	1
пальцем его	1
прошедши не	1
него хворая	1
комнату сестрица	1
делают? ах	1
услали в	1
говорила уж	1
таким своенравным	1
сестрица умеет	1
впрочем застигла	1
постоянно держали	1
работе непривычная	1
случае надлежит	1
гаркну вот	1
к обеду	1
лучше бы	1
даже лет	1
что барщина	1
девичью ужинал	1
только старалась	1
супротивного слова	1
как портной	1
ручную расправу	1
хотя яко	1
через все	1
покушает принесут	1
пили чай	1
все жестоко	1
и неслись	1
ворона ходи	1
конону матушка	1
мавруша-новоторка она	1
входа и	1
с уверенностью	1
она спала	1
и уйти	1
самосадочную которая	1
благодарила бога	1
раз матери	1
чтобы уступать	1
и велел	1
погружалась в	1
клещевинов совсем	1
чувствовала себя	1
позавидовала бы	1
нет помните	1
он двигаться	1
записочки будешь	1
действительно на	1
место кому	1
обступившего ее	1
в результате	1
хворой здесь	1
земли ведьма	1
являлась с	1
особенно встревожена	1
впечатление на	1
под ее	1
он голова	1
стали поживать	1
примолкла голос	1
теоретическая сущность	1
в тяжелое	1
его поразила	1
приблудных называли	1
бы непрестанно	1
с другой	1
со штыком	1
и затем	1
и потупленных	1
безвременья настигавший	1
отдававшие себя	1
матушка сдерживается	1
зря отдала	1
рабский кодекс	1
без труда	1
он прополз	1
буфет и	1
был безответен	1
чего никто	1
щах да	1
невестой кругом	1
деревне ремесло	1
него дальше	1
что те	1
думает теперь	1
этим хозяйственным	1
для степана	1
старика мужа	1
дом пожалуй	1
в расчет	1
имения отняла	1
глухом факте	1
одеваться матушка	1
о скором	1
сидят с	1
припоминала старик	1
ответом сидит	1
прощенья просить	1
бы с	1
порядков и	1
работать да	1
покряхтывает и	1
печет просвиры	1
знал церковный	1
крадучись ночью	1
его искали	1
грязь еспер	1
последствий стычки	1
этим самым	1
вишь ты	1
праздное слово	1
ничтожной рабы	1
ретивость и	1
дело статочное	1
решившийся исполнить	1
сосчитать так	1
все дела	1
убьет он	1
злокачественное в	1
странник никогда	1
мирону степанычу	1
венцы небесные	1
обидой забылись	1
дурное питание	1
все один	1
мол всякую	1
пример тетеньки	1
но бродил	1
им впоследствии	1
когда замуж	1
нехорошо да	1
целых семейств	1
жили соседи-помещики	1
выдаивать будет	1
чтобы побрить	1
зорко следила	1
но скорее	1
в сенях	1
только чтоб	1
вечные останусь	1
праздник требовалась	1
не покроет	1
пустые глаза	1
непредвиденности или	1
малиновецкий староста	1
в ком	1
это еще	1
и подавно	1
стычки эти	1
дало ей	1
по воскресеньям	1
буду ах	1
они тотчас	1
уметь почаще	1
проповедует? христос-то	1
ноги на	1
вращая недоумевающими	1
все пропало	1
но то-то	1
и слушал	1
и остережешься	1
что дочка	1
одиночеством и	1
что гораздо	1
о ней	1
попался плохой	1
мирилось с	1
утонченные приемы	1
вам раз	1
барщина в	1
сказалось ах	1
существуя ничтожной	1
известны были	1
господам твердила	1
общая любовь	1
и сделавши	1
гостя глядит	1
она отвечала	1
будет уметь	1
неожиданный вопрос	1
горячи с	1
это взаправду	1
кулака чтоб	1
стоят на	1
жить да	1
вся ваша	1
склеилось да	1
и обедов	1
массе лицемерных	1
как последнею	1
признаться этих	1
балок у	1
человек опять	1
от немочи	1
печать молчания	1
водки полштоф	1
на потеху	1
стороннего подстрекательства	1
влюбиться непременно	1
ним так	1
этом и	1
но никаких	1
и дела	1
еще коварнее	1
матушка бледнеет	1
сытою в	1
под носом	1
голову несомненно	1
как каменным	1
самым безалаберным	1
что там-то	1
словно я	1
других невзгодах	1
кононом сокровенного	1
меня вот	1
дома собираться	1
насчет предстоявшей	1
ей рабе	1
ладно после	1
образ и	1
а убытки	1
из евангелия	1
порядков лежало	1
садам гулять	1
аннушка решение	1
зачета отдам	1
волосы светло-голубые	1
озорство какое-нибудь	1
по ледяному	1
мазурку танцевал	1
балагур словно	1
цепною собакой	1
избавил когда	1
условий но	1
ей только	1
имели бы	1
что поставил	1
дело при	1
разговоров но	1
отношение выражалось	1
вообще мужика	1
исказилось еще	1
лучше не	1
из-под земли	1
зубов не	1
в часы	1
в буквальном	1
прокураты делают	1
угасла но	1
и круто	1
что распоряжения	1
случаю впрочем	1
олух сам	1
это наказать	1
добро пожаловать	1
из бесконечной	1
греха иной	1
заключение а	1
хорошо коли	1
не пью	1
каракатицу и	1
которого обещалось	1
павел становясь	1
их довольно	1
между нами]	1
и барынины	1
только умеет	1
разговаривать и	1
то пойти	1
на паре	1
то анюткой	1
более неожиданным	1
но семья	1
христос спас	1
как был	1
в волнении	1
подобный образ	1
шести в	1
хозяйственным афоризмом	1
части девушек	1
на три	1
обязанности выполняют	1
и рассказывала	1
камердинера при	1
доме его	1
вечером часов	1
ненависть мавруша	1
принимала участие	1
прикажете на	1
болото xx	1
сколько зим	1
и разумеется	1
всех ему	1
говоря ни	1
выбывавшие из	1
не лгала	1
своей практике	1
направо и	1
в очистку	1
было ухватиться	1
дверью появление	1
нем плодом	1
теперь за	1
последнею овладел	1
ее малорослая	1
нем тягло	1
народе пронеслись	1
какому бы	1
покорная и	1
и навлекла	1
сенях как	1
ареною тайных	1
последний сок	1
да дочка	1
имел старосты	1
темы вечера	1
акулине пусть	1
обязанности камердинера	1
дом чтобы	1
говорю только	1
что первая	1
дни в	1
редела одних	1
колени сверх	1
слава богу	1
вперед по	1
трубу не	1
прикажете никак	1
она беспрестанно	1
упускала случая	1
свидетельствую здесь	1
постелить войлок	1
содержание и	1
несмотря однако	1
решение проводила	1
расшнуруйте барышню	1
власти указ	1
на портретах	1
нее как	1
и посвистывает	1
сударыня бог	1
шорох это	1
он что	1
следовательно и	1
она всегда	1
она известно	1
иным содержанием	1
представился павел	1
нелюбовь в	1
иметь перед	1
а-ревуар [исковерканное	1
мучениках истощались	1
домициан и	1
определить было	1
признака мысли	1
и ветшало	1
прислали нового	1
женихами ни	1
нынче ночью	1
мотив шли	1
было исследование	1
за квартиру	1
только отшатнулась	1
произнесла спасибо	1
старые берите	1
форме только	1
и уж	1
и занялась	1
за награду	1
положительную ненависть	1
еще испытание	1
за семейными	1
и вонючею	1
саду я	1
лишнюю рабу	1
рабов и	1
для проформы	1
невесты смолоду	1
в могиле	1
сказать рабами	1
печет это	1
недели сведет	1
сидит у	1
их ей	1
вся его	1
конон уж	1
своим углам	1
действительно в	1
приказа но	1
не засиживалась	1
в старый	1
на воздухе	1
недурно зато	1
передаст то	1
ты мелево	1
крестьян преимущественно	1
уголку у	1
норма оброка	1
время рассказа	1
рассказывал и	1
комнату и	1
матушка без	1
увижу как	1
церкви так	1
я умирать	1
постоянно слонялось	1
теперь он	1
он грешен	1
вдруг на	1
среда обыкновенно	1
лицом в	1
находилась в	1
характеристично что	1
на скотную	1
тем менее	1
на снегу	1
любить до	1
маврушу для	1
рода управляющих	1
пойдут кто	1
что долго	1
суровые следовали	1
дома полагалось	1
живет задаром	1
тем каждодневно	1
выдам тебя	1
не лучше	1
разговелся вот	1
покатилова продолжает	1
она понимает	1
черный хлеб	1
ишь жеребцы	1
что барчонок	1
ей серьезное	1
тихо он	1
счету исключение	1
было подумать	1
конечно поймете	1
я представил	1
так устала	1
проформы спросил	1
сходили к	1
сада принес	1
коли не	1
постепенно забывая	1
выхватила из	1
рук на	1
прежде только	1
не бывало	1
и двумя	1
узкий в	1
сестрицын роман	1
общей массе	1
это время	1
благодарите а	1
либо стадо	1
деревне по	1
закон вступить	1
пошатываться сейчас	1
вас или	1
властной госпожи	1
овчинку не	1
сумерничали вообще	1
щегольском коричневом	1
доброго на	1
не пересказать	1
случайно шел	1
подобных фактов	1
ему впору	1
стеречь господское	1
подаешь чуть	1
подавлять свою	1
спускался вниз	1
цирульникам то	1
на застывшем	1
него немочь	1
просты заглядываем	1
рабскую пьет	1
немилостивые цари	1
и продовольствовать	1
кончине а	1
часто изволите	1
следует сидите	1
этом смысле	1
роман кончился	1
каким-нибудь чудом	1
усилия его	1
здравый смысл	1
притом вполне	1
бы перестала	1
сказал позвольте	1
сено косить	1
и раб	1
накопил вдруг	1
мог чем	1
самого первоначального	1
они уже	1
не хочет	1
наставления поговорки	1
дала под	1
было молодую	1
два раза	1
и грубят	1
он вчера	1
бровь а	1
разговору будет	1
эту хворь	1
на тонких	1
у анфиски	1
словно у	1
судачить просто	1
маменька ваша	1
блажь не	1
просить да	1
обнаженные могильные	1
думы если	1
притом так	1
я вру?	1
а принадлежала	1
макаром всех	1
том каких	1
что любо	1
туда и	1
же понял	1
меня царь	1
матушка натурально	1
добро отдал	1
маменька в	1
какому случаю	1
господского и	1
стычек с	1
буду врет	1
давно снюхались	1
подставлял так	1
вся наша	1
значит мимо	1
засиживаться мысль	1
разбойнику поступал	1
лёгости нет	1
пьем чай	1
нанес уже	1
отразилось на	1
о сю	1
последняя по	1
друзья все	1
всегда она	1
даже среди	1
главную роль	1
прийти на	1
откровенна мавруша	1
не выдерживает	1
маяться посуди	1
где ей	1
в летописях	1
сушили сено	1
горя приняла	1
проломлю и	1
матушка слышит	1
славословить? и	1
чашки из	1
холодно сегодня?	1
рукой словно	1
мне смел	1
одну минуту	1
маленькая не	1
пожитки какие	1
полное олицетворение	1
очень часто	1
даже отдано	1
все должны	1
опостылела ему	1
голове с	1
они полюбили	1
масла] подает	1
нечего попустому	1
сестрицы несчастную	1
для кого	1
масса там	1
барин в	1
вожделений и	1
блюли барский	1
вымолвила милостив	1
порядках xviii	1
но вслед	1
сестрицу и	1
себе быть	1
законопачу и	1
крепостной ад	1
так у	1
гость успел	1
а какую	1
ни убеждения	1
разве можно	1
любви от	1
встретившейся девушки	1
для других?	1
твердо что	1
святой-то человек	1
своей родины	1
нехотя лишь	1
не молвили	1
время обе	1
крепостного выходить	1
вообще господ	1
незаметно впала	1
сестрицына мысль	1
потеха сраму-то	1
тетеньки оставшись	1
сечь заставили	1
приемы которые	1
практике что	1
ветром ли	1
уме поэтому	1
окрашенные губы	1
мой старый	1
фактов удержаться	1
к труду	1
прибавляла матушка	1
негодование вообще	1
в одно	1
пошлет тебе	1
полуодетый я	1
кличка эта	1
степанычу намеднись	1
ведите ее	1
учитывался словом	1
оправдать свой	1
сближениях и	1
пьянство не	1
что дома	1
и собрались	1
покойная бабушка	1
очень чувствительный	1
малиновецких крестьян	1
отходит она	1
брехотня похожа	1
факты представлялись	1
бога за	1
что говорите	1
не след	1
как-нибудь? само	1
окончательно не	1
собравши баулы	1
блеска словно	1
и удаляется	1
ассигнациями вообще	1
а наутро	1
нее французская	1
воздухе растаял	1
крестьяне жали	1
сразу прочитал	1
матушки на	1
и мудрецу	1
замечательнее несмотря	1
послушания все-таки	1
к лицу	1
давая вне	1
хочу то	1
вбегая в	1
веки вечные	1
поступить ежели	1
важнее при	1
телегу через	1
слова у	1
матушка обеспокоилась	1
фартуке на	1
вам или	1
это так	1
ты виноват	1
ножки сударыня	1
обоих в	1
подвергалась и	1
замужество ничего	1
разговоры и	1
она господа	1
помощью этих	1
себе да	1
с превеликим	1
а другой	1
обычные menu	1
на строптивую	1
от писания	1
секрет-то этот	1
помирать со	1
голове постепенно	1
поэтому хотя	1
что никакой	1
портному мастерству	1
сделает вообще	1
из павловой	1
нужным аннушка	1
один степан	1
не думаю	1
кончится попытался	1
этом предмете	1
боковушку я	1
видючи его	1
плюху а	1
сих пор	1
одобрения крестьян	1
с тобой	1
того придет	1
снесли не	1
лучше говорит	1
последняя тупо	1
пору жилось	1
вероятнее всего	1
у женской	1
прийти вот	1
родилась в	1
подают только	1
и олух	1
отпарили? иван	1
землю смотрите	1
все-таки нашла	1
найдет покуда	1
нею лицо	1
она сбежит	1
расторопная что	1
обычною непринужденностью	1
ли заплатил?	1
жизни судьба	1
с постели	1
сударыня казалось	1
горел сальный	1
кажется за	1
убеждению аннушка	1
храма ими	1
я пытался	1
что иван	1
смущаясь ах	1
к заболотским	1
сколько спина	1
них золотые	1
побрить или	1
нее в	1
оно? и	1
эту блажь	1
девушек ты	1
дворовыми в	1
олухами были	1
положит руку	1
станет она	1
идеалистка и	1
и избегала	1
привез его	1
все горло	1
но тут	1
мне нездоровится	1
удовольствия точно	1
не принять?	1
не церемонились	1
были будни	1
других-то? мелькало	1
думай об	1
в катюшкином	1
раздавался бесшабашный	1
на фаталистическое	1
о жене	1
вечные сумерки	1
ей вольную	1
произведено было	1
действует подтрунит	1
посылала она	1
подобных занятиях	1
и возвещенный	1
неделю говела	1
пряли аннушка	1
сталось тогда	1
ты осчастливить	1
возьму выдам	1
врасплох стояла	1
жаловалась но	1
в канарейках	1
цепи сорвалась	1
ней он	1
на лицо	1
что заранее	1
сколько другому	1
рассуждений взяла	1
сегодня франт	1
и незаметно	1
крепостного живописца	1
родилась вольною	1
известно ну	1
бегали по	1
о предстоящей	1
слова да	1
указывали на	1
конца зимнего	1
совершится какое-нибудь	1
распоряжался тетеньки-сестрицы	1
заслуженного наказания	1
суровый приговор	1
блаженство в	1
с муженьком	1
результате получалось	1
для какого	1
награду себе	1
или где	1
госпожа повторяю	1
были единственными	1
сила действует	1
меня довольно	1
ума их	1
встал перед	1
содействии тетеньки	1
часто конон	1
кого-нибудь кажется	1
уже улеглась	1
принимала и	1
звать ее	1
барыниных приказаний	1
предала божий	1
осталась у	1
звал как	1
шею да	1
на гуслях	1
помещичьей своей	1
один глаз	1
аннушка спать	1
молодые люди	1
просвир а	1
ее сталось	1
катастрофы то	1
ропота и	1
более скромных	1
сударыня с	1
муку она	1
ли мол	1
дыра во	1
теперь мужички	1
светлыми пуговицами	1
больше двух	1
отвечал кратко	1
тебя сгною	1
он допрежь	1
сказать самый	1
по будням	1
жаль тебе	1
этого порядка	1
идет о	1
его обучали	1
одумывалась и	1
праздничные дни	1
девушки забывая	1
и кончил	1
фаталистического озорства	1
дело кончилось	1
бала была	1
девки слушая	1
безмолвная и	1
годною для	1
буфетом но	1
рода ремесл	1
приходите мол	1
мучительна потому	1
труда можно	1
о сестрице	1
так уже	1
праздник чтобы	1
возможности распоряжаться	1
б аннушка	1
быть строптивою	1
слышу спрашивает	1
развращенные и	1
идешь? кричала	1
близится к	1
поучения вот	1
от матушки	1
сострадания у	1
ах братец	1
барин вверялся	1
предстояло возобновить	1
явилась господский	1
щеткой тебя	1
установлены одни	1
приплясывая на	1
когда иконостас	1
ваши дети	1
не оставил	1
его вопросы	1
кстати и	1
строже с	1
углам глаз	1
в разные	1
тут у	1
портного можно	1
завидовали сравнительно	1
рту вот	1
наверх аннушка	1
тебя посмотрю	1
то целуются	1
лишь к	1
бы угодить	1
прочим работал	1
выискалась да	1
и сумерничали	1
подмечала противоречие	1
ты хлебы	1
из облака	1
госпожа скажет	1
девичьих вожделений	1
макаровым зовут	1
порах махнула	1
вышло и	1
постоянном труде	1
ничего от	1
иконостас кончишь	1
галерее рабов	1
другим предположениям	1
а самой	1
себя разговаривают	1
заслышавши их	1
едва не	1
знает крестьянскую	1
силы палашка	1
сегодня бог	1
просторный и	1
что они	1
всех приблудных	1
воспоминаниям о	1
или ее	1
наживет а	1
и посмотрите	1
окрестили назвали	1
что очень	1
вон он	1
занапрасно аришку	1
и докладывает	1
с своим	1
субботам павел	1
долго несколько	1
светскости приезжал	1
вошел да	1
намерена посмотрю	1
дворянин на	1
значительнее и	1
кто его	1
остановится словно	1
вонючею жидкостью	1
окошка и	1
ж я	1
серег две	1
столе каждый	1
только к	1
срамницу заключала	1
он пользовался	1
а имение	1
каким же	1
первая кадриль	1
голода торжествовала	1
проснулся и	1
девичья положительно	1
возникали даже	1
руку сестрица	1
матушка возвратившись	1
в ноги	1
труд этот	1
тетенькам грозное	1
докладывает что	1
нее дальше	1
на изделье	1
анфиски справляется	1
вдобавок с	1
рода препятствие	1
нею не	1
поздно ли	1
барыней разыгрывать	1
на нездоровье	1
поэтому ничего	1
клещевинов докладывает	1
это главное	1
о расходившейся	1
хозяйства ходила	1
минуты согласной	1
кончил жизнь	1
которого только	1
справилась что	1
приказанию выполнил	1
затихала но	1
колье сделаем	1
было собралась	1
аннушкиной проповеди	1
теперь куда	1
осужден в	1
не всё	1
отцу она	1
прочнее других	1
хуже других	1
благословил ее	1
вскочив с	1
заключался лишь	1
не сердитесь	1
зависело от	1
давали ей	1
ли аннушка	1
вы могу	1
и березку-то	1
собственном горьком	1
быть есть	1
связаны общим	1
как гаркну	1
деле привязались	1
свое водворение	1
мириться с	1
ни умственной	1
а вслед	1
и ускользал	1
наша ходил	1
невзгодах настигавших	1
принимали господи	1
жесть самой	1
матушка с	1
графинами с	1
которые на	1
сиротам грех	1
конечно лучше	1
претенденты на	1
единственная льгота	1
нет она	1
и примирить	1
сестры поселилась	1
мы ваши	1
матушки из	1
добровольном закрепощении	1
бог-то жертвы	1
и бегает	1
на кузнечих	1
с оброка	1
всякого признака	1
мол склавши	1
и взял	1
он пробыл	1
совсем ему	1
оправдывается он	1
ведь сразу	1
но брат	1
ты делаешь?	1
владел несметными	1
обеспокоилась и	1
сапожника и	1
унесло мелькало	1
она краску	1
ответ верный	1
и купил	1
сущности его	1
благо начался	1
слабеющих рук	1
лице луча	1
сон но	1
дух тяжкий	1
не впадать	1
стриженым однако	1
похвалил аннушку	1
выказал желания	1
снюхались убеждается	1
и схиму	1
выкупу и	1
осуществился так	1
семейными нашими	1
предана вместе	1
имели начальство	1
что пробовал	1
момент внезапно	1
какой нынче	1
и работой	1
государстве и	1
ни семьи	1
шла а	1
свободою чаще	1
такой случай	1
любопытствует он	1
каморку где	1
свой гнев	1
забытьи твердившие	1
слетел обычный	1
восторжествовала прошло	1
любовь дворовых	1
даже самого	1
внутренно преисполненное	1
одной думы	1
милую но	1
тебя князь	1
девичьей ну	1
такой массе	1
эту минуту	1
этом предположении	1
притом браки	1
само собою	1
негодяй смотрите	1
сторицею вознаграждена	1
немаловажная потому	1
она туда	1
квартиры раз	1
пироги горячи	1
нет уж	1
не жених	1
и чувствовали	1
туда успели	1
и высказавши	1
можно хоть	1
могла только	1
позвольте мол	1
матушкой последняя	1
прегрешения твои	1
лежа на	1
накрывает кушанье	1
ростовский помещик	1
тебе госпожа	1
теперь надо	1
было он	1
очень слабое	1
было отведено	1
ее сердце	1
добывать и	1
даже вскочила	1
скажите на	1
живо как	1
составляет нечто	1
которое была	1
увальня даже	1
сковороду лизать	1
на неделю	1
естественным выходом	1
представлялось расчета	1
начала печь	1
глубинах его	1
сестрицам усаживался	1
ежели упорствовали	1
которых поэтому	1
в отсутствии	1
сударь молчишь	1
и разговелся	1
но благодаря	1
на тягло	1
над телом	1
коклюшки перебирают	1
испорченные легким	1
любезности но	1
вразумительно так	1
любимые кушанья	1
афоризм что	1
крохотное пространство	1
письменным столом	1
живут а	1
малиновце разумеется	1
повиноваться так	1
не украл	1
наказал меня	1
снимается с	1
упоминалось имя	1
докладом ну	1
плохого мальчишку-гаденка	1
сударь мы	1
лице ни	1
истерика матушка	1
них крестьяне	1
при гостях	1
или там-то	1
нежели дурное	1
ее содержание	1
братец какие	1
то анкой-каракатицей	1
перцем с	1
на ее	1
об палец	1
одной стороны	1
зеленоватые глаза	1
ничего сидят	1
минута и	1
же было	1
к сестрицыной	1
плана в	1
мелкие подробности	1
перила чтобы	1
целую штуку	1
большинство спало	1
рабы благословляли	1
мой первый	1
слышит как	1
пойдет балагур	1
правило брат	1
деревню за	1
ли? но	1
на ум	1
однако задача	1
секунду лицо	1
иваном макаровым	1
мило при	1
хамы легонько	1
далеко не	1
и пораженная	1
сказать обо	1
новоторжская мещанка	1
бессвязно лепетала	1
нужны а	1
приказание по	1
великомученицы варвара	1
на голову	1
с испугу	1
не думали	1
день к	1
ее лице	1
свою долю	1
ничего было	1
усадьбе должность	1
широком синем	1
вашей надин	1
никто в	1
придирчивее становились	1
и непримиримого	1
может ему	1
о послушании	1
может и	1
театры вечера	1
ему понравилась	1
распростертый на	1
и ей	1
сокровищами и	1
сложилось несколько	1
устроить самым	1
рабом с	1
жужжанием веретен	1
его отписать	1
неправильно нажитого	1
спрашивал ты	1
бурные сцены	1
такое] милости	1
она да	1
хорошо отвечала	1
расчета потому	1
предугадать которые	1
прочим приходите	1
полное если	1
бобылки жила	1
и кончаясь	1
цвета сильно	1
извольте сударь	1
тут бывали	1
вот если	1
личность своих	1
матушка то	1
сознательной пропагандисткой	1
приходит в	1
барского добра	1
заплачу ни	1
даже представить	1
заметили в	1
называл его	1
за дело	1
попробуй-ка у	1
эта так	1
томит должен	1
и читал	1
угрожающее зеленоватые	1
обучали портному	1
ведь масленица	1
дорожила усердными	1
нравственном смысле	1
бестолковостью но	1
особенно налегали	1
признаться уж	1
срамник ты	1
да хворая	1
дворне первое	1
тетеньки-сестрицы не	1
анютка брехать	1
же непредвиденности	1
как сокол	1
и тиранство	1
он от	1
время упорствовала	1
конон да	1
конон слег	1
разу не	1
возвещенный мутовкиною	1
в какую	1
пользовались при	1
них попасть	1
прислуги был	1
нечто вроде	1
раз ему	1
не удастся	1
а помните	1
мужичка хорошо	1
времени позволяли	1
отниму иногда	1
скажи не	1
заурядного удовольствия	1
буквально выжимали	1
принял ее	1
потасовках которые	1
а милость	1
исполнять и	1
венцы-то небесные	1
сложнее и	1
что удручающие	1
зачесанными к	1
стану ты	1
и отдали	1
конон молчал	1
пропитана указаниями	1
изделье но	1
убежденности которое	1
кто-нибудь ты	1
и выходить	1
был ей	1
женихи ей	1
протекло мое	1
уж грабитель	1
надо и	1
entre nous	1
ему несколько	1
эге думаю	1
небось и	1
начну с	1
иконостас в	1
приказанье отдам	1
сутолока быть	1
него не	1
ключницей с	1
там но	1
видал сколько	1
и система	1
надёху она	1
из слушательниц	1
твоему богу	1
в общий	1
сюда пришли	1
сестрица встает	1
не очнулся	1
девушки всей	1
прикрикнуть но	1
вот отец	1
раз когда	1
лакейская задача	1
маялся на	1
вспрыскивай скорехонько	1
визитам в	1
чаем потчевали?	1
тлеть стал	1
довольно милостиво	1
она догадывалась	1
еще к	1
возражением и	1
глубокий сон	1
действовали и	1
довольно-таки утомительное	1
ну уж	1
молчишь накидывалась	1
водворить маврушу	1
чувства любви	1
на землю	1
он исправлял	1
потихоньку следили	1
хранила бы	1
ежели ну	1
заключалась единственная	1
способность предусматривать	1
какому-нибудь излюбленному	1
редела и	1
наверное это	1
рабов обратить	1
попал и	1
вследствие стороннего	1
извиниться перед	1
не краденое	1
не нахожу	1
не полезет	1
массы дворовых	1
разговор а	1
уступает место	1
ее диалектики	1
наказывали не	1
это такое	1
насчет божьей	1
явно в	1
получалось в	1
где она	1
на войлоке	1
прикоплял новые	1
не пошел	1
чулкам и	1
что служба	1
я твоему	1
не помирать	1
знаю однако	1
которых один	1
благодарность понимают	1
как например	1
высохший скелет	1
пойдет она	1
исправлял при	1
не имела	1
с докладом	1
а спросить	1
слышь передние	1
прыгало такое	1
едва выглядывали	1
этого равнодушия	1
для ее	1
ходил к	1
не заменялись	1
соловкины хлопотуновы	1
довольно буря	1
славно парик	1
давно друг	1
за которым	1
аннушка что	1
госпожи за	1
лежебок его	1
убытки беспокойная	1
представляли ночью	1
ли? долго	1
сундуков и	1
но фактов	1
холоп над	1
покатилова тоже	1
приготовить на	1
господа так	1
осталось божий	1
дальнейших последствий	1
потребность отмщения	1
не допускавшая	1
допускать никаких	1
преисполненное доброты	1
тебе прегрешения	1
досадовало матушку	1
видим оттого	1
ей засиживаться	1
недостаток простора	1
дом лишнюю	1
ворота не	1
сказывай пригласила	1
сударыня ручку	1
гонорар в	1
матушка сердита	1
там жили	1
кушает? любопытствует	1
ребята около	1
время зажиточного	1
угадывали в	1
притесняют работой	1
московского гостя	1
главным фактором	1
имел можно	1
легкая это	1
и мог	1
этом еще	1
начнет по	1
затянулось словно	1
на воде	1
так называемых	1
только бог	1
трепет на	1
голос она	1
одну съезжую	1
фордыбака дворянку	1
дома замедлял	1
этому поводу	1
жилось гульливо	1
уберечься от	1
воззрений а	1
на брата	1
за пару	1
так велел	1
дармоедами однако	1
спать пора	1
выпороли занапрасно	1
вновь с	1
времени заглядывали	1
которого при	1
и сказала	1
ее только	1
им управляться	1
дети разбрелись	1
для образов	1
надзором состояла	1
помещичье досужество	1
не сделать	1
посмотри что	1
я всё	1
этом напоминании	1
подлец? вскрикивала	1
нагрянут и	1
аннушка я	1
работа тем	1
обещали где	1
не выказал	1
отпечаток они	1
купец краденое	1
то ей	1
всего до	1
еще много	1
сама жизнь	1
решала аннушка	1
в бровь	1
воде чуть-чуть	1
самого начала	1
хотя он	1
ей неможется	1
своей из	1
должна понимать	1
лицу не	1
со всею	1
практических ограничений	1
нечего смотреть	1
мишка-чумичка или	1
помещики которые	1
по смерти	1
апостола дворовые	1
и балагурством	1
пошпыняет а	1
ноги у	1
никакой кровной	1
лице я	1
извините бога	1
их своеобразной	1
ни у	1
брошка три	1
дома даже	1
что крепостное	1
жилка у	1
словно дятел	1
конон по	1
кого же	1
да сверх	1
как шута	1
и выводом	1
наружное и	1
не мудрено	1
всячески старалась	1
этом доме	1
чем-то вроде	1
москву но	1
его опять	1
заставить помогать	1
и свои	1
запирает в	1
оставил меня	1
будем склавши	1
равно-с матрена	1
определяла все	1
врет а	1
ей передаст	1
кошке мышкины	1
все унесло	1
печь спустя	1
сопровождала то	1
слуха ее	1
исполнить приказание	1
руками и	1
красоты среди	1
раз не	1
любовником убежала	1
которое всех	1
не приняла	1
украинскую деревнюшку	1
помине откуда?	1
ходил он	1
доходило и	1
могли за	1
во всякую	1
особенных мер	1
посмотришь-посмотришь увидишь	1
горницу поставил	1
господствовало представление	1
нет надо	1
танцует сама	1
следовала за	1
о прошлом	1
выскользнуть из	1
немедленно услали	1
что ей	1
с легким	1
всегда принимала	1
третьим и	1
совсем перестала	1
шематоном с	1
минут в	1
утвердившейся за	1
в матримониальном	1
мало-помалу стая	1
как у	1
на седьмой	1
и по-видимому	1
больше прежнего	1
ты ей	1
очереди умер	1
матушка позвольте	1
не пропускала	1
скажет у	1
застольной но	1
глаза подобно	1
и господин	1
петь молодежь	1
существом к	1
жалко ах	1
господствующем в	1
согласие было	1
кажется я	1
пользы женихи	1
хлопнув дверью	1
случай крестьянского	1
дело делает	1
знакомые за	1
тогда вышло	1
голову усомниться	1
толочь мысленно	1
случились дела	1
разве черт	1
лет десять	1
лакейской в	1
в волненье	1
поедет а	1
когда же	1
через секунду	1
как от	1
начинает шутки	1
истязание раб	1
последние терпели	1
в великом	1
приносили толокно	1
день быть	1
девушки влюблялись	1
нас под	1
тягло и	1
с девушками	1
вполне убеждена	1
поедем я	1
люди долго	1
и вопрос	1
говорила не	1
предупредить вас	1
вымерли к	1
не рабы	1
извел другую	1
ланитам вздую	1
комнату в	1
сестрицу входя	1
своего добра	1
и получишь	1
тоже заплакал	1
которого не	1
косой ну	1
с той	1
долгие с	1
какой работе	1
прямо преследовали	1
и набора	1
спросить тебя	1
всем ее	1
оплеуха коли	1
пятнадцати лет	1
обнадежил меня	1
назначавшееся из	1
надеяться быть	1
ее чего	1
ведь он	1
как ему	1
будущем христос-то	1
не считают	1
лежал распростертый	1
по вкусу	1
ванька-каин постепенно	1
вожделеющих зверей	1
ушла она	1
не приходится	1
что подобный	1
на бегу	1
говори хоть	1
и услышал	1
голову вступит	1
спас ее	1
иконостас кончит	1
драма кончилась	1
предложение сестрице	1
памяти прим	1
как основные	1
а вторая	1
которых внутреннее	1
оболтуса-мужа кстати	1
в прислуге	1
вследствие этого	1
в дальний-дальний	1
изнурения но	1
все вечера	1
можно менее	1
знаю понимала	1
при них	1
такая работа	1
для этой	1
неправедно он	1
чуждо во	1
нашлись вот	1
настолько характеристично	1
ивановне платье	1
и мешаться	1
скромных размерах	1
сватовство и	1
ненароком сказалось	1
смотреть тошно	1
мест пьянство	1
своего шестка	1
уверенностью утверждать	1
преднамеренной системе	1
маврушино тело	1
послушалась благожелательных	1
и провизию	1
изломало жаловался	1
помещения в	1
девалось грустно	1
секунд смотрит	1
молчать то	1
уме ее	1
хоть крошечку	1
крошечной сторожке	1
нравиться характер	1
старается угадать	1
размерах возобновлялось	1
маменька голубушка	1
привыкнет мавруша	1
не видим	1
аннушкино гудение	1
терентьича ненила	1
даже наказания	1
небрежно обнаружилась	1
конюшню бы	1
ли мавруша	1
пригласила ты	1
а нужно	1
среди беспорточной	1
крепостного замуж	1
чересчур резких	1
барский интерес	1
даже ссоры	1
не грех	1
выходим такова	1
новинским потом	1
оброку но	1
тебе устрою	1
святым приравнивать	1
пользовались последние	1
что купец	1
был лакей	1
себя с	1
благожелательных советов	1
он упал	1
пораженная как	1
угодникам ездил	1
злое угрожающее	1
когда-нибудь я	1
друга и	1
каком-то нелепо-кровожадном	1
нетерпеливо отвечает	1
стонет как	1
вспомнить о	1
такой дух	1
ее кучер	1
сению храма	1
голове все	1
они воротились	1
заметит давно	1
говорится на	1
заседатель разрешил	1
погрузила ее	1
все здесь	1
всеми поступками	1
олухов с	1
и врезалась	1
сестрица продолжает	1
фу сестрица	1
в молчании	1
забывала о	1
по-пустому чешут	1
церкви предстояло	1
мы из	1
это сподобитесь	1
же все	1
кругом так	1
определить сколько	1
неподвижно стоит	1
зовут а	1
принята всеми	1
провести его	1
почти вся	1
следовать неуклонно	1
получать не	1
прощелыги у	1
нагибается к	1
глаза ее	1
его существо	1
деревню к	1
приходилось слышать	1
то сделали	1
наверху в	1
дом часто	1
односложными ответами	1
проку только	1
по каким	1
да посвистываю	1
заменить другим	1
да гноем	1
возобновить так	1
что жена	1
чердак должно	1
батюшка умереть	1
воли навсегда	1
чулок и	1
христовой невесты	1
прокатки окрашиваемая	1
бы ну	1
говорит такую	1
набожностью по	1
тем уже	1
с прочими	1
меньше хлопот	1
намерение жениться	1
сбежала а	1
на цепь	1
милостью говорила	1
наутро едва	1
молоко хлеб	1
не прикрикнуть	1
просидевши с	1
аннушка за	1
то сокровенное	1
эта оказалась	1
ж и	1
ежели кто	1
они даже	1
божью клятву	1
раба присутствовала	1
поступили еще	1
работы но	1
пару с	1
шум свидетельствовавший	1
глубокий поклон	1
только лет	1
неужто у	1
около хозяйства	1
на самых	1
нему проходили	1
стороннюю работу	1
понимает что	1
этак и	1
прим м	1
домашних послуг	1
вечера друг	1
виде а	1
когда отец	1
советам здравого	1
коленях ломоть	1
снисходительною матренку	1
собралась сказать	1
милость холоп	1
свет полусонному	1
представляли собой	1
выделяли бы	1
колени нет	1
противоречия с	1
купец жил-был	1
был незаурядный	1
степан с	1
хотя бы	1
впечатление и	1
низвело дворовых	1
же ухабе	1
день гаврило	1
в широком	1
хамов все-таки	1
имения и	1
смотреть какие	1
не доходя	1
доме происходит	1
что когда	1
но это	1
счастье у	1
жутко в	1
смеется ворчала	1
основании своем	1
сдерживать туловища	1
плеткой а	1
господин пошпыняет	1
других в	1
распустит либо	1
слышались восклицания	1
училища и	1
ткачи и	1
а во	1
те не	1
куска жалко	1
дальше впрочем	1
особенно было	1
нас господин	1
ах туша	1
умеет так	1
бессознательно подчинялись	1
аннушки рассказ	1
тебя перво-наперво	1
бы по-твоему	1
с лучком	1
прозвище сначала	1
едва гость	1
было какой-нибудь	1
так ручьем	1
господа с	1
коренных малиновецких	1
уверял что	1
и грубый	1
строго блюли	1
ржаной муки	1
в основе	1
бы вы	1
впрочем это	1
[говоря между	1
мгновенно сплевывала	1
заступался за	1
старелось и	1
сестрицыных женихов	1
толпа старых	1
обедом говорила	1
скажут и	1
смотрит в	1
шутки и	1
осторожна нежели	1
в болоте	1
измятыми лицами	1
перед обедом	1
на своего	1
приняли от	1
примирить ее	1
ты сегодня	1
избранникам которых	1
праздник нужна	1
за эти	1
семейство наше	1
душевного движения	1
в солдаты-то?	1
почерневшие портреты	1
не что	1
вообще решила	1
медовой сытою	1
положить конец	1
степени ее	1
новую рабу	1
по-видимому совсем	1
бросается сестрица	1
ее возвратившись	1
относительно мавруши	1
интересует происходящее	1
как хотят	1
угрозах что	1
была несложная	1
пустое место	1
и надо	1
тихи-тихи а	1
хлеб и	1
малиновецкой девичьей	1
аннушка продолжает	1
отца нашел	1
пересказать то	1
работ очевидно	1
понимать с	1
и силком	1
барышней в	1
производило полезную	1
фигурировали немилостивые	1
матушка или	1
сыром наконец	1
приличествующим зобом	1
разбежались остался	1
уже зубы	1
в ход	1
в одиночку	1
шематон говори	1
догадывается что	1
подобно отцу	1
редко оказывались	1
выработала и	1
командовать? спрашивает	1
метение комнат	1
встречались помещики	1
брака с	1
пор покуда	1
встречала и	1
еще я	1
аннушка принадлежала	1
приветствий которыми	1
приняв решение	1
душ по	1
разумеется спервоначалу	1
природе и	1
судись поди	1
ногах пел	1
налицо пример	1
историй совершенно	1
церковный круг	1
победительницею вышла	1
и сходи	1
роль она	1
только жрать	1
последней был	1
собеседований но	1
бы всех	1
все-таки там	1
сравнению с	1
кровь отворяют	1
ей представился	1
приказанием немедленно	1
да вот	1
что было	1
другим другого	1
зачет не	1
не согласовались	1
все как	1
и имели	1
когда приносили	1
которой протекло	1
кодексом который	1
распишу я	1
перекрестил прикрикнет	1
видеть и	1
а тебе	1
с портретного	1
упеку но	1
удовольствием ее	1
так ведь	1
к неминуемому	1
роптать извольте	1
не получилось	1
не мешали	1
ли как	1
жаловался он	1
еще резче	1
вымолвит здорово	1
божий образ	1
же крепостная	1
охранять обнаженные	1
впрочем и	1
вынесены по	1
самой тонкой	1
мне ее	1
делая одно	1
не чужда	1
да смеется	1
печь одни	1
чтоб виноватая	1
в памяти	1
двух лакеев	1
на девичье	1
души своей	1
явствовало что	1
знают да	1
залы доносятся	1
делаешь? служишь?	1
праздникам давали	1
решилась возобновить	1
собой как	1
дразнится сестрица	1
фактором этих	1
которые с	1
живет во	1
скором отъезде	1
их так	1
послужить отправился	1
чаще обыкновенного	1
жутко посадили	1
с весу	1
за ними	1
фактически акулина	1
тебе бы	1
кажется так	1
взять умеет	1
к мужу	1
продолжала преследовать	1
не покажется	1
что помещик	1
не поедет	1
первой просьбе	1
бы отвязаться	1
дворовыми на	1
не являлась	1
едва вслед	1
нелепое спокойствие	1
сковороды и	1
будущий муженек	1
но вопрос	1
какую даль	1
звери и	1
забытье поздним	1
выяснилось что	1
мало казалось	1
уложились и	1
голову запало	1
приказание отлучить	1
принимать от	1
чего доброго	1
даже барщинские	1
понравилась жениху	1
зале в	1
предположения к	1
прилегавшие к	1
что перед	1
переходил от	1
аннушку ограждала	1
добыть захочет	1
же мол	1
должность заплечного	1
матушка кисло	1
прерывала они	1
ради того	1
она руководилась	1
ей отводили	1
не вступать	1
что надо	1
крестьянское житье	1
так легко	1
посвятить усмирению	1
полезет матушка	1
детской обстановки	1
да ладком	1
обращала вниманья	1
будешь переносить	1
правда что	1
в составе	1
предположениям не	1
с мужем	1
дичилась и	1
был просторный	1
кушают вот	1
освещаемой лучом	1
в поисках	1
за науку	1
приезжал ваша	1
команды не	1
зубы на	1
вознаграждена за	1
молчание на	1
ее понятиях	1
матушке произошел	1
идолом что	1
кожу с	1
самым коварным	1
чай подавался	1
смолоду смотрела	1
была очень	1
решил надел	1
сердитесь а	1
дворяне нашлись	1
другом а	1
господа не	1
надуло? резко	1
сбежит заберет	1
назначить та	1
мелькало в	1
тоже остерегает	1
на которое	1
в порядке	1
ведь очень	1
мерзавца или	1
этих людей	1
чу со	1
ужинать-то дали	1
затрогивала его	1
она учила	1
указывала крестьянская	1
что нечего	1
и доверил	1
я должен	1
продолжает блажить	1
сомнение ее	1
столовой во	1
имеет между	1
разнообразие типов	1
продукты даже	1
где оно?	1
ведь как	1
первоначально его	1
какие последствия	1
довольно удобно	1
требовавших ни	1
ее предоставишь	1
водворении последней	1
этот зародыш	1
расходившейся барской	1
но эту	1
моим удовольствием	1
что кажется	1
уж так	1
собрании встречались	1
что однажды	1
сам бог	1
все-таки дочь	1
приезжаешь ты	1
он то	1
черна у	1
самым пустым	1
пора он	1
присутствие в	1
узким и	1
над нею	1
и любуется	1
милостиво солдатик	1
руке девка	1
тем приносили	1
в нос	1
возникала целая	1
из пятниц	1
он обязан	1
сибирь законопачу	1
отныне все	1
случайным заказчикам	1
новокупленные имения	1
никакого у	1
повернула по-своему	1
практика до	1
слуги усердные	1
заведенных порядков	1
по деревне	1
воздерживалась и	1
по красному	1
дни одевшись	1
не долго	1
обыкновенно оживлялся	1
неделю понадобится	1
с узким	1
их мне	1
нижнем этаже	1
духом и	1
заглазная столяры	1
ненавидящей женщиной	1
впрочем призывала	1
разыгрываются начинаясь	1
хоть кожу	1
как угодники-то	1
что дело	1
месяц-другой и	1
на олуха	1
коридору чувствовался	1
заботится лишь	1
этим именем	1
машина такая	1
бьешь бей	1
же история	1
бродил по	1
ловко сумела	1
обтрепанным подолом	1
за столом	1
учились прислуга	1
на пустых	1
корки отодрал	1
воротились в	1
духа на	1
чутью помещиков	1
глаза потупили	1
взбрел на	1
дальше то	1
его мучителем	1
быть отныне	1
без последствий	1
грехами как	1
пошел позвать	1
хлебы на	1
власть приучила	1
крохотненькие пирамидки	1
осчастливить собой	1
она чего-нибудь	1
чужда какому	1
начинала оказывать	1
московских мастеровых	1
в плечах	1
до матушки	1
дышать то	1
я ваша	1
когда вздумается	1
перечисляет матушка	1
на лестнице	1
столбовой дворянин	1
сама проходит	1
наступает конец	1
б матушке	1
считалось неприличным	1
работами только	1
терентий прохорыч	1
которая могла	1
благородно и	1
за новости	1
отцом дети	1
погосте под	1
перемогает себя	1
площади в	1
притесняют но	1
не слишком-то	1
сама это	1
что исчерпаю	1
черные волосы	1
белого хлеба	1
рослого детину	1
до чего	1
плюхи с	1
неизвестно вероятнее	1
называемых хозяев	1
варом дылду	1
это никого	1
могилами их	1
мастера и	1
которые весело	1
в буфет	1
глаза тонкие	1
будто мне	1
после непродолжительных	1
да сложа	1
обоих упеку	1
теперь точно	1
месте видно	1
чтобы любовные	1
день прикоплял	1
разговор иметь	1
господ работать	1
было все	1
часы матушка	1
между односельцами	1
сгинь-пропади отплевывались	1
приходил в	1
родилась рабой	1
точно с	1
и мне	1
сидела как	1
право уже	1
шут выдумал	1
жила тетеньки	1
позволяли себе	1
старостой с	1
ее начинают	1
и сказал	1
хворая а	1
приносил громадный	1
и мастерицы	1
и чулок-то	1
приставили маврушу	1
матушка удаляясь	1
на-тко обрадовалась	1
не барский	1
было держать	1
читателя были	1
москву такую	1
будто неловко	1
глаз тихоня	1
отчасти ему	1
спохватились я	1
же мысль	1
крепостного человека	1
он постоянно	1
печке мешать	1
выполняют и	1
этом отношении	1
нему не	1
колодки ноги	1
мутить небось	1
не настаивал	1
хлебы вот	1
нашей семьи	1
вдовец и	1
и думал	1
наконец превратилась	1
напротив просила	1
будто ей	1
застольную сведут	1
ним что	1
большой дороге	1
разыгрывает из	1
еще три	1
в праздничную	1
другие лежа	1
претерпевали потому	1
привезли чаи	1
среди такой	1
воле матушка	1
обычный загадочный	1
что его	1
напоминавшим гусиное	1
послышался шум	1
человек этот	1
на побегушках	1
другими дворовыми	1
то теперь	1
уж довольно	1
близко граничило	1
общим желанием	1
возобновил свою	1
даже если	1
и кушают	1
заставила хлебы	1
к заутрене	1
него за	1
в купцов	1
походит маменька	1
было приказано	1
ее приездом	1
преимущественно таких	1
меня принимаете?	1
постой просто	1
шаги заслышавши	1
вызвать только	1
чередуются соловкины	1
не отдашь	1
этих запрещениях	1
мере пятьдесят	1
справедливость матушке	1
подобное критическое	1
буду терпеть	1
дождаться поела	1
чай языки	1
на облегченье	1
зачем? удивилась	1
них я	1
стола ситные	1
я возьмусь	1
праздник так	1
утром она	1
ты кузнечиха	1
с сестрами	1
заставило смотреть	1
все заметили	1
он помаленьку	1
пускали в	1
исправными плательщиками	1
желаю словом	1
затканные паутиной	1
xxii бессчастная	1
интересном месте	1
их еще	1
вам визит	1
назавтра готовил	1
пожалуй принесет	1
нет восклицает	1
угадать впрочем	1
слышится колокольчик	1
хамово отродье	1
спросить где	1
стал пошел	1
девичью приносили	1
ему и	1
участвовала ли	1
навсегда сказал	1
свой поступок	1
об ней	1
сударыня здесь	1
о чем	1
малиновец для	1
про то	1
во-первых не	1
не лезла	1
была привезенка	1
выдерживает подходит	1
возьмет да	1
произвола даже	1
уносит их	1
в тебе	1
она относилась	1
она стараясь	1
чудом не	1
нежели относительно	1
да благодарите	1
это сделаете	1
отстегать тебя	1
остался господин	1
не загрести	1
мелькнуло в	1
обид сиротам	1
побежала исполнить	1
правила конечно	1
труда казалось	1
крестьян думали	1
час или	1
довершение всего	1
говори пригласила	1
того все	1
невзгодах еще	1
он обращаясь	1
сделаю и	1
в зародыше	1
бы на	1
спустите я	1
поступки конечно	1
голова как	1
нашу сестру	1
павла был	1
спросил а	1
она пользовалась	1
было предположить	1
выручил ее	1
себя божью	1
мудреного что	1
цитадель господствовал	1
повредил себе	1
благородные господа	1
третий хожу	1
ой примете	1
гостеприимства правда	1
сидела она	1
его любознательности	1
от прочих	1
покуда господа	1
устрою вот	1
акулины что	1
преобладающими в	1
господина раны	1
плеткой вспрыскивай	1
его поведение	1
ну хорошо	1
рабу матушка	1
собой временное	1
они действительно	1
она потихоньку	1
настолько буквально	1
самое рассуждение	1
откуда? от	1
вынуждена беспрерывно	1
она обзавелась	1
слез бывало	1
время была	1
но ничего	1
когда до	1
гораздо легче	1
цепь я	1
не учились	1
смел а	1
оброку отпустят	1
свой не	1
парик прилипли	1
всем по	1
запах так	1
это вам	1
непосильные дани	1
картина в	1
потупленных взорах	1
девушка хорошая	1
будет в	1
не давать	1
будет по-твоему	1
к сестрицам	1
выражалась об	1
нередко забегали	1
на сенокос	1
недавняя встреча	1
одета прелесть	1
но всё	1
распоряжения самые	1
проникнуть ивановы	1
в помощники	1
как конон	1
обыкновению уклонился	1
тяжелое забытье	1
прибавляла сестрица	1
решается принять	1
прошел значит	1
верные преданные	1
третий день	1
же дворовые	1
как узница	1
кодекс которого	1
мальчика пятнадцати	1
на каторге	1
авантажна но	1
поучений не	1
ее героинями	1
забылись тьфу	1
все одно	1
при матушке	1
из тетенек-сестриц	1
бродит словно	1
негодовала матушка	1
они что-нибудь	1
странном виде	1
тогда все	1
посмотрю как	1
чищения ножей	1
изволите сударыня	1
его загорались	1
капризу им	1
обеда стоит	1
припомнить где	1
на спине	1
искренняя любовь	1
включением масленицы	1
последней сколько	1
она будет	1
завсегда проповедуешь	1
а всего	1
сударыня дело	1
молоком всем	1
одном из	1
она стесняя	1
восклицания то-то	1
что лакейская	1
в силу	1
груди вслед	1
не завидовали	1
у стола	1
следовало бы	1
сварило всё	1
назначении сельских	1
бы обязательными	1
видимое наслаждение	1
мысль отстаньте	1
пел пироги	1
бы меня	1
ежели дворянка	1
проч сделал	1
то сквозь	1
давала ей	1
дороге а	1
нею росла	1
господ судачить	1
должны яко	1
еще осталось	1
мужика замуж	1
барыня приказывает	1
будет думала	1
словами она	1
не металась	1
уступать исключительно	1
утомительное балагурство	1
являлись праздность	1
отличалось от	1
и думать	1
придумать не	1
последовать советам	1
равнодушных людей	1
протягивая руки	1
взгляде являлись	1
удручающие вериги	1
и чуточку	1
успела поздороваться	1
напоминала почерневшие	1
защитит меня	1
дальнейшие объяснения	1
вот мы	1
мелешь? известно	1
рук так	1
девушки но	1
живой снимут	1
этого она	1
существование господ	1
повинуйтесь причастницами	1
был ежели	1
[материал для	1
дворовыми а	1
на длинных	1
оброчных крестьян	1
а дочка	1
при полковом	1
разжились пуще	1
смысла призвала	1
есть не	1
я мать	1
представлять матушка	1
перестала существовать	1
лучше у	1
мне слышалось	1
не подставлял	1
лет испорченные	1
сопротивление и	1
молча ретировался	1
бутербродами с	1
выволок он	1
вот это	1
дети приобщались	1
которыми так	1
лозанов приняла	1
произведенное ею	1
и тряслись	1
рот и	1
балагура ишь	1
ему условились	1
а конон	1
примениться не	1
любя весело	1
ли? каких	1
пустых щах	1
так силком	1
кровь порядка	1
своей напоминавшее	1
его лице	1
унылый фортепьяна	1
прежней сокрушавшей	1
правду сказать	1
из сундуков	1
в отсутствие	1
грех она	1
войлок на	1
оторопь и	1
опять беда	1
деревне словом	1
почему-либо прочнее	1
о своей	1
них какие-то	1
жалкую фигуру	1
величают ремесло	1
и узкое	1
иван на	1
очнулся извольте	1
работы дадут	1
нередко отец	1
которое ни	1
идет своим	1
словом все	1
силу своего	1
мудрено поэтому	1
всей детской	1
секунд посланная	1
было слабое	1
не подают	1
спасли ишь	1
форме преследуя	1
распоряжение чтобы	1
говорит расшнуруйте	1
было противно	1
забывая недавний	1
двойной оброк	1
целой зимы	1
мастерицы ими	1
за днями	1
не сладко	1
памяти примеры	1
всему коридору	1
павел приносил	1
воздвигнутого даже	1
всего замечательнее	1
хочет встать	1
полезную и	1
поцеловать прочь	1
выглянула матушка	1
масса покончивши	1
считают нужным	1
положен не	1
на руки	1
умел беспощадно	1
держали в	1
быть стремление	1
как главный	1
он образ	1
он пухнуть	1
или так	1
всегда под	1
тайна этого	1
аннушкой и	1
пор отдам	1
таком взгляде	1
столбом она	1
храмы божий	1
желание имею-с	1
больше постепенно	1
не давал	1
пойдет матушка	1
семье все	1
работа ее	1
вам сударыня	1
бог милостив	1
изображение той	1
тяжкой избавил	1
господам повиноваться	1
на буфетном	1
и приедет	1
матушка призывала	1
или она	1
возобновлялось и	1
разумения свое	1
одни принимались	1
понятиях пуристов-крепостников	1
бродила по	1
что устами	1
скажет ему	1
могла ускользнуть	1
ткача и	1
вновь и	1
мавруша однако	1
была чуть	1
полевых работ	1
и обратно	1
решилась последовать	1
потом громче	1
становилось как	1
унеси ты	1
казалась однако	1
бродит со	1
как вскочит	1
в занятиях	1
мерзавку вижу	1
барчуки учатся	1
по-своему а	1
меня все	1
время благоразумно	1
и целые	1
здесь по	1
которым числилось	1
зевнет перекрестит	1
кому какое	1
хорошавиных и	1
один образ	1
и каждый	1
же нестерпимую	1
тишину среди	1
ничтожной торговлишкой	1
это намерение	1
похоронить самоубийцу	1
гулять и	1
счастье иметь	1
велено принимать	1
доме беготней	1
старосты сам	1
уже была	1
мастерицами аннушка	1
ж одета	1
факте которому	1
шутит сейчас	1
кончишь и	1
наконец объявили	1
на цепи	1
ради что	1
помнил точно	1
успела усесться	1
ней на	1
терпи умрешь	1
с светлыми	1
а лежит	1
сочувствием отнеслись	1
со мной	1
получишь награду	1
хозяйка дома	1
толокне и	1
барыни ее	1
она погружалась	1
в глаза	1
говорят и	1
только во	1
невежество и	1
из церкви	1
так по	1
дальше как?	1
в торжке	1
федот умер	1
встревожена была	1
бывало проймет	1
глазами так	1
допускала отступлений	1
любуясь зрелищем	1
как знает	1
девичьей ей	1
и молили	1
мудрецу распутать	1
словом не	1
серьезных хотя	1
интересовался как	1
шематона нет	1
свету я	1
настолько преобладающими	1
время притупила	1
человек которого	1
извольте сударыня	1
ежели что-нибудь	1
бы дылде	1
пришла позвольте	1
сделал? оброк	1
и этот	1
какое-то непреоборимое	1
от ее	1
останавливались даже	1
не следовало	1
не заявляя	1
того гляди	1
срастил ногу	1
твоя на	1
а ведь	1
отшатнулась от	1
начальников деньгами	1
шапку не	1
не разойдутся	1
угрозы поэтому	1
шкура-то у	1
решается не	1
вас муку	1
же манером	1
продолжает ли	1
отсылки строптивых	1
воли своей	1
она сообщила	1
верхом приличия	1
другого чувства	1
шематона? он	1
ласку благодарен	1
платок и	1
гармонику принесли	1
неделю вот	1
отнеслась к	1
по собранию	1
как ведь	1
незаурядный и	1
матушку что	1
девичьей на	1
только трех	1
размочит поутру	1
могут они	1
это утро	1
человеку который	1
случае она	1
кодексом что	1
вдогонку но	1
бодр как	1
да сахары	1
осталась рабою	1
отцом собираясь	1
шутки шутить	1
засиживалась и	1
велит отказывать	1
старости в	1
делают запрутся	1
обещаю что	1
совсем больна	1
дома нет	1
ответ известно	1
провинции вспомнила	1
отчасти зависела	1
мысли переходил	1
думать? известно	1
глазах всегда	1
себе манжеты	1
то за	1
вы все	1
рабство как	1
кротко говорила	1
ее реже	1
был разбужен	1
гостя в	1
брешут утешала	1
тошно повинуйтесь	1
однако безобразною	1
отпускался с	1
вашим господам	1
представлялся следующий	1
поэтому глядя	1
наказания ничто	1
горя приняли	1
сватались вдовцы	1
привезли кажется	1
огрызался ванька-каин	1
же тебя	1
я словно	1
сцены в	1
печку и	1
аннушкиных речей	1
девичьей уже	1
так наболело	1
с виду	1
хлеб ешь?	1
когда мне	1
разумеется ключница	1
называли этим	1
схватит спросонок	1
делен то	1
поняли что	1
ведь вот	1
они составляли	1
отправляйся в	1
чаю не	1
отец называл	1
и забывая	1
хорошо а	1
с него	1
махнула на	1
ну что?	1
убеждения ничто	1
менее матушка	1
опасалась как	1
посмотрю немного	1
что заказы	1
случилось? бывало	1
в уголку	1
брильянты любуйтесь	1
всего более	1
перед перспективою	1
приспособлен не	1
вопрос но	1
ихнего чаю	1
протянула ноги	1
была раба	1
дом был	1
позвольте мне	1
ограничивалась воркотней	1
только между	1
и захолонуло	1
или обед	1
было меньше	1
сказанное хотя	1
ему бог	1
по нескольку	1
не прогневайся	1
было написано	1
сестрицей по	1
выгонял крестьян	1
когда внизу	1
решила благо	1
мы туда	1
и тот	1
из ржаной	1
на маврушу	1
нас до	1
чтоб приготовить	1
мелкота что	1
неуклонно отец	1
поднимает руку	1
поцелует и	1
вообще все	1
кончит иконостас	1
матушка осталась	1
свой рабский	1
муж был	1
этим добром	1
столом заложив	1
забыла что	1
сдерживаться ей	1
не представлялось	1
принять героическую	1
слушали выходила	1
не боюсь	1
утро грызетесь?	1
рассчитывает преимущественно	1
блажить но	1
на отпетых	1
только радости	1
душа и	1
перетираю молчальник	1
на ноги	1
или нет?	1
не различая	1
образом за	1
мужу в	1
горло бушевал	1
то-то бог	1
так должна	1
не винился	1
конон которого	1
к чему?	1
надлежит под	1
пришлось в	1
велит? и	1
все смотрели	1
что делала	1
столом и	1
тиранят пускай	1
накрывает и	1
его внутреннее	1
тип представительным	1
прикажут то	1
стоя в	1
дела не	1
вечера она	1
усадьбы достаточно-таки	1
дырявую рогожу	1
обступили его	1
такая же	1
пса смердящего	1
всех вдоволь	1
и подавать	1
необходимо чтоб	1
этой минуты	1
а к	1
жидкостью матушка	1
мужику в	1
рабы а	1
неприхотливая приказывала	1
него некоторое	1
ах черна	1
нашел такой	1
отвращения аннушка	1
есть плохого	1
подобных случаях	1
и скажет	1
качестве иконописца	1
выкупит либо	1
дням бываем	1
разговариваем как	1
полевые работы	1
затопляет смотрит	1
удаляясь восвояси	1
что совершится	1
сестрица по	1
цирульники ходившие	1
изо дня	1
ее приготовления	1
всею неумолимостью	1
добра ума	1
сделалась ареною	1
повесилась драма	1
огрызнулся он	1
менее гости	1
нельзя обойтись	1
препятствовало ей	1
были водки	1
говорила снеси	1
смеху когда	1
массы хотя	1
все мастера	1
невдомек мы	1
это ждет	1
но вот	1
ты ее	1
или коклюшки	1
вполне откровенна	1
не гневалась	1
сейчас познакомил	1
проказливость нрава	1
свету купцову	1
расходились но	1
поисках за	1
молва даже	1
несимпатичен как	1
лично тогда	1
родных и	1
снегу в	1
сестрица послушалась	1
не тебе	1
веке отольются	1
он кругом	1
своего гостя	1
вольная вольною	1
поживешь слюбится	1
на босу	1
которыми обиловала	1
посетителями цирулен	1
чердак а	1
явственнее и	1
меня бог	1
да мозолил	1
предлагая двойной	1
этим возражением	1
же видел	1
единственно для	1
успели проникнуть	1
что оставалось	1
бы войти	1
ключницы отказывается	1
то это	1
ей наверное	1
ограничений которые	1
послушалась буду	1
матушка заранее	1
улыбки то	1
людей никогда	1
к суровой	1
выкуп да	1
ручки сидеть?	1
ли тетенька	1
ты украдкой	1
расскажу я	1
завтракать не	1
сквернавцу да	1
что речь	1
либо комнату	1
сюртука и	1
чувства хотя	1
кисло улыбается	1
солдат по	1
время не	1
не предвиделось	1
ними зато	1
жениться или	1
пойдет катюшка	1
приземистая с	1
все мужчины	1
ложку пробовала	1
единственным существом	1
тебя так	1
засыпали но	1
силком окручу	1
к своему	1
управляться с	1
лет а	1
ребеночка? спрашивали	1
ее среде	1
руки за	1
благодарен матушка	1
напротив того	1
жене думать?	1
я помню	1
зубок как	1
уже являлась	1
беспокойная от	1
приводила примеры	1
нищему вот	1
пройдет еще	1
анюткой то	1
и вглядывался	1
ее боли	1
упорную лиходейку	1
слыли большими	1
бросаешь зря	1
диоклетиан домициан	1
восстановлялся прежний	1
прихожу на	1
мосту в	1
и смирно	1
внутренно ни	1
белесоватые глаза	1
угостил вот	1
могу не	1
друзья но	1
этой борьбой	1
мелких домашних	1
нам гость	1
и такой	1
них рай	1
не ослушался	1
не считает	1
давила ее	1
а ангел	1
он стареется	1
бывали иногда	1
понимали негодуя	1
луча не	1
с трудом	1
народ и	1
том самом	1
и ящичков	1
их жизни	1
все-таки до	1
самых равнодушных	1
главная масса	1
из него	1
долбишь повинуйтесь	1
изведут ах	1
ограничился тем	1
никаким регламентациям	1
одинок ни	1
ежели ему	1
признаться сказать	1
назад чтобы	1
жены а	1
в положительную	1
мысли чтоб	1
помещик но	1
как снег	1
конон возобновил	1
жестоки они	1
очередь нарастало	1
да ближе	1
убеждала она	1
с радостью	1
и уберечься	1
же? надежда	1
имя которого	1
понять была	1
катюшка пойдет	1
обращались к	1
себя рукам	1
конон болтая	1
безусловно покориться	1
работе так	1
ее комнату	1
забрили за	1
мал девичники	1
впору она	1
отвечает ах	1
приставлен в	1
своего намерения	1
того благословил	1
переговоров матушка	1
не жаловалась	1
с женой	1
матушка ничего	1
числится должок	1
выбью ладно	1
сказать просто	1
они ее	1
его все-таки	1
следовали одни	1
что блажить	1
вам все	1
ее существе	1
моя лозанов	1
кулаком кровь	1
всю себя	1
которого бог	1
ограничительный для	1
купец на	1
конон молча	1
[цвета свежего	1
притворяются все	1
барышень но	1
два назад	1
карман могут	1
окружали его	1
обыкновенно получалось	1
гаврило пытался	1
что касалось	1
сдавали с	1
работой до	1
отсутствие матушки	1
присутствовала при	1
контроля а	1
мужа на	1
спустя короткое	1
и читается	1
вспышкам любострастия	1
ежели за	1
вас правда	1
уже когда	1
она любит	1
конон дремлешь?	1
павловой каморки	1
были неимоверно	1
матерьица нет	1
часто веселились	1
оставлял замечание	1
еще крохотною	1
тон всей	1
которым он	1
ее практическими	1
помещиками на	1
груша она	1
вступить молвил	1
спрашивает он	1
вечера машинально	1
него вышел	1
свете возражательниц	1
относительно рабов	1
поймете около	1
что первоначально	1
белели и	1
христос-то батюшка	1
не отразилось	1
при самом	1
недостатком ларей	1
ему слово	1
пустится пыль	1
мы как	1
встань-ка к	1
перед ее	1
вчера выпороли	1
к этому	1
пасти он	1
за женихами	1
спросонок кочергу	1
вышел никакого	1
снятое молоко	1
и материал	1
рада что	1
завсегда говоришь	1
вчера так	1
в лице	1
и случилось	1
как этот	1
никакие силы	1
служило подвижничество	1
xviii аннушка	1
основе установившихся	1
шепчет она	1
где ежели	1
преданные и	1
озорства но	1
мозгу и	1
стало сокрушить	1
за этими	1
вашему супругу?	1
люди с	1
сделаем когда	1
исполнению всякого	1
вообще шутовство	1
женихи с	1
немочь начал	1
сиди здесь	1
обиход тем	1
быть пройти	1
приказания матушка	1
извольте беспокоиться	1
небесном свете	1
резче отличалось	1
ни копейки	1
вдруг maman	1
выходом представлялся	1
чтобы внушить	1
к миросозерцанию	1
какое-то подобие	1
тетеньку сластену	1
внутренний процесс	1
рай попал	1
исключительно насилию	1
удивления в	1
почесться верхом	1
произвели впечатление	1
случая чтобы	1
надевал синюю	1
предел положен	1
нуждающееся в	1
рабов истязает	1
напевает ес-пер	1
едет ближе	1
было много	1
всех которым	1
помещика-соседа за	1
услуга цирульника	1
большими мастерицами	1
два часа	1
не надо	1
за моды	1
не примут	1
аннушкой см	1
но постоянно	1
[исковерканное французское	1
неизменно давал	1
носит сказать	1
перестанет скажет	1
действительно не	1
стоит с	1
себя постоять	1
барыня мне	1
него как	1
по преимуществу	1
жизнь с	1
еще надо	1
сказала который	1
и исполняла	1
мол завтра	1
работы вышло	1
то тем	1
драть покуда	1
людей иначе	1
помощники к	1
и всякое	1
сама правда	1
и честными	1
да драть	1
успокоилась но	1
разрушатся сами	1
сделали что	1
препятствие не	1
брильянты разве	1
простодушнейшее существо	1
помещение хорошее	1
но фактически	1
вам и	1
месячину нанесли	1
закрыть вот	1
тихий малиновец	1
увлекалась подобными	1
на четвертый	1
и водворялась	1
снеси ну	1
уме говаривала	1
столько чтобы	1
анютка-долгоязычная и	1
известные обязанности	1
подавать обедать	1
беспрерывно перед	1
ее внутренность	1
все-таки пришлось	1
языке уже	1
нужным скрывать	1
пора зевая	1
настоящие хоть	1
дни проходили	1
догадывалась что	1
кого-нибудь вдруг	1
которым матушка	1
твердившие одни	1
раз наоборот	1
было тихо	1
еще словно	1
ночи он	1
ванька-каин настоящее	1
всегда наготове	1
и разговоры	1
поэтому что	1
приюта ничего	1
что девки	1
его узнал	1
ваша надина	1
в мозгу	1
так в	1
по существу	1
и учить	1
е салтыкова-щедрина.)]	1
великие дни	1
крепостной каторге	1
с ангелами	1
и знакомых-то	1
в припадке	1
окну да	1
руку в	1
ни малейшей	1
хлеб ел	1
мнению могла	1
ее слабеющих	1
конона но	1
мирволил предводитель	1
был прав	1
господина была	1
например одного	1
стереотипный ответ	1
к барыне	1
самого затылка	1
потешает даже	1
у хорошавиных	1
ускользнуло от	1
пойти вычистить	1
этим фактом	1
бриллиантов она	1
буду скакать	1
она цепенеет	1
леший его	1
опять явился	1
совершался самым	1
мерещится ей	1
борьбой ничтожной	1
ты матушка	1
котором было	1
действовала на	1
хлеба изредка	1
поспешила в	1
скрывать что	1
скрывалась за	1
нем были	1
я ее	1
и хвалилась	1
матушка требовала	1
минута он	1
девка была	1
господа пили	1
пяльцами или	1
краденое добро	1
испытание в	1
оживилось так	1
высмотрела нечего	1
была сознаться	1
того чтобы	1
друга заметили	1
без мест	1
небо с	1
я да	1
предварительных объяснений	1
легонько нашу	1
щеткой но	1
не теряя	1
мастеровых да	1
принесет не	1
затем приютится	1
было садился	1
дура возражала	1
бы жену	1
хлопот а	1
везде грязь	1
котел бока	1
закоренелый даже	1
на мотив	1
не захочет	1
другом любуются	1
и все-таки	1
голове однако	1
уже прямо	1
матушка имею	1
и если	1
вы за	1
том чтоб	1
фасона кеси-киселя	1
подобное намерение	1
нет девушки	1
нагрузил и	1
не подействует	1
рабам? я	1
же инстинктом	1
бы кажется	1
следили опасаясь	1
или слишком	1
того только	1
относительною свободою	1
чувствовать и	1
брильянты? начинает	1
подумать надо	1
покровительство написал	1
не стоило	1
в белой	1
горит поэтому	1
человек а	1
этого павла	1
справляется же	1
вероятно икалось	1
водки квасы	1
клятву которая	1
рабов с	1
его а	1
я никого	1
кто-нибудь над	1
серию воспоминаний	1
тем никаким	1
определить так	1
небесные в	1
запылить сапог	1
успела еще	1
время эта	1
личностями которые	1
над барыней	1
что иное	1
перед кем	1
язва дологоязычная	1
малиновце вообще	1
не ответишь	1
добровольно теперь	1
тех у	1
тут самоуверенный	1
это загадочное	1
шифоньерке спрятаны	1
иметь извольте	1
ты души	1
массе в	1
они были	1
но спокойствие	1
господа вздумают	1
всего она	1
стесняло браки	1
под новинским	1
грешен теми	1
же лакейское	1
и бродила	1
матушка разумеется	1
и неумолимые	1
уж служить	1
какая-то работа	1
разумеется в	1
безнаказанно нельзя	1
этой галереи	1
ними возникали	1
был цирульник	1
мелькало у	1
все указывали	1
свидетельствовало о	1
названием дармоедки	1
говорим немилостивые	1
тюря с	1
сударыня умолял	1
матушка испугалась	1
приказания царские	1
ведь это	1
кругом стола	1
мысль не	1
развязки и	1
господин немилостивый	1
предстояло только	1
за обедней	1
его существа	1
не принять	1
отбывалась как	1
наклоненная над	1
нарочно ходил	1
заглянуть в	1
не позволяла	1
но спустя	1
кроме глубокого	1
вообще в	1
он отпустить	1
мути христа	1
то есть	1
ледяному тону	1
объявил а	1
к заставе	1
совладать не	1
собственном хозяйстве	1
москве когда	1
холодно отвечает	1
матушка ходят	1
вышел из	1
проводив последних	1
питала предвзятую	1
что сверх	1
пой христа	1
распоряжаться в	1
каждом шагу	1
предисловия к	1
и машинально	1
продолжает делать	1
своею бестолковостью	1
ей придется	1
дому раздавался	1
его к	1
каким дням	1
преобладающими чертами	1
веселые сестрицы	1
более сносная	1
и впоследствии	1
его набивали	1
и ласковая	1
сестрица к	1
льгота которою	1
слово бранное	1
службе ни	1
особенно в	1
дедушкой и	1
называли свою	1
что требовалось	1
семейств весть	1
отпустить его	1
сидят в	1
прислушивалась что	1
барщину и	1
существа или	1
стар я	1
о мучениках	1
по одному	1
что-нибудь чересчур	1
послала ей	1
облупит поцелует	1
говела дети	1
западает давным-давно	1
менее для	1
предавался воспоминаниям	1
батюшка царь	1
них проку	1
сапоги и	1
крестьян на	1
о таких	1
разговоры возобновлялись	1
было льготнее	1
едва-едва держался	1
тебе уж	1
бы выполнить	1
приказание но	1
декольтировалась даже	1
напоминавшее лезвие	1
грязь вонь	1
делая угрожающий	1
и пойдет	1
отдумал жениться?	1
требовались а	1
помышлением всячески	1
не вытерпел	1
опомнись куда	1
сидит барыня	1
те которые	1
отвязаться никакого	1
требовалась услуга	1
много детей	1
никакого другого	1
заприметил маврушу	1
а слышал	1
тебя брильянты?	1
захочет отдаст	1
и приводила	1
останешься здесь	1
к внутренней	1
хлеба и	1
так ловко	1
да рабам	1
лезла за	1
приходило на	1
норовом все-таки	1
обрывает мать	1
выезжать? да	1
я-то дурак	1
ходил а	1
она одержала	1
меня ежели	1
одно хоть	1
его приставят	1
потому частенько	1
макаров но	1
ему говори	1
из кирпича	1
раскипалось сердце	1
попробовать говорила	1
назначили несмотря	1
теперь послужить	1
исследование то	1
в праздничные	1
д считался	1
ни приюта	1
помнил что	1
дворовых хотя	1
и ни	1
проч в	1
кабинет и	1
бонжур что	1
гоголем выступал	1
для домашнего	1
одна за	1
выбежала из	1
первой да	1
мавруши матушка	1
мелево мелешь?	1
на обрубке	1
матренку сослали	1
ларе и	1
траве чтобы	1
светлого облака	1
взять собралась	1
она а	1
не смеет	1
исключение и	1
они напомнили	1
на тетеньку	1
зал и	1
господскую барщину	1
эта неизменяемость	1
разговаривали друг	1
поработать у	1
меня христа	1
не из	1
руках у	1
и сознавала	1
она по-видимому	1
не токма-что	1
а разрешилось	1
которая постоянно	1
говорите это	1
и буквально	1
во взглядах	1
забранные у	1
к прекрасной	1
отдаст нищему	1
звуки свидетельствовавшие	1
но участвовала	1
купцову голову	1
яблока и	1
едут барыни	1
справлялись в	1
примеров она	1
не принесли	1
беседовали с	1
поздним утром	1
сидел безвыходно	1
мукой а	1
каждый вечер	1
это сделает	1
поведет эту	1
этих преходящих	1
слова и	1
верный хозяйственный	1
здесь будешь	1
рабов в	1
сестрицы побелели	1
крик и	1
ничего поделать	1
бываем да	1
мы в	1
она распоряжения	1
расставит ноги	1
внимание девичьей	1
чувствовался отвратительный	1
в него	1
быстро распространилась	1
строптивости но	1
но кроме	1
тайниках человеческой	1
этом положении	1
чувствительный удар	1
и слово	1
были так	1
достаточно насытиться	1
нее уж	1
кончилась в	1
раскаяние его	1
стороны старые	1
акулина подмечала	1
вещей никакие	1
вилку проглотил	1
потеху сквернавцу	1
стоит у	1
как тут	1
на печь	1
на помощь	1
заповеди не	1
давно не	1
пляс пустится	1
извиняться извиняйтесь	1
наконец скончался	1
на самом	1
думать о	1
видел как	1
и раба	1
аннушка решилась	1
героем другого	1
об эту	1
и девичья	1
праздник та	1
меня скорехонько	1
и едва-едва	1
меня ее	1
ослушался барского	1
дороге увидит	1
так весела	1
иван так	1
и собирается	1
полу составлял	1
результатом самодеятельной	1
дом его	1
удержались в	1
пожаловать ты	1
брехали и	1
фасада дома	1
все четыре	1
уже рассказал	1
печки затопляет	1
были в	1
стадо пасти	1
какое-нибудь сделает	1
от неправильно	1
небеси сходил	1
безалаберности поэтому	1
два после	1
дни гневаться	1
затеи такого	1
ты ли	1
иной хоть	1
поступить с	1
это обыкновенно	1
или картежника	1
она точно	1
гусельки девались	1
позову стали	1
осуждена на	1
вот этими	1
в собрании	1
выговаривала матушка	1
призывала которую-нибудь	1
нее цыц	1
хозяйственный инстинкт	1
она взглядывает	1
совсем прижился	1
степени удручали	1
в хлеву	1
мелких клочков	1
связывались нет	1
рабою же	1
жених кого	1
крепостная как	1
вокруг все	1
слышал этого	1
соблюдал все	1
доброго естественно	1
матушка фермуарчик	1
ли нет	1
конец наступает	1
такую лёгость	1
шепчет матушка	1
сидеть нет	1
оказывать на	1
берегли потому	1
дело пускай	1
всем худо	1
ее квартиры	1
дальний-дальний монастырь	1
и поступков	1
и предавался	1
предпочтительнее нежели	1
знал например	1
среде которая	1
страдное время	1
москве хороших	1
настолько жестокие	1
царство-то небесное	1
а способствовал	1
да признаться	1
рабочую силу	1
ни один	1
ранним осенним	1
при нем	1
карман не	1
преимущественно украшения	1
прочие это	1
в промежутках	1
ничего кроме	1
вошедшего ему	1
что конон?	1
навлекла на	1
до мавруши	1
у других-то?	1
с борзыми	1
успела ли	1
помилуйте да	1
словами он	1
самого последнего	1
без отдыха	1
машину не	1
концов отступить	1
его личную	1
руку сестрицы	1
отводили место	1
как котел	1
нагрузил ее	1
и угрозами	1
весело справлялись	1
часам к	1
любви вспоминались	1
все утро	1
громкий вздох	1
считался не	1
убегу от	1
отодрал московского	1
десяти беседовали	1
на приступочке	1
матримониальном смысле	1
часть года	1
этом быстро	1
другие претенденты	1
должна на-тко	1
она вознаграждала	1
расправу беда	1
рабам и	1
все глядя	1
он какова	1
еще минута	1
не бунтуют	1
вот вас	1
тут как	1
нем эта	1
отстаньте акулина	1
уедет ты	1
раз покушает	1
постегали не	1
что видели	1
боков лишь	1
довольно часто	1
набожно крестясь	1
замуж и	1
оно хоть	1
назад по	1
самом рождении	1
смирно сидят	1
то не	1
обмундировка мужской	1
заехали? клещевинову	1
большом городе	1
руководилась и	1
имение тетенек	1
уже вышел	1
только домочадцы	1
тронь слушаюсь	1
которое было	1
говаривала она	1
и молчала	1
не запылить	1
чтобы все	1
иначе работы	1
каком-то ненормальном	1
раз по	1
на первой	1
не обращала	1
ночью чтоб	1
вступал хотя	1
возрасте когда	1
этот счет	1
руках горит	1
вечера маялся	1
прополз змей	1
решимости у	1
какие ты	1
наслал на	1
еще молоды	1
боюсь ошибиться	1
он неповинных	1
ли не	1
лен не	1
узкое лицо	1
баринушко да	1
тобой справлюсь	1
господин балаболкин	1
меня настоящий	1
вот беда	1
сидмя сидел	1
из общей	1
спала там	1
на этих	1
считаю нелишним	1
чтоб выслал	1
не лишнее	1
грех не	1
госпожой матушка	1
ты оброка	1
матушка убедилась	1
продолжение портретной	1
годков десять	1
сестре руку	1
буду примирившись	1
всем обстоятельно	1
неповинных душ	1
имела никакой	1
давал один	1
в числе	1
чищение ножей	1
догадка эта	1
жалко так	1
павла когда	1
по-видимому только	1
так жили	1
кто едет	1
негодяю что	1
признавали слепое	1
водвориться в	1
стая старых	1
цвета из	1
найдется говорила	1
общий обиход	1
все приходит	1
мы так	1
хлебом кормить	1
общую беседу	1
она напоминала	1
языка слетал	1
минуту она	1
начале настоящей	1
было известно	1
дух в	1
все осязательно	1
же злоязычничает	1
и подростки	1
ее говорит	1
чулок-то не	1
быть пойдет	1
я все-таки	1
охотно награждали	1
франц.]не доходя	1
так богу-то	1
и уступает	1
поползновения конона	1
должности либо	1
и честный	1
назвать было	1
и другие	1
еще готовый	1
слабость к	1
жениться явилось	1
даже сложился	1
украшения для	1
и крестьян	1
аборигенами матушка	1
другая конон	1
что продолжает	1
он да	1
батюшки да	1
же день	1
были настолько	1
она наглеца	1
в затаенной	1
чуть свет	1
отсутствии матушки	1
знал только	1
возложили мавруша	1
которых было	1
дом домочадцы	1
могу а	1
существу и	1
он один	1
другой был	1
обед матушка	1
с представлением	1
с невменяемостью	1
чудачеств и	1
матушке глубокий	1
не заметил-с	1
времени быть	1
и сечь	1
один без	1
и расшаркивается	1
как одета	1
и разрешалось	1
которое не	1
матушка шляется	1
этом нескладном	1
гюленсор [знаменитая	1
навсегда заточить	1
забыли ли?	1
однова ездил	1
памяти живы	1
нрава ни	1
зверей второе	1
таилась в	1
не выпорол	1
приняла аннушка	1
этом заключалось	1
подходит к	1
солдаты-то? сомневалась	1
очевидно было	1
назначен так	1
только наружное	1
сделаете с	1
в тайниках	1
тонким слоем	1
вашескородие с	1
и заставят	1
очень дорожили	1
крестьяне но	1
ровно святые	1
я признаться	1
росла популярность	1
ставил поручить	1
представляла собой	1
применений и	1
или обесчестить	1
не извольте	1
один малиновец	1
перенес в	1
рассказы аннушки	1
помещиках так	1
богом но	1
что необходимо	1
составляли исключение	1
смириться и	1
тогда очень	1
старалась подавлять	1
сцену выступали	1
движения и	1
с старостой	1
при доме	1
услуга по	1
и явственнее	1
воюющие стороны	1
деревянную чашку	1
не человек	1
служил в	1
разные цвета	1
не исключая	1
губы извольте	1
этот потерян	1
матушке едва	1
впрочем как	1
вышел так-то	1
зачета лоб	1
помещичья власть	1
на ларь	1
конечно и	1
выберут а	1
упечь и	1
или вот	1
реже раздавался	1
меня бросили	1
полный комплект	1
а разве	1
мужика но	1
федотом я	1
сносная но	1
каморки послышался	1
лай стихал	1
равнодушие было	1
минимума а	1
dit [говоря	1
героинями были	1
больше обид	1
угомонились что	1
говорю напрямки	1
всем доказывала	1
же путаницы	1
перво-наперво у	1
себе господин	1
вы замахнулись	1
будет анютка	1
предложениями понимая	1
умер староста	1
первое низвело	1
не удержались-таки	1
и колье	1
насилию отчасти	1
и страдать	1
жару по	1
праздника без	1
вздохи как	1
мне живого	1
нескольку раз	1
деликатную операцию	1
сегодня обрящин	1
очень мал	1
веке она	1
французская книжка	1
ним познакомилась?	1
нового городничего	1
est-ce que	1
на свете	1
сторон окружали	1
исключения ходили	1
однажды по	1
отношении матушка	1
возражала аннушка	1
отец он	1
со щеткой	1
мысль о	1
вы какое	1
крестьянскую девушку	1
покачивался как	1
божии жертвую	1
и они	1
в отцовскую	1
тут на-тко	1
ее а	1
ни внутренно	1
рану причинит	1
кажется он	1
могу с	1
малиновце триста	1
изъяном к	1
этого просто	1
глазами катюшка	1
девушки пряли	1
туша несуразная	1
слоем каши	1
поэтому сомнение	1
вовремя спохватились	1
пригорку но	1
помещения поворачивает	1
к новым	1
только что	1
всегда как	1
не сообщила	1
заменялись новыми	1
работу даже	1
довольно смутно	1
просто выскочила	1
сидит на	1
прижился он	1
пришли я	1
придирались да	1
не прикасаться	1
порфирий васильич	1
взяли ее	1
могиле дети	1
из чего	1
было допущено	1
выходить будешь	1
и распялил	1
деньги думаю	1
известно было	1
явился в	1
значение которых	1
матушка подсылала	1
гостя ванькой-каином	1
муж в	1
приписывала свои	1
окружающее далеко	1
между крестьянами	1
всего дома	1
испытание матушка	1
кратковременную симпатию	1
тебя и	1
ключницы хотя	1
желанием мира	1
что резонирующая	1
очень недурно	1
самые суровые	1
нелепый долговязый	1
мастерству но	1
дрожат она	1
бесконечно предана	1
ногу костоправ	1
все меня	1
свою это	1
и объявил	1
чешут и	1
вот однажды	1
преходящих явлений	1
выросла и	1
с чего	1
умирать надо	1
стало покончить	1
постарше с	1
уверен что	1
ей дылде	1
ланиту ударят	1
друзья по	1
слушательниц есть	1
чтоб дать	1
и усеянным	1
же сходила	1
не изнурять	1
ваньку-каина на	1
упрячу ни	1
детину из	1
которые заранее	1
произносил он	1
утром одевшись	1
что принять	1
же регулярностью	1
и глубоко	1
осязательно поняли	1
затаенной строптивости	1
сторон безалаберщиной	1
желание в	1
лета имел	1
лошадей через	1
я возвращался	1
тетеньки покуда	1
вчуже становилось	1
мавруша тосковала	1
теряя слов	1
вот печет	1
хорошенько бы	1
и молодые	1
хоть перед	1
действием фаталистического	1
отдано приказание	1
дай хлеба	1
ванька-каин не	1
имели за	1
не продал	1
недозволенною фамильярностью	1
убил бы	1
пойти пойдут	1
свете горе	1
очень редко	1
долгоязычная коли	1
замечание без	1
результатами срам	1
портреты старых	1
просвиры для	1
три часа	1
стихал в	1
прожить в	1
незапамятные времена	1
соберут сенных	1
догадалась хоть	1
ежели барыня	1
хоть нет	1
на правду	1
черный народ	1
женитьбы покуда	1
отбил печенки	1
праздники и	1
натурально зорко	1
и дом	1
крохотном собственном	1
никакой личной	1
были великомученицы	1
не обещаю	1
быть не	1
работа найдется	1
на долю	1
хорошая жаль	1
дверью гостю	1
еще так	1
вражду к	1
тем сложнее	1
лучше как	1
работу дать	1
ехал? любопытствует	1
выйдет которую	1
налицо полный	1
этих рассказов	1
послал снежку	1
оправилась возвратили	1
рабской жизни	1
своего шематона?	1
матушка заподозривала	1
семь дней	1
неудержимая потребность	1
задумчивая сосредоточенная	1
подслушавши разговор	1
жаль ему	1
вообще у	1
понятиях представлялась	1
начале прерывает	1
лицемерных приветствий	1
жрать да	1
к уху	1
целы ли?	1
их ради	1
спальной как	1
визитов не	1
заметил вступивши	1
помнится для	1
сказать приличное	1
кодекса и	1
управляющих доставляли	1
что нехорошо	1
а шлялся	1
плеч долой	1
движениями отгадать	1
душ погубил	1
две-три сряду	1
чуть было	1
ярма до	1
воля только	1
ты спросишь	1
числилось не	1
им бы	1
а днем	1
слуга я	1
диспут и	1
алемпий выпросив	1
любви жить	1
лестнице поскользнулся	1
палец ударить	1
больше у	1
ждали очереди	1
екатерина говорила	1
с пылу	1
сударыня хворая	1
неприхотливость объясняли	1
посте и	1
а напротив	1
матушки в	1
уголковских крестьянах	1
несколько лет	1
более чем	1
дворянку разыгрывает	1
думаю убьет	1
баб шесть	1
сдерживалась во	1
его лакеем	1
укладывайте а	1
никто определить	1
науку но	1
выказывая при	1
прошла неделя	1
пуристов-крепостников самое	1
поэтому его	1
девушки и	1
нас например	1
фаталистическое ярмо	1
подлый мерещится	1
колье обещали	1
стремление к	1
матушка приходила	1
росту голова	1
муженек затопит	1
просвирами возится	1
приставят стадо	1
приравниваю а	1
довольно долгие	1
ими воздвигнутого	1
ненормальном состоянии	1
замухрышке ей	1
совершались беспрепятственно	1
твои и	1
грамоте скитаясь	1
исчерпывала его	1
двери как	1
сегодня балок	1
было даже	1
сказать с	1
сашка ты	1
сраму-то сраму	1
отлучить жену	1
зале накрывали	1
примирившись с	1
совсем легкою	1
с небеси	1
глубинах своего	1
носом делается	1
в рай	1
была довольно	1
она акулине	1
становясь на	1
недоумевающими глазами	1
как-то не	1
при одной	1
мозолил глаза	1
детей и	1
числу таких	1
чтобы черный	1
пяльцах шьют	1
зал уже	1
воркотней по	1
горницу так	1
материал для	1
только имя	1
отвлекал внимание	1
ты уже	1
в акулине	1
же вечер	1
выбрали самого	1
строя люди	1
резко отрезывает	1
тебе самому	1
которая не	1
весь день	1
тогда еще	1
возразит не	1
ясно что	1
как рассудит	1
желает с	1
вычистил бы	1
с тарелкой	1
не смущалась	1
явлений случайно	1
беспокойтесь ни	1
прошел другой	1
доме все	1
павел но	1
крестьянина довести	1
с поваром	1
стульев это	1
давал засиживаться	1
обе корки	1
трет небось	1
москву как	1
ее требования	1
заболотье богатей	1
не убили	1
праздною болтовней	1
отольются кошке	1
не пивала	1
неделю отдатчик	1
ин прах	1
показалась настолько	1
гулять золотые	1
видом телодвижениями	1
делом и	1
с медовой	1
по крайней	1
тихо благородно	1
уже взяло	1
к цирульникам	1
ручку поцеловать	1
случае потребовалось	1
и доложил	1
хозяйственные интересы	1
он расправу-то	1
еще сверх	1
ухищрений неверных	1
беспорточной команды	1
бы законные	1
судьбу но	1
позволенья не	1
тоже нельзя	1
по двадцати	1
ты его	1
уж поровнялась	1
степени приучила	1
доведена у	1
ее письменным	1
конюшню после	1
к голове	1
кричим немилостивый	1
слова клоаку	1
нее даже	1
на всех	1
аннушку но	1
не легко	1
он вам	1
слово не	1
говорит тут	1
надоело живите	1
заложил телегу	1
куда все	1
и решается	1
интересовался так	1
обусловившая своего	1
да кстати	1
к еще	1
конон матушка	1
чуда никакого	1
поговорки привычки	1
дармоеды хлебогады	1
vivendi которому	1
как живем	1
под сенью	1
он вишь	1
любовию к	1
господского дома	1
какие бывали	1
законные лета	1
разумеется и	1
перспективою помятых	1
аннушка всегда	1
умолкают ах	1
пропагандисткой но	1
домашняя сутолока	1
согласовались с	1
солдатик беглый	1
примет ради	1
какой закоренелый	1
не спрошу	1
столкновения в	1
сенью которой	1
угла и	1
временные страдания	1
если не	1
пошехонское раздолье	1
балаболкин баринушко	1
его но	1
не забыли	1
силу не	1
пятки к	1
подчинялись по	1
и остальное	1
было без	1
уморит мелькнуло	1
речей она	1
притом давали	1
стали они	1
труд и	1
барыне и	1
кузнецком мосту	1
роль властной	1
место своей	1
могла назваться	1
этим потому	1
в самые	1
ум где?	1
и сыт	1
доставляли почти	1
рабы вы	1
места для	1
отлично различает	1
словно надеялась	1
была зла	1
несколько строптивое	1
раз сопровождалась	1
муж или	1
быть он	1
от особенностей	1
его должности	1
бламанжей самого	1
нельзя назвать	1
мужчины кругом	1
но после	1
него такой	1
малой мере	1
одета была?	1
такой азарт	1
семьи то	1
погубленной молодости	1
стекла скрывавшие	1
исключительно на	1
фактом и	1
грязью милые	1
имеют известные	1
выражалась о	1
хорошо тогда	1
и приросло	1
щец что	1
потому нещадно	1
без счету	1
заставят песни	1
пару и	1
серьезного решения	1
его настолько	1
обладал он	1
бы недавняя	1
этого бесхитростного	1
ей да	1
бесстыжая где	1
не накормил	1
как? припоминала	1
мог вымолвить	1
совсем еще	1
помилуйте сударыня	1
истая саддукеянка	1
случай вышел	1
последней мелочи	1
мужа жену	1
как мишка-чумичка	1
одновотчинников а	1
бог терпел	1
не действовали	1
впрочем довольно	1
маврушу потому	1
за недостатком	1
аннушка опасалась	1
аннушкиных вольностей	1
порядки пища	1
рассказ его	1
действительно ли	1
beurre frais	1
шутил важно	1
что действуя	1
пронеслись слухи	1
этот клещевинов	1
запрещали считалось	1
по-видимому польстили	1
паре вилку	1
такие бывают	1
ли обоих	1
что услуги	1
отдала хранила	1
домашнего обихода	1
повторялась с	1
и при	1
среди малиновецкой	1
в гробу	1
срок определить	1
была единственным	1
не знал	1
слугою этот	1
сподобит всевышний	1
прочь негодяй	1
сажали жениха	1
вполне свободною	1
надин мазурку	1
приникать всё	1
перед собравшейся	1
среди ночи	1
вот афоризм	1
ты будешь	1
висками зачесанными	1
с гармоникой	1
доме ожидают	1
поклонюсь дальнейших	1
приспичило? желание	1
праздность шутовство	1
боковушке за	1
он настоящим	1
обыкновенно отзывался	1
шутки шутит	1
расспрашивает только	1
фермуарчик брошка	1
припадке проказливости	1
их не	1
видит идет	1
размышлении это	1
вам будет	1
произнесено спосылать	1
вынуждена была	1
нет позвать	1
живет на	1
касается дворни	1
все заветнейшие	1
все усилия	1
сколько поднимая	1
словно кто-то	1
пускают к	1
занялись и	1
месяца мы	1
ей поступить	1
базарные дни	1
первая была	1
так будет?	1
скрывала кодекс	1
учить ее	1
попустому болтать	1
ивановна одета	1
интересу кроме	1
скорби по	1
чаю вниз	1
серия практических	1
догадалась что	1
завтраков и	1
поклонится на	1
ее слушали	1
и уставляли	1
крепостная правда	1
сряду сидела	1
старик муж	1
иван макаров	1
только раз	1
настоящей хроники	1
тяжелая медленная	1
заслышав аннушкино	1
крепостною сделалась	1
если он	1
за стулом	1
губы длинные	1
свое да	1
есть у	1
доме нельзя	1
касалось его	1
павла сбылось	1
выбегает хлопнув	1
добровольной рабы	1
от отдачи	1
послушаешь тебя	1
своих до	1
заглазное издельное	1
живет говорит	1
происшествие это	1
свидания] извините	1
клещевинов был	1
именно вот	1
очень хитры	1
видела это	1
стонет он	1
девушки по	1
с драгуном	1
с лицом	1
он лежал	1
себя и	1
на целую	1
однажды уж	1
деревенского увальня	1
девушками и	1
самому едва	1
театры предстоящие	1
и отличался	1
если кто	1
них поучения	1
повторяю что	1
жестокие и	1
уже считал	1
разумеется всего	1
мнению ее	1
волнение что	1
коли я	1
придется все	1
вроде подобных	1
угодно я	1
так говорю	1
ли твоя	1
были впрочем	1
сударыня да	1
вообще помещики	1
называла не	1
недели она	1
случайно выпадет	1
накануне свадьбы	1
дети и	1
братцу конечно	1
рассказа тоже	1
с' est	1
молчала угнетаемая	1
поставил ее	1
матери уступить	1
выражения его	1
всех порядочных	1
скромной обстановки	1
случае ежели	1
modus vivendi	1
наверх всего	1
каторге да	1
потому заботится	1
ему на	1
бы барщину	1
того положения	1
не пожалела	1
сокровища уж	1
задача сама	1
по субботам	1
прогневайся прав	1
не вступился	1
захочет а	1
постепенно ей	1
раньше одиннадцати	1
живу хуже	1
жених не	1
с ответом	1
занятиях это	1
зрелищем и	1
и снизойдет	1
совсем приязненные	1
сгорел господский	1
этой но	1
точно-с при	1
копейки то	1
прасковья ивановна	1
помните как	1
на площади	1
научится то-то	1
отрезывает сестрица	1
при невысоком	1
туфлях на	1
или же	1
нибудь ты	1
при таком	1
ему негодяю	1
и забивши	1
девица груша	1
вывело из	1
ни пальцем	1
сутолока как	1
решительно молвила	1
мне в	1
он претерпел	1
ей будет	1
помещичья среда	1
впрочем звать	1
через ключницу	1
сыграй мне	1
толкованию все	1
благоразумно ретируясь	1
имя конона	1
дочка утешит	1
купила бы	1
ней гнездилось	1
беглый в	1
льгота немаловажная	1
сокровища раздашь	1
вспоминать нынче	1
испугалась а	1
видел и	1
пятниц ключница	1
оброку между	1
наружным видом	1
себе роптать	1
были установлены	1
велел вот	1
плательщиками это	1
замуж отдам	1
того целый	1
пастухом будет	1
книжка на	1
могла вызвать	1
брата и	1
уху матушки	1
чем заключалась	1
ольга порфирьевна	1
машинально надвязывала	1
все ли	1
промежутках этих	1
телегу нагрузил	1
месячину им	1
дворянства я	1
неизвестно но	1
сердце у	1
уходя обращается	1
растерялась ведите	1
дадут сколько-нибудь	1
дочка назло	1
ключницу посмотреть	1
весу и	1
кипит чайку	1
знает так	1
прямо назывались	1
другую жизнь	1
с теми	1
балагурством с	1
глаза от	1
усмехнется эге	1
она декольтировалась	1
костей развращенные	1
бы прикрикнуть	1
по-твоему если	1
топить? на	1
предположить в	1
клад нечто	1
поняла значение	1
другого рода	1
господ плюхи	1
ему почти	1
об том	1
б послушалась	1
другую не	1
прибылью и	1
кто-нибудь из	1
чтоб в	1
мальчиков в	1
голове спят	1
должна была	1
собой совладать	1
слова ни	1
пору вот	1
ступай проси	1
прислугой дармоедами	1
ее жизни	1
даже черные	1
их матушка	1
поразила что	1
милостивый и	1
матушке да	1
не шла	1
заключался в	1
произносит свой	1
но чем	1
бранное скажет	1
все-таки господская	1
и поехал	1
была ли	1
истерику представлять	1
украл никого	1
когда рассказы	1
жили все	1
иван отвлекал	1
они стоили	1
догадался иван?	1
ему детей	1
ли вполне	1
голубовицкие покатиловы	1
цепенеет от	1
он при	1
театре в	1
без ответа	1
и чтобы	1
разве маменька	1
м.е салтыкова-щедрина.)]	1
неимоверно но	1
ж на	1
гостей не	1
порядка и	1
величине яблока	1
вами в	1
властен только	1
или другое	1
ванька не	1
же только	1
в каком	1
коли в	1
с этих	1
грехи его	1
загрести и	1
хороших квартир	1
а любя	1
была гувернантка	1
любуется игрою	1
утром матушке	1
гнетущее равнодушие	1
у вас	1
и горя	1
тихоня натурально	1
нет братцы	1
крестьяне у	1
барыни опасения	1
игрою бриллиантов	1
резон выдумал	1
меня что	1
не поздно	1
был немногосложен	1
матушки то	1
что матушку	1
довести до	1
ужинал вместе	1
какого иного	1
отдам конечно	1
красивою ее	1
слышать ничего	1
и становясь	1
обыкновению велит	1
быть представленным	1
стоили дешевле	1
положение акулины	1
погублена мавруша	1
прорывались в	1
для них	1
частые столкновения	1
появления их	1
же самым	1
не привычна	1
умеет она	1
была для	1
отведено крохотное	1
и вращая	1
рассчитает силка	1
крошечные куда	1
я сказал	1
венцов сподобятся	1
она сумела	1
деле голодом	1
решения относительно	1
меня maman	1
сердита сестрица	1
перестала с	1
знаю ступай	1
в окно	1
обнаружилась костоеда	1
слушать музыку	1
и уже	1
и послушливый	1
матушка рассчитывает	1
одного суставчика	1
вас кажется	1
грабитель а	1
она родилась	1
раб должен	1
бы конон	1
ночь и	1
очередь скрывалась	1
сношений с	1
иметь эти	1
претерпел в	1
степени однообразны	1
мы и	1
матушке что	1
каменным идолом	1
душу то	1
разум есть	1
ж тебе	1
аннушка умерла	1
колодки и	1
диспут то	1
равно как	1
здесь любуйся	1
далеко в	1
за приказаниями	1
не называл	1
бунту решается	1
в каморку	1
дворовые любили	1
миросозерцания то	1
все-таки просачивалась	1
воспользоваться ванькой-каином	1
другие так	1
внутренней работы	1
его от	1
яблоки рвать	1
есть? во	1
поступок не	1
совершил такой	1
подкормили лошадей	1
не скрывалась	1
идет не	1
от внимания	1
походка точно	1
очень мучительна	1
в плоть	1
действовали раздражительно	1
эти не	1
громче и	1
аудиторией выступали	1
на весь	1
этот суровый	1
возражала она	1
творил а	1
охоту едут	1
только люди	1
когда экзекуция	1
разумеет а	1
вскочит схватит	1
бы признаться	1
давали размазню	1
говорю купец	1
уже справилась	1
брильянтов фермуарчик	1
по малой	1
условия при	1
обойтись они-то	1
по тому	1
и поедет	1
приличия воздержания	1
скакать на	1
отпросилась умирать	1
глаза кулаком	1
вечерний туалет	1
опять пропадет	1
она сестрицу	1
прикажете сегодня	1
лицо исказилось	1
гудел ее	1
матушка все	1
налево мелкими	1
не до	1
к выполнению	1
отбился от	1
девами наконец	1
неверная походка	1
крестьян и	1
см предыдущую	1
значение шага	1
разойдутся на	1
тарелкой под	1
состояла вся	1
откликался отец	1
обстановки ни	1
попробовал возразить	1
оставил в	1
даже праздника	1
говоря вот	1
пробовала и	1
сделал? учила	1
регламентациям не	1
матушка охотнее	1
незнакомые которые	1
она благодарила	1
страха что	1
вообще когда	1
смысле этого	1
этих условий	1
лицо формой	1
вниз оставляя	1
вероятно боль	1
мол господин	1
значит выволок	1
них на	1
очевидно он	1
действует на	1
этого от	1
поздравляют ее	1
засели в	1
через минуту	1
откуплю я	1
пору ходили	1
кровною обидой	1
ее или	1
услышит где	1
который с	1
вдовец стриженый	1
уверен всячески	1
пора ли	1
то-то в	1
зеркало посмотрел	1
мелочи ему	1
фраке с	1
и страхом	1
сударь иваном	1
опричины которая	1
вольную на	1
заключалось все	1
выдумал вот	1
небесные изменить	1
давным-давно исчерпали	1
дети только	1
сказывай почему	1
и налево	1
о последствиях	1
вольная ведь	1
зачет в	1
за кого	1
грех словно	1
павлушка потихоньку	1
тетенькиным чулкам	1
все семь	1
этаже господского	1
сестрица еще	1
которые все	1
месяц я	1
лизать тогда	1
что? а	1
xvii крепостная	1
с живой	1
более с	1
что прокураты	1
никто бы	1
жизнь положим	1
давеча отпарили?	1
тебя девку	1
о потасовках	1
минут уже	1
сделалось? что	1
а при	1
на которых	1
павел понял	1
хозяйство в	1
он придумать	1
то лукавый	1
приняли но	1
расход взял	1
рабством сказал	1
любила не	1
существа как-то	1
их житье	1
то несомненно	1
которыми я	1
хлеву держать?	1
не украла	1
ишь мерзавец	1
ее никто	1
щи или	1
чай разговариваем	1
сплевывала несколько	1
осторожно открывает	1
силком водворить	1
меня князей	1
нельзя сказать	1
только легким	1
грохочут думалось	1
режет а	1
когда барин	1
коли за	1
на заячьем	1
смотрите растянулся	1
и крайняя	1
было произнесено	1
щекам отдохнет	1
соблюдал и	1
как убедилась	1
убедилась в	1
наконец догадался	1
отдатчику не	1
раза в	1
сущности матушка	1
но ограничился	1
нее же	1
столяры ткачи	1
молода браки	1
по траве	1
выразилось исключительно	1
но нередко	1
ветшало толпа	1
до свидания]	1
и дело	1
вопрос о	1
добровольно закрепостилась	1
пяльцах шьет	1
на погреб	1
голубушка дома	1
была такова	1
и браки	1
спустя рукава	1
праздничную пару	1
посещая девичью	1
кабы в	1
сенокос не	1
и допускались	1
господское добро	1
него силясь	1
доме накануне	1
заключало в	1
и графинами	1
за спину	1
и тому	1
объяснений в	1
последняя в	1
к стоявшему	1
себе только	1
это пес	1
ветхую одежонку	1
что рабство	1
платить не	1
то какой	1
было несомненно	1
я надеяться	1
что черный	1
хочется видно	1
машинально повторял	1
справлюсь посмотрю	1
поставил к	1
и наружность	1
малюет она	1
видели рукав	1
аннушку немедленно	1
церемонились помимо	1
от взгляда	1
невыносимо он	1
будет недостаточно	1
мавруша в	1
последнего сусека	1
масса мужской	1
а завтра	1
люди нужные	1
каждодневно справлялась	1
него матушка	1
его плеткой	1
хотят тиранят	1
своих вотчинах	1
тому выражению	1
других удержались	1
так сейчас	1
тонкой прокатки	1
летописях малиновецкой	1
просто фордыбака	1
павла опять	1
заподозривала конона	1
накидывался он	1
же конон	1
утра не	1
который уж	1
иногда не	1
в общую	1
говорит мой	1
слезы тоже	1
полюбили друг	1
уже начала	1
самый нелепый	1
снег на	1
от чересчур	1
были люди	1
чистит на	1
что господская	1
сказал? не	1
на помине	1
руках безукоризненно	1
дремала говорила	1
только товарки	1
доедай свое	1
обедню лба	1
но очевидно	1
по-божески ли	1
последней сестрицына	1
к великому	1
времена и	1
да мне	1
сложившегося под	1
вам лучше	1
часа а	1
или другой	1
сидят смирно	1
вот душенька	1
матушки когда	1
монастыре в	1
давеча иду	1
так-то не	1
работой томит	1
могут что-то	1
подсказала одна	1
девчонка возвращалась	1
