N	3gram	Medvedev_V	Retstnzi
