N	4gram	Bakhtin_Pr_3	Myshleni
