text	Chulkov_Peresmeshnik_partition_part1_wordlist_2gram.tsv	Chulkov_Peresmeshnik_partition_part2_wordlist_2gram.tsv	Chulkov_Peresmeshnik_partition_part3_wordlist_2gram.tsv	Chulkov_Peresmeshnik_partition_part4_wordlist_2gram.tsv	Ertel_Gardeniny_partition_part10_wordlist_2gram.tsv	Ertel_Gardeniny_partition_part11_wordlist_2gram.tsv	Ertel_Gardeniny_partition_part1_wordlist_2gram.tsv	Ertel_Gardeniny_partition_part2_wordlist_2gram.tsv	Ertel_Gardeniny_partition_part3_wordlist_2gram.tsv	Ertel_Gardeniny_partition_part4_wordlist_2gram.tsv	Ertel_Gardeniny_partition_part5_wordlist_2gram.tsv	Ertel_Gardeniny_partition_part6_wordlist_2gram.tsv	Ertel_Gardeniny_partition_part7_wordlist_2gram.tsv	Ertel_Gardeniny_partition_part8_wordlist_2gram.tsv	Ertel_Gardeniny_partition_part9_wordlist_2gram.tsv	Jakubovich_VMireOtvergennychV1_partition_part1_wordlist_2gram.tsv	Jakubovich_VMireOtvergennychV1_partition_part2_wordlist_2gram.tsv	Jakubovich_VMireOtvergennychV1_partition_part3_wordlist_2gram.tsv	Jakubovich_VMireOtvergennychV1_partition_part4_wordlist_2gram.tsv	Jakubovich_VMireOtvergennychV1_partition_part5_wordlist_2gram.tsv	Jakubovich_VMireOtvergennychV1_partition_part6_wordlist_2gram.tsv	Jakubovich_VMireOtvergennychV1_partition_part7_wordlist_2gram.tsv	Mordovcev_ZamurovannayaCarica_partition_part1_wordlist_2gram.tsv	Mordovcev_ZamurovannayaCarica_partition_part2_wordlist_2gram.tsv	StepniakKravcinskiy_Stundist_partition_part1_wordlist_2gram.tsv	StepniakKravcinskiy_Stundist_partition_part2_wordlist_2gram.tsv	StepniakKravcinskiy_Stundist_partition_part3_wordlist_2gram.tsv
Chulkov_Peresmeshnik_partition_part1_wordlist_2gram	0	1072	1192	1157	0	0	0	0	0	0	0	0	0	0	0	0	0	0	0	0	0	0	0	0	0	0	0
Chulkov_Peresmeshnik_partition_part2_wordlist_2gram	1072	0	1371	1256	0	0	0	0	0	0	0	0	0	0	0	0	0	0	0	0	0	0	0	0	0	0	0
Chulkov_Peresmeshnik_partition_part3_wordlist_2gram	1192	1371	0	1175	0	0	0	0	0	0	0	0	0	0	0	0	0	0	0	0	0	0	0	0	0	0	0
Chulkov_Peresmeshnik_partition_part4_wordlist_2gram	1157	1256	1175	0	0	0	0	0	0	0	0	0	0	0	0	0	0	0	0	0	0	0	0	0	0	0	0
Ertel_Gardeniny_partition_part10_wordlist_2gram	0	0	0	0	0	1015	818	832	819	770	795	863	925	783	965	0	0	0	0	0	0	0	0	0	0	0	0
Ertel_Gardeniny_partition_part11_wordlist_2gram	0	0	0	0	1015	0	723	908	842	852	932	894	887	813	898	0	0	0	0	0	0	0	0	0	0	0	0
Ertel_Gardeniny_partition_part1_wordlist_2gram	0	0	0	0	818	723	0	766	796	755	719	814	923	770	855	0	0	0	0	0	0	0	0	0	0	0	0
Ertel_Gardeniny_partition_part2_wordlist_2gram	0	0	0	0	832	908	766	0	891	836	978	929	906	875	825	0	0	0	0	0	0	0	0	0	0	0	0
Ertel_Gardeniny_partition_part3_wordlist_2gram	0	0	0	0	819	842	796	891	0	925	822	927	957	900	885	0	0	0	0	0	0	0	0	0	0	0	0
Ertel_Gardeniny_partition_part4_wordlist_2gram	0	0	0	0	770	852	755	836	925	0	847	878	841	786	779	0	0	0	0	0	0	0	0	0	0	0	0
Ertel_Gardeniny_partition_part5_wordlist_2gram	0	0	0	0	795	932	719	978	822	847	0	931	860	744	825	0	0	0	0	0	0	0	0	0	0	0	0
Ertel_Gardeniny_partition_part6_wordlist_2gram	0	0	0	0	863	894	814	929	927	878	931	0	960	816	901	0	0	0	0	0	0	0	0	0	0	0	0
Ertel_Gardeniny_partition_part7_wordlist_2gram	0	0	0	0	925	887	923	906	957	841	860	960	0	905	1004	0	0	0	0	0	0	0	0	0	0	0	0
Ertel_Gardeniny_partition_part8_wordlist_2gram	0	0	0	0	783	813	770	875	900	786	744	816	905	0	884	0	0	0	0	0	0	0	0	0	0	0	0
Ertel_Gardeniny_partition_part9_wordlist_2gram	0	0	0	0	965	898	855	825	885	779	825	901	1004	884	0	0	0	0	0	0	0	0	0	0	0	0	0
Jakubovich_VMireOtvergennychV1_partition_part1_wordlist_2gram	0	0	0	0	0	0	0	0	0	0	0	0	0	0	0	0	990	995	1030	993	1002	955	0	0	0	0	0
Jakubovich_VMireOtvergennychV1_partition_part2_wordlist_2gram	0	0	0	0	0	0	0	0	0	0	0	0	0	0	0	990	0	1140	1018	1087	1001	1046	0	0	0	0	0
Jakubovich_VMireOtvergennychV1_partition_part3_wordlist_2gram	0	0	0	0	0	0	0	0	0	0	0	0	0	0	0	995	1140	0	1157	1124	1076	1142	0	0	0	0	0
Jakubovich_VMireOtvergennychV1_partition_part4_wordlist_2gram	0	0	0	0	0	0	0	0	0	0	0	0	0	0	0	1030	1018	1157	0	1097	1108	1125	0	0	0	0	0
Jakubovich_VMireOtvergennychV1_partition_part5_wordlist_2gram	0	0	0	0	0	0	0	0	0	0	0	0	0	0	0	993	1087	1124	1097	0	1085	1090	0	0	0	0	0
Jakubovich_VMireOtvergennychV1_partition_part6_wordlist_2gram	0	0	0	0	0	0	0	0	0	0	0	0	0	0	0	1002	1001	1076	1108	1085	0	1092	0	0	0	0	0
Jakubovich_VMireOtvergennychV1_partition_part7_wordlist_2gram	0	0	0	0	0	0	0	0	0	0	0	0	0	0	0	955	1046	1142	1125	1090	1092	0	0	0	0	0	0
Mordovcev_ZamurovannayaCarica_partition_part1_wordlist_2gram	0	0	0	0	0	0	0	0	0	0	0	0	0	0	0	0	0	0	0	0	0	0	0	1127	0	0	0
Mordovcev_ZamurovannayaCarica_partition_part2_wordlist_2gram	0	0	0	0	0	0	0	0	0	0	0	0	0	0	0	0	0	0	0	0	0	0	1127	0	0	0	0
StepniakKravcinskiy_Stundist_partition_part1_wordlist_2gram	0	0	0	0	0	0	0	0	0	0	0	0	0	0	0	0	0	0	0	0	0	0	0	0	0	1210	1263
StepniakKravcinskiy_Stundist_partition_part2_wordlist_2gram	0	0	0	0	0	0	0	0	0	0	0	0	0	0	0	0	0	0	0	0	0	0	0	0	1210	0	1234
StepniakKravcinskiy_Stundist_partition_part3_wordlist_2gram	0	0	0	0	0	0	0	0	0	0	0	0	0	0	0	0	0	0	0	0	0	0	0	0	1263	1234	0
