text	Bakhtin_FransuaRableINarodnaiaKultura_part1	Bakhtin_FransuaRableINarodnaiaKultura_part2	Bakhtin_FransuaRableINarodnaiaKultura_part3	Bakhtin_FransuaRableINarodnaiaKultura_part4	Bakhtin_FransuaRableINarodnaiaKultura_part5	Bakhtin_FransuaRableINarodnaiaKultura_part6	Bakhtin_KFilosofiiPostupka_part1	Bakhtin_ProblemaSoderzhaniaMateriala_part1	Bakhtin_ProblemyPoetikiDostoevskogo_part1	Bakhtin_ProblemyPoetikiDostoevskogo_part2	Bakhtin_ProblemyPoetikiDostoevskogo_part3	Bakhtin_ProblemyPoetikiDostoevskogo_part4	Bakhtin_ProblemyTvorchestvaDostoevskogo_part1	Bakhtin_ProblemyTvorchestvaDostoevskogo_part2	Bakhtin_formyVremeniIChronotopaVRomane_part1	Bakhtin_formyVremeniIChronotopaVRomane_part2	Bakhtin_slovoVRomane_part1	Bakhtin_slovoVRomane_part2	Berdyaev_MirosozercanieDostoevskogo_part1	Berdyaev_MirosozercanieDostoevskogo_part2	Berdyaev_NovoeSrednevekovje_part1	Berdyaev_OtkrovenieoChelovekeDostoevskij_part1	Berdyaev_VelikijInkvizitor_part1	Ircho_Komedia_part1	Ircho_Komedia_part2	Kanaev_SovremennyiVitalizm_part1	Losev_DialektikaMifa_part1	Losev_DialektikaMifa_part2	Losev_DialektikaMifa_part3	Losev_ProblemaSimvolaiRealistich_part1	Losev_ProblemaSimvolaiRealistich_part2	Losev_ProblemaSimvolaiRealistich_part3	Losev_ProblemaSimvolaiRealistich_part4	Losev_VeschiImya_part1	Losev_VladivirSolovjev_part1	Losev_VladivirSolovjev_part2	Medvedev_BTomashevskiyTeoriaLiteratury_part1	Medvedev_FormalnyjMetodvLiteraturovedenii_part1	Medvedev_FormalnyjMetodvLiteraturovedenii_part2	Medvedev_IolandNeifeldDostoevskiy_part1	Medvedev_SotsiologizmBezSotsiologii_part1	Medvedev_TvorcheskayaDeyatelnost_part1	Medvedev_UchenyiSalierizm_part1	Medvedev_VLabPisatelia_part1	Medvedev_ViktorShklovskiyTeoriaProsy_part1	Nazirov_TragedijnoeNachaloPetrVerxovenskij_part1	Nazirov_TvorcheskiePrincipyDostoevskogo_part1	Nazirov_TvorcheskiePrincipyDostoevskogo_part2	Nazirov_VrazhdaKakSotrPrototypStavrogina_part1	Potebnia_Myslijsyk_part1	Potebnia_Myslijsyk_part2	Potebnia_Myslijsyk_part3	Propp_IstoricheskieKorniVolshebnoiSkazki_part1	Propp_IstoricheskieKorniVolshebnoiSkazki_part2	Propp_IstoricheskieKorniVolshebnoiSkazki_part3	Propp_IstoricheskieKorniVolshebnoiSkazki_part4	Propp_IstoricheskieKorniVolshebnoiSkazki_part5	Propp_IstoricheskieKorniVolshebnoiSkazki_part6	Propp_MorfologiaSkazki_part1	Propp_RusskieAgrarnyePrazdniki_part1	Propp_RusskieAgrarnyePrazdniki_part2	Savitsky_EvropaiEvraziaMigracijaKulturyKontinentOkean_part1	Savitsky_PoddanstvoIdeiDvaMiraStepiOsedlast_part1	Tiupa_AnalitikaHudozhestvennogo_part1	Tiupa_AnalitikaHudozhestvennogo_part2	Tiupa_DiskursIZhanr_part1	Tiupa_DiskursIZhanr_part2	Tiupa_HudozhestvennostChehovskogoRasskasa_part1	Tiupa_HudozhestvennostChehovskogoRasskasa_part2	Tiupa_HudozhestvennyiDiskurs_part1	Tiupa_LitereturaIMentalnost_part1	Tiupa_LitereturaIMentalnost_part2	Tiupa_Narrotologia_part1	Tiupa_NarrotologicheskiyChehov_part1	Tiupa_NarrotologicheskiyChehov_part2	Tiupa_TeoriaLiteretury3glavy_part1	Tiupa_VvedenieVSravnitelnuyuNarrotologiu_part1	Trubetskoy_EvropaiChelovechestvo_part1	Trubetskoy_RusskajaProblemaSoblaznyObIstinnomiLozhnom_part1	Trubetskoy_VerxiiNizyReligiiIndii_part1	Vinokur_KulturaYazyka_part1	Vinokur_KulturaYazyka_part2	Vinokur_StatiiOPushkine_part1	Vinokur_StatiiOPushkine_part2	Vinokur_VvedenieVizuchenieFilologicheskichNauk_part1	Voloshinov_Freidism_part1	Voloshinov_MarksizmFilosofijaJazyka_part1	Voloshinov_MarksizmFilosofijaJazyka_part2	Voloshinov_OGranitsachLingvistikiIPoetiki_part1	Voloshinov_PoTuStoronuSotsialnogo_part1	Voloshinov_RetstnziiaNaVinogradova_part1	Voloshinov_SlovoVZhizniISlovoVPoezii_part1	Voloshinov_StilistikaHudozestvennoyRechi_part1	Vygotskiy_Myshlenieirech_part1	Vygotskiy_Myshlenieirech_part2	Vygotskiy_Myshlenieirech_part3	Vygotskiy_Myshlenieirech_part4	Vygotskiy_Myshlenieirech_part5	Vygotskiy_Myshlenieirech_part6	Vygotskiy_Psychologia_part1	Vygotskiy_Psychologia_part2	Vygotskiy_Psychologia_part3	Vygotskiy_Psychologia_part4
Bakhtin_FransuaRableINarodnaiaKultura_1	0	0	0	0	0	0	729	827	1027	1403	1294	917	978	907	1183	1213	1010	1031	746	741	491	446	405	778	735	454	842	828	799	880	875	883	832	767	812	895	71	1023	981	72	190	859	314	792	61	483	794	773	426	837	783	819	829	733	724	761	783	750	670	731	741	642	414	754	666	760	684	790	737	762	714	637	663	731	721	731	683	775	638	660	868	828	812	806	895	1006	995	946	546	628	53	592	852	896	910	853	822	815	854	883	887	797	833
Bakhtin_FransuaRableINarodnaiaKultura_2	0	0	0	0	0	0	723	821	1007	1168	1146	919	973	925	1112	1140	928	970	745	735	492	411	375	763	750	443	869	810	826	876	850	860	834	784	852	939	77	960	938	80	185	844	300	781	58	506	823	817	451	787	788	843	845	753	757	787	756	781	688	764	748	652	395	747	704	724	669	800	733	682	704	613	655	730	685	677	691	790	631	684	873	812	826	811	880	939	927	923	508	607	49	563	812	856	896	800	802	791	843	896	924	853	886
Bakhtin_FransuaRableINarodnaiaKultura_3	0	0	0	0	0	0	626	668	848	1011	1029	895	820	896	962	1129	836	847	643	637	389	370	368	709	701	396	740	765	706	830	788	764	772	710	778	821	49	809	789	73	170	784	283	692	46	505	758	736	454	742	744	769	780	725	742	725	738	765	672	739	735	585	354	652	648	634	593	727	725	642	626	583	615	690	662	638	640	683	562	635	763	764	765	752	792	863	789	828	461	509	46	507	780	716	777	726	705	730	828	793	805	769	825
Bakhtin_FransuaRableINarodnaiaKultura_4	0	0	0	0	0	0	683	692	929	1134	1146	939	905	914	1085	1211	854	900	742	743	466	440	412	799	792	425	843	846	811	881	812	855	878	801	816	873	70	855	847	76	194	887	292	781	54	513	832	756	430	802	761	835	812	789	771	783	833	799	699	765	793	600	406	694	689	718	642	780	764	700	687	666	661	730	728	704	693	752	620	676	817	807	769	807	818	936	836	876	488	580	53	545	790	815	874	771	768	796	881	836	887	844	876
Bakhtin_FransuaRableINarodnaiaKultura_5	0	0	0	0	0	0	676	713	932	1061	1053	892	891	881	1073	1226	882	869	729	714	423	420	367	739	752	438	839	802	770	845	834	882	858	768	788	858	66	868	860	81	179	826	273	701	54	520	798	757	443	835	787	844	835	792	791	830	857	806	691	713	720	606	376	663	678	670	627	779	734	691	646	611	631	750	688	682	664	729	593	674	815	787	791	797	856	932	850	878	497	568	50	562	794	793	850	784	793	778	825	849	880	825	909
Bakhtin_FransuaRableINarodnaiaKultura_6	0	0	0	0	0	0	692	742	939	1089	1089	946	938	940	1132	1405	941	888	722	728	453	435	401	768	752	443	847	814	815	900	863	873	849	810	787	862	53	883	862	72	167	857	262	746	58	512	814	760	439	809	814	851	849	779	785	804	845	811	704	714	740	599	369	686	727	713	662	822	746	691	671	664	683	734	726	692	698	761	608	680	808	804	800	780	826	901	850	883	505	590	47	544	803	808	872	820	794	808	873	874	874	846	895
Bakhtin_KFilosofiiPostupka	729	723	626	683	676	692	0	1023	925	862	810	821	926	835	840	688	815	763	706	716	452	401	388	562	602	420	853	894	897	901	865	822	708	892	644	799	64	923	902	67	171	844	301	659	49	372	695	665	342	803	792	856	725	607	623	627	656	646	618	528	526	599	377	774	655	668	636	700	730	724	691	678	620	690	744	720	688	715	617	583	770	754	677	627	759	847	914	879	481	587	49	586	763	786	780	712	746	713	833	842	811	720	865
Bakhtin_ProblemaSoderzhaniaMateriala	827	821	668	692	713	742	1023	0	994	851	876	838	1006	870	930	742	945	926	655	650	409	355	347	610	594	453	824	807	867	930	901	903	714	864	643	738	75	1128	1149	76	190	865	375	817	51	382	656	629	335	862	832	940	776	591	641	629	614	645	661	558	551	567	384	927	679	739	681	712	660	813	675	653	659	698	661	789	668	673	625	559	853	806	730	690	871	926	1005	975	630	613	58	795	822	854	811	796	819	799	839	1012	911	770	889
Bakhtin_ProblemyPoetikiDostoevskogo_1	1027	1007	848	929	932	939	925	994	0	0	0	0	10237	1423	1162	922	1178	1122	1019	960	502	609	470	751	776	490	957	984	947	1024	983	995	926	940	824	944	98	1142	1149	105	212	1024	370	904	60	565	1162	1050	563	951	938	988	883	723	771	746	792	791	788	650	623	661	424	907	842	836	808	989	914	919	878	793	760	854	839	902	819	835	713	685	930	880	889	887	929	1032	1067	1085	590	650	59	731	934	975	981	885	921	892	961	1066	1044	963	1061
Bakhtin_ProblemyPoetikiDostoevskogo_2	1403	1168	1011	1134	1061	1089	862	851	0	0	0	0	5115	1549	1236	1086	1180	1186	919	900	486	566	433	785	815	487	955	961	937	1020	979	1003	928	896	810	912	77	1092	1038	96	205	1016	334	880	60	594	1007	1077	536	926	919	958	890	794	824	806	838	829	791	684	706	642	437	869	818	896	786	942	891	841	796	729	763	857	838	817	823	835	689	725	916	867	817	838	929	1072	1090	1072	588	687	57	666	926	922	973	894	900	865	974	955	964	855	969
Bakhtin_ProblemyPoetikiDostoevskogo_3	1294	1146	1029	1146	1053	1089	810	876	0	0	0	0	1436	3541	1194	1064	1247	1182	875	883	481	549	422	773	791	466	926	938	881	984	972	996	908	899	811	920	76	1009	1040	78	202	952	315	866	66	618	1047	1091	539	902	876	963	833	794	796	811	805	795	761	710	684	641	412	845	848	857	784	903	863	850	774	708	745	835	860	858	814	827	659	682	961	896	851	878	900	1006	1058	1147	584	620	62	647	937	904	960	867	882	878	989	933	1006	907	983
Bakhtin_ProblemyPoetikiDostoevskogo_4	917	919	895	939	892	946	821	838	0	0	0	0	1485	12309	1044	904	1253	1126	872	917	435	508	425	735	816	482	952	956	926	1029	970	900	893	941	899	955	77	982	1053	85	196	1025	336	801	73	613	978	933	533	913	999	1000	899	799	831	822	824	861	800	683	653	629	369	834	848	781	742	957	959	833	821	787	732	865	877	833	810	837	675	658	981	926	883	878	860	952	979	1162	585	605	51	676	1004	944	961	898	888	858	1034	956	1030	978	1014
Bakhtin_ProblemyTvorchestvaDostoevskogo_1	978	973	820	905	891	938	926	1006	10237	5115	1436	1485	0	0	1125	934	1236	1159	988	929	497	599	445	743	776	504	985	996	970	1006	982	1031	885	941	806	934	84	1204	1198	90	215	1043	375	915	51	546	1088	988	521	965	955	1005	881	726	794	763	805	813	819	648	620	644	422	934	846	854	791	970	938	912	863	795	770	862	882	890	858	843	713	698	950	890	846	871	959	1037	1137	1166	612	663	60	745	950	978	985	876	941	895	964	1027	1025	939	1050
Bakhtin_ProblemyTvorchestvaDostoevskogo_2	907	925	896	914	881	940	835	870	1423	1549	3541	12309	0	0	1053	900	1396	1212	837	868	428	484	430	736	810	473	982	962	950	1037	994	956	884	974	867	945	80	1043	1132	87	208	995	334	822	67	575	954	896	512	931	997	1011	919	797	819	818	817	842	819	697	665	636	380	866	853	794	748	942	952	828	817	774	735	874	863	841	836	843	685	657	1003	984	883	885	874	982	1047	1268	602	598	56	723	1041	950	978	894	920	905	1069	1002	1028	986	1027
Bakhtin_formyVremeniIChronotopaVRomane_1	1183	1112	962	1085	1073	1132	840	930	1162	1236	1194	1044	1125	1053	0	0	1056	1259	808	803	499	458	409	757	807	494	920	947	944	995	906	974	906	862	829	917	67	1001	1070	79	183	911	302	810	64	501	886	830	438	858	886	904	905	806	816	848	864	840	801	729	728	666	426	830	766	884	748	876	852	832	712	707	746	786	873	810	821	798	665	725	852	821	780	791	914	1047	1027	992	547	636	55	616	875	874	894	898	841	855	888	900	935	842	948
Bakhtin_formyVremeniIChronotopaVRomane_2	1213	1140	1129	1211	1226	1405	688	742	922	1086	1064	904	934	900	0	0	919	945	693	679	450	449	408	707	732	428	842	829	787	824	816	850	819	752	724	785	63	922	879	75	172	822	268	742	54	473	828	732	414	792	803	768	827	769	756	790	804	805	688	704	708	609	381	705	702	709	712	753	730	716	650	633	671	716	728	694	697	747	614	656	788	754	722	727	781	924	864	837	501	602	52	564	803	804	833	833	789	793	816	835	840	799	841
Bakhtin_slovoVRomane_1	1010	928	836	854	882	941	815	945	1178	1180	1247	1253	1236	1396	1056	919	0	0	691	634	411	388	353	674	686	445	861	812	819	925	936	892	751	836	724	788	65	1104	1234	68	172	843	340	802	64	417	756	696	409	929	883	950	765	676	661	690	681	688	706	594	574	636	386	828	803	855	739	761	752	857	748	651	732	758	700	831	746	727	610	628	1008	936	779	826	932	931	1185	1237	643	556	68	729	931	857	914	881	883	841	968	924	895	815	927
Bakhtin_slovoVRomane_2	1031	970	847	900	869	888	763	926	1122	1186	1182	1126	1159	1212	1259	945	0	0	637	667	426	363	334	625	647	429	806	786	762	862	883	853	698	774	659	733	57	1061	1113	60	181	825	293	777	49	439	750	715	371	823	845	854	757	598	615	656	665	651	660	588	551	608	364	778	719	802	704	750	687	805	682	609	651	774	693	778	768	685	606	589	887	842	734	751	898	883	1111	1163	578	547	62	638	891	818	853	808	804	811	868	874	826	744	864
Berdyaev_MirosozercanieDostoevskogo_1	746	745	643	742	729	722	706	655	1019	919	875	872	988	837	808	693	691	637	0	0	703	1822	705	619	666	347	832	872	868	788	744	749	861	832	802	880	60	714	716	85	153	845	239	690	49	557	1017	917	491	819	756	830	703	687	675	696	719	668	577	593	551	596	407	637	608	567	543	786	764	638	689	671	541	633	653	644	609	693	638	651	763	655	692	627	709	863	721	726	448	514	50	449	707	720	740	625	711	688	724	803	817	743	801
Berdyaev_MirosozercanieDostoevskogo_2	741	735	637	743	714	728	716	650	960	900	883	917	929	868	803	679	634	667	0	0	687	1102	1219	639	678	368	884	918	886	819	748	753	833	848	810	884	64	705	679	80	154	851	251	637	44	562	973	839	486	834	753	831	712	644	682	693	734	676	604	615	573	619	459	652	607	587	575	788	793	630	689	705	572	658	690	661	620	764	691	689	751	737	693	642	750	815	720	710	399	505	48	426	677	697	753	634	696	685	728	778	841	741	782
Berdyaev_NovoeSrednevekovje	491	492	389	466	423	453	452	409	502	486	481	435	497	428	499	450	411	426	703	687	0	330	369	383	401	262	487	528	527	457	447	462	473	478	425	512	44	468	439	42	112	474	168	399	32	295	475	424	252	481	438	476	455	390	384	410	412	409	336	368	343	416	306	381	344	392	350	423	423	379	411	403	347	389	393	380	382	465	439	413	468	433	409	376	486	505	454	394	255	338	27	283	436	449	445	395	400	396	427	473	450	428	433
Berdyaev_OtkrovenieoChelovekeDostoevskij	446	411	370	440	420	435	401	355	609	566	549	508	599	484	458	449	388	363	1822	1102	330	0	654	381	426	202	479	491	458	443	432	423	512	461	467	514	44	424	399	59	102	498	164	388	33	357	582	544	320	475	429	449	417	371	382	383	420	390	328	321	331	316	233	364	348	346	350	450	467	378	384	400	336	372	381	368	351	384	366	380	460	403	417	382	430	448	385	416	255	309	27	248	396	432	431	349	406	380	388	451	479	421	483
Berdyaev_VelikijInkvizitor	405	375	368	412	367	401	388	347	470	433	422	425	445	430	409	408	353	334	705	1219	369	654	0	351	371	214	461	485	492	411	402	416	478	461	438	503	37	354	354	43	96	432	154	350	29	314	467	423	236	457	411	458	393	355	387	359	391	385	299	348	318	304	246	358	323	308	313	404	442	337	371	393	313	352	392	340	328	415	367	371	404	397	398	360	394	400	362	348	235	284	24	248	373	415	401	325	367	327	370	439	457	410	430
Ircho_Komedia_1	778	763	709	799	739	768	562	610	751	785	773	735	743	736	757	707	674	625	619	639	383	381	351	0	0	385	716	720	699	780	762	762	851	701	816	845	69	740	740	79	152	809	270	754	53	468	757	736	471	770	734	743	830	745	753	726	788	756	696	751	713	633	388	706	711	691	639	795	735	646	667	651	599	717	700	658	671	767	600	633	844	777	828	840	848	781	701	715	435	458	44	460	724	760	817	732	768	692	793	806	847	799	814
Ircho_Komedia_2	735	750	701	792	752	752	602	594	776	815	791	816	776	810	807	732	686	647	666	678	401	426	371	0	0	389	755	745	745	810	800	799	883	716	826	883	67	748	752	91	180	847	274	723	56	498	819	778	495	806	799	823	833	820	795	754	777	787	758	719	726	619	368	738	722	706	686	862	894	708	738	689	660	793	796	701	739	750	631	653	850	799	841	826	868	845	698	706	428	522	47	451	792	817	850	782	781	764	820	841	881	829	889
Kanaev_SovremennyiVitalizm	454	443	396	425	438	443	420	453	490	487	466	482	504	473	494	428	445	429	347	368	262	202	214	385	389	0	511	487	501	537	563	520	437	495	429	494	43	518	551	43	138	489	197	423	38	255	392	386	236	507	490	511	483	405	404	411	422	445	461	394	398	375	220	436	400	386	333	400	396	378	353	323	372	418	388	390	382	481	405	393	496	478	453	426	494	624	521	501	337	402	35	344	497	536	571	523	567	540	547	540	532	479	547
Losev_DialektikaMifa_1	842	869	740	843	839	847	853	824	957	955	926	952	985	982	920	842	861	806	832	884	487	479	461	716	755	511	0	0	0	1482	1325	1415	1048	1499	929	1133	64	929	969	80	221	1056	331	832	73	503	791	796	446	1034	1059	1128	961	846	851	890	890	920	820	720	730	683	452	821	749	730	691	821	817	770	731	729	694	787	756	778	725	909	765	717	1046	976	928	813	1013	980	973	898	523	602	54	577	910	934	956	853	928	902	984	1131	1152	1010	1061
Losev_DialektikaMifa_2	828	810	765	846	802	814	894	807	984	961	938	956	996	962	947	829	812	786	872	918	528	491	485	720	745	487	0	0	0	1264	1249	1252	1004	1502	927	1146	73	931	926	75	208	1087	340	822	62	516	853	764	469	1051	1011	1042	933	802	844	840	900	887	776	706	700	666	431	871	733	708	666	817	802	771	728	720	699	777	796	778	731	884	728	754	1000	931	915	799	1005	986	948	902	534	631	51	586	876	910	997	850	929	892	947	1050	1021	922	1022
Losev_DialektikaMifa_3	799	826	706	811	770	815	897	867	947	937	881	926	970	950	944	787	819	762	868	886	527	458	492	699	745	501	0	0	0	1378	1332	1273	1021	1614	876	1182	72	946	973	81	221	1122	343	836	63	487	814	778	451	1094	1065	1098	932	814	821	835	832	857	835	721	663	696	466	869	712	723	663	825	804	765	737	742	718	803	784	776	741	902	762	723	1034	972	894	753	1013	994	996	926	550	643	60	587	923	948	1014	871	957	920	981	1100	1073	962	1037
Losev_ProblemaSimvolaiRealistich_1	880	876	830	881	845	900	901	930	1024	1020	984	1029	1006	1037	995	824	925	862	788	819	457	443	411	780	810	537	1482	1264	1378	0	0	0	0	1422	1055	1299	80	1065	1094	87	217	1102	377	964	73	531	888	860	508	1104	1202	1187	1026	845	876	907	932	929	877	806	780	741	461	926	828	837	739	917	849	896	797	749	771	879	881	874	804	972	806	768	1124	1071	1015	854	1143	1055	1087	974	618	637	62	679	1058	1109	1164	1137	1148	1115	1148	1158	1145	1051	1123
Losev_ProblemaSimvolaiRealistich_2	875	850	788	812	834	863	865	901	983	979	972	970	982	994	906	816	936	883	744	748	447	432	402	762	800	563	1325	1249	1332	0	0	0	0	1386	1011	1269	89	1036	1132	88	209	1045	392	908	69	480	821	783	443	1102	1207	1179	1001	843	816	855	888	871	880	741	740	751	473	876	821	795	727	869	807	845	750	699	716	839	814	827	789	959	788	749	1170	1124	1048	869	1143	978	1091	1021	614	617	60	654	1063	1122	1140	1109	1142	1106	1190	1189	1143	1060	1154
Losev_ProblemaSimvolaiRealistich_3	883	860	764	855	882	873	822	903	995	1003	996	900	1031	956	974	850	892	853	749	753	462	423	416	762	799	520	1415	1252	1273	0	0	0	0	1289	952	1195	82	999	1045	79	217	1069	357	948	64	480	846	810	441	1056	1101	1072	970	817	840	850	840	860	800	715	720	729	441	861	799	785	725	868	823	864	768	728	731	835	823	821	804	918	763	729	1048	978	957	839	1083	968	976	967	599	620	62	622	954	1042	1056	1000	1059	1026	1073	1119	1140	990	1092
Losev_ProblemaSimvolaiRealistich_4	832	834	772	878	858	849	708	714	926	928	908	893	885	884	906	819	751	698	861	833	473	512	478	851	883	437	1048	1004	1021	0	0	0	0	932	985	1118	72	827	799	90	183	987	323	818	59	548	929	829	487	893	881	930	914	827	822	879	910	893	765	754	750	631	397	748	737	698	652	852	848	763	748	727	659	777	789	733	703	837	707	734	880	880	875	826	945	894	759	768	516	565	50	529	788	851	893	797	801	779	879	959	996	911	972
Losev_VeschiImya	781	769	704	793	748	802	907	866	933	909	880	928	951	969	871	745	835	779	802	836	446	450	459	704	742	501	1500	1488	1607	1423	1392	1296	916	0	886	1155	71	974	963	86	211	1072	335	801	62	469	774	740	427	1047	1090	1069	923	774	783	778	813	831	768	679	684	696	463	857	737	739	633	825	779	765	728	728	680	778	788	780	734	896	773	697	1028	964	875	775	1016	967	1018	952	522	581	54	610	914	1015	1018	918	1028	947	1077	1113	1073	967	1058
Losev_VladivirSolovjev_1	812	852	778	816	788	787	644	643	824	810	811	899	806	867	829	724	724	659	802	810	425	467	438	816	826	429	929	927	876	1055	1011	952	985	893	0	0	63	767	774	92	188	988	305	809	72	545	852	873	611	852	849	882	855	821	822	797	824	807	706	756	736	613	419	714	671	667	589	864	860	649	730	699	618	742	755	652	678	829	657	688	925	874	963	917	938	879	707	756	463	568	57	499	769	874	866	727	816	780	860	872	946	830	887
Losev_VladivirSolovjev_2	895	939	821	873	858	862	799	738	944	912	920	955	934	945	917	785	788	733	880	884	512	514	503	845	883	494	1133	1146	1182	1299	1269	1195	1118	1153	0	0	72	929	936	83	202	1048	340	866	72	575	941	907	594	1000	1005	1008	892	819	828	827	849	860	768	763	737	719	505	828	760	748	654	929	838	741	812	746	695	793	826	740	729	887	755	744	1019	975	1012	950	1015	983	856	887	528	615	56	544	863	981	1016	840	980	898	941	1012	1064	960	1060
Medvedev_BTomashevskiyTeoriaLiteratury	71	77	49	70	66	53	64	75	98	77	76	77	84	80	67	63	65	57	60	64	44	44	37	69	67	43	64	73	72	80	89	82	72	79	63	72	0	82	95	17	41	85	66	78	14	45	66	65	44	68	63	80	74	62	53	57	64	64	59	60	65	65	44	73	75	73	70	79	61	69	66	58	63	66	68	72	68	67	68	47	82	82	90	71	86	69	79	82	59	48	9	65	75	82	72	68	70	67	76	81	83	67	74
Medvedev_FormalnyjMetodvLiteraturovedenii_1	1023	960	809	855	868	883	923	1128	1142	1092	1009	982	1204	1043	1001	922	1104	1061	714	705	468	424	354	740	748	518	929	931	946	1065	1036	999	827	973	767	929	82	0	0	86	307	950	440	931	76	447	780	742	407	926	873	990	876	703	710	745	746	740	756	676	665	710	442	911	770	793	696	834	703	828	819	703	674	754	747	808	763	855	697	681	1024	918	851	851	1125	1110	1377	1167	709	680	83	779	956	1042	1001	903	942	946	1004	1152	1058	880	1002
Medvedev_FormalnyjMetodvLiteraturovedenii_2	981	938	789	847	860	862	902	1149	1149	1038	1040	1053	1198	1132	1070	879	1234	1113	716	679	439	399	354	740	752	551	969	926	973	1094	1132	1045	799	946	774	936	95	0	0	75	237	972	505	969	107	449	785	738	415	1022	984	1048	925	736	757	748	745	779	858	727	701	693	408	935	776	866	717	825	737	854	792	629	741	788	790	840	799	859	712	705	1090	1068	957	868	1093	1077	1387	1352	822	657	86	859	1091	1023	1031	996	1037	983	1029	1295	1144	931	1044
Medvedev_IolandNeifeldDostoevskiy	72	80	73	76	81	72	67	76	105	96	78	85	90	87	79	75	68	60	85	80	42	59	43	79	91	43	80	75	81	87	88	79	90	83	92	83	17	86	75	0	32	101	42	82	14	60	96	103	60	76	75	85	79	80	73	72	76	84	74	67	59	64	35	70	75	62	64	84	86	76	80	68	75	78	73	70	72	71	67	62	79	81	96	83	89	86	68	70	54	58	6	53	64	87	82	77	73	72	67	93	99	92	87
Medvedev_SotsiologizmBezSotsiologii	190	185	170	194	179	167	171	190	212	205	202	196	215	208	183	172	172	181	153	154	112	102	96	152	180	138	221	208	221	217	209	217	183	204	188	202	41	307	237	32	0	221	143	214	37	130	184	196	113	219	205	214	191	158	170	186	160	164	180	166	150	164	119	199	167	186	167	180	184	188	180	164	168	170	169	183	182	201	192	161	246	217	203	154	238	221	212	210	145	149	22	184	191	222	226	185	228	220	219	245	240	201	219
Medvedev_TvorcheskayaDeyatelnost	848	858	775	864	793	830	786	822	1001	988	940	993	996	963	871	818	808	785	793	785	434	475	400	806	844	442	953	1021	1008	1062	990	1007	964	997	990	1011	72	938	1004	106	210	0	388	7371	72	564	950	897	576	982	1015	1038	978	816	839	830	857	839	821	744	749	658	406	878	773	734	691	894	849	811	831	774	701	804	803	816	747	875	702	708	970	956	1002	880	995	936	880	887	562	591	59	560	900	945	990	886	966	896	1005	1102	1091	988	1041
Medvedev_UchenyiSalierizm	314	300	283	292	273	262	301	375	370	334	315	336	375	334	302	268	340	293	239	251	168	164	154	270	274	197	331	340	343	377	392	357	323	341	305	340	66	440	505	42	143	388	0	409	62	194	290	263	179	319	322	361	312	272	279	287	270	287	286	240	250	270	172	342	290	284	287	308	277	326	325	288	280	288	279	317	276	307	274	268	381	361	324	305	381	336	345	360	267	229	30	268	319	350	350	324	336	323	348	424	390	336	380
Medvedev_VLabPisatelia	792	781	692	781	701	746	659	817	904	880	866	801	915	822	810	742	802	777	690	637	399	388	350	754	723	423	832	822	836	964	908	948	818	812	809	866	78	931	969	82	214	7892	409	0	72	486	837	801	464	862	827	909	855	700	706	735	741	714	727	696	659	654	374	808	728	757	659	796	727	805	783	648	632	759	760	761	725	775	624	643	891	891	864	804	937	895	844	847	537	576	60	532	819	921	978	874	897	883	876	1066	1008	857	937
Medvedev_ViktorShklovskiyTeoriaProsy	61	58	46	54	54	58	49	51	60	60	66	73	51	67	64	54	64	49	49	44	32	33	29	53	56	38	73	62	63	73	69	64	59	63	72	72	14	76	107	14	37	75	62	72	0	32	55	54	40	63	61	68	60	49	54	50	54	55	50	49	49	50	38	58	54	61	56	66	65	55	61	54	53	63	54	58	47	67	62	44	83	83	70	65	79	62	60	59	50	45	5	43	70	66	65	68	71	58	72	79	77	70	64
Nazirov_TragedijnoeNachaloPetrVerxovenskij	483	506	505	513	520	512	372	382	565	594	618	613	546	575	501	473	417	439	557	562	295	357	314	468	498	255	503	516	487	531	480	480	548	487	545	575	45	447	449	60	130	582	194	486	32	0	760	738	462	467	483	507	485	482	502	470	453	487	430	407	421	348	272	446	451	419	408	548	565	436	487	463	391	478	478	437	412	426	376	384	512	492	505	535	487	512	413	446	279	321	38	305	483	480	496	433	466	476	515	505	555	535	573
Nazirov_TvorcheskiePrincipyDostoevskogo_1	794	823	758	832	798	814	695	656	1162	1007	1047	978	1088	954	886	828	756	750	1017	973	475	582	467	757	819	392	791	853	814	888	821	846	929	792	852	941	66	780	785	96	184	941	290	837	55	760	0	0	684	826	755	835	788	691	726	742	747	732	664	659	646	619	403	811	780	753	732	964	908	800	855	776	692	812	877	781	785	773	646	683	864	804	819	792	792	848	739	778	477	520	44	508	751	821	847	732	785	759	783	877	939	863	916
Nazirov_TvorcheskiePrincipyDostoevskogo_2	773	817	736	756	757	760	665	629	1050	1077	1091	933	988	896	830	732	696	715	917	839	424	544	423	736	778	386	796	764	778	860	783	810	829	737	873	907	65	742	738	103	196	899	263	801	54	738	0	0	756	729	713	763	791	728	755	727	779	766	681	648	657	558	397	754	759	710	694	890	857	760	793	698	658	769	835	730	725	668	563	605	788	750	830	816	771	810	673	733	427	493	49	480	707	782	796	679	734	715	757	837	904	850	873
Nazirov_VrazhdaKakSotrPrototypStavrogina	426	451	454	430	443	439	342	335	563	536	539	533	521	512	438	414	409	371	491	486	252	320	236	471	495	236	446	469	451	508	443	441	487	440	611	594	44	407	415	60	113	575	179	464	40	462	684	756	0	423	426	437	441	422	475	446	435	439	390	415	396	327	230	419	409	384	381	487	475	396	434	403	362	462	452	383	422	426	367	398	470	442	531	495	455	453	374	425	257	301	30	273	439	416	428	368	423	394	445	459	475	454	456
Potebnia_Myslijsyk_1	837	787	742	802	835	809	803	862	951	926	902	913	965	931	858	792	929	823	819	834	481	475	457	770	806	507	1034	1051	1094	1104	1102	1056	893	1040	852	1000	68	926	1022	76	219	1079	319	862	63	467	826	729	423	0	0	0	924	768	792	824	859	821	866	784	741	727	440	820	765	771	665	836	802	779	739	722	692	789	802	760	791	957	784	813	1147	1026	918	824	1114	998	1009	945	598	631	58	586	998	1105	1152	1075	1167	1108	1169	1148	1175	1010	1108
Potebnia_Myslijsyk_2	783	788	744	761	787	814	792	832	938	919	876	999	955	997	886	803	883	845	756	753	438	429	411	734	799	490	1059	1011	1065	1202	1207	1101	881	1091	849	1005	63	873	984	75	205	1049	322	827	61	483	755	713	426	0	0	0	929	804	821	838	872	856	844	783	753	730	426	824	759	762	654	846	850	795	714	704	688	825	792	798	783	956	749	725	1107	1056	896	841	1037	980	935	962	556	628	55	613	1008	1066	1081	1113	1118	1055	1174	1164	1142	1009	1114
Potebnia_Myslijsyk_3	819	843	769	835	844	851	856	940	988	958	963	1000	1005	1011	904	768	950	854	830	831	476	449	458	743	823	511	1128	1042	1098	1187	1179	1072	930	1075	882	1008	80	990	1048	85	214	1096	361	909	68	507	835	763	437	0	0	0	992	824	876	889	902	875	857	802	793	721	435	878	777	795	724	890	855	845	827	737	702	814	823	830	788	973	752	764	1115	1044	906	848	1125	1001	1011	1003	590	621	57	633	975	1084	1101	1115	1140	1088	1151	1452	1172	1030	1155
Propp_IstoricheskieKorniVolshebnoiSkazki_1	829	845	780	812	835	849	725	776	883	890	833	899	881	919	905	827	765	757	703	712	455	417	393	830	833	483	961	933	932	1026	1001	970	914	929	855	892	74	876	925	79	191	1009	312	855	60	485	788	791	441	924	929	992	0	0	0	0	0	0	1343	975	1035	702	449	766	712	761	681	841	805	714	708	663	680	768	767	718	766	914	693	747	973	972	901	796	991	934	869	851	507	583	53	556	877	999	1015	972	973	959	992	1029	1078	952	1049
Propp_IstoricheskieKorniVolshebnoiSkazki_2	733	753	725	789	792	779	607	591	723	794	794	799	726	797	806	769	676	598	687	644	390	371	355	745	820	405	846	802	814	845	843	817	827	768	821	819	62	703	736	80	158	837	272	700	49	482	691	728	422	768	804	824	0	0	0	0	0	0	1103	887	1002	579	357	634	662	633	573	741	770	597	603	586	619	702	653	621	656	724	606	660	814	824	734	739	804	820	696	777	439	514	40	458	738	772	866	788	838	764	805	824	940	849	874
Propp_IstoricheskieKorniVolshebnoiSkazki_3	724	757	742	771	791	785	623	641	771	824	796	831	794	819	816	756	661	615	675	682	384	382	387	753	795	404	851	844	821	876	816	840	822	783	822	828	53	710	757	73	170	852	279	706	54	502	726	755	475	792	821	876	0	0	0	0	0	0	1236	924	1000	572	341	683	658	666	578	778	782	600	609	647	604	709	704	614	654	746	581	661	829	813	804	768	826	800	681	727	446	520	45	468	753	822	861	789	814	763	804	862	951	832	890
Propp_IstoricheskieKorniVolshebnoiSkazki_4	761	787	725	783	830	804	627	629	746	806	811	822	763	818	848	790	690	656	696	693	410	383	359	726	754	411	890	840	835	907	855	850	879	791	797	827	57	745	748	72	186	852	287	735	50	470	742	727	446	824	838	889	0	0	0	0	0	0	1193	970	1020	580	372	688	647	662	574	738	725	606	640	645	612	702	674	602	678	800	605	683	849	797	783	746	807	853	717	763	456	533	47	475	759	818	888	789	854	812	821	878	925	787	875
Propp_IstoricheskieKorniVolshebnoiSkazki_5	783	756	738	833	857	845	656	614	792	838	805	824	805	817	864	804	681	665	719	734	412	420	391	788	777	422	890	900	832	932	888	840	910	825	824	849	64	746	745	76	160	884	270	741	54	453	747	779	435	859	872	902	0	0	0	0	0	0	1118	935	981	648	377	702	667	648	620	761	742	629	645	641	651	723	731	624	668	813	631	736	832	844	807	745	867	850	703	757	466	551	39	484	796	858	929	829	851	825	879	866	951	850	911
Propp_IstoricheskieKorniVolshebnoiSkazki_6	750	781	765	799	806	811	646	645	791	829	795	861	813	842	840	805	688	651	668	676	409	390	385	756	787	445	920	887	857	929	871	860	893	814	807	860	64	740	779	84	164	891	287	714	55	487	732	766	439	821	856	875	0	0	0	0	0	0	1356	951	1012	581	381	686	658	682	617	765	775	656	656	640	641	741	692	650	649	771	618	666	865	832	764	758	821	831	738	782	448	508	46	510	748	848	894	839	836	799	824	859	1000	852	947
Propp_MorfologiaSkazki	653	679	660	683	682	697	610	658	765	776	753	786	803	799	803	686	695	659	573	601	334	323	303	682	734	452	805	761	820	872	872	795	746	753	689	750	53	742	834	73	180	830	278	723	49	413	656	684	385	858	830	836	1361	1108	1254	1199	1124	1365	0	833	841	577	369	670	645	634	573	683	680	628	575	547	606	673	673	625	641	748	591	622	856	844	758	712	817	780	752	745	466	488	55	498	715	792	869	847	872	831	814	870	931	845	915
Propp_RusskieAgrarnyePrazdniki_1	731	764	739	765	713	714	528	558	650	684	710	683	648	697	729	704	594	588	593	615	368	321	348	751	719	394	720	706	721	806	741	715	754	679	756	763	60	676	727	67	166	729	240	696	49	407	659	648	415	784	783	802	975	887	924	970	935	951	836	0	0	592	383	604	588	618	527	681	658	576	563	551	571	650	626	576	600	764	590	652	787	815	765	728	779	748	634	688	409	447	42	442	686	743	795	738	762	726	777	805	844	717	796
Propp_RusskieAgrarnyePrazdniki_2	741	748	735	793	720	740	526	551	623	706	684	653	620	665	728	708	574	551	551	573	343	331	318	713	726	398	730	700	663	780	740	720	750	679	736	737	65	665	701	59	150	755	250	659	49	421	646	657	396	741	753	793	1035	1002	1000	1020	981	1012	843	0	0	544	370	593	589	565	535	669	660	548	535	515	555	636	620	558	575	718	559	608	733	732	715	687	746	712	613	640	398	459	34	418	633	733	802	723	744	682	718	794	827	703	769
Savitsky_EvropaiEvraziaMigracijaKulturyKontinentOkean	642	652	585	600	606	599	599	567	661	642	641	629	644	636	666	609	636	608	596	619	416	316	304	633	619	375	683	666	696	741	751	729	631	689	613	719	65	710	693	64	164	691	270	654	50	348	619	558	327	727	730	721	702	579	572	580	648	581	587	592	544	0	578	636	552	589	524	635	562	560	587	532	554	593	586	556	590	1063	691	634	770	720	676	629	796	702	681	678	407	464	44	435	632	747	790	693	774	722	762	770	779	656	767
Savitsky_PoddanstvoIdeiDvaMiraStepiOsedlast	414	395	354	406	376	369	377	384	424	437	412	369	422	380	426	381	386	364	407	459	306	233	246	388	368	220	452	431	466	461	473	441	397	474	419	505	44	442	408	35	119	434	172	374	38	272	403	397	230	440	426	435	449	357	341	372	377	381	371	383	370	578	0	396	360	357	339	428	361	388	376	362	329	365	384	400	373	426	414	402	467	450	427	408	498	396	440	417	256	286	31	279	421	447	449	405	422	423	447	448	460	427	434
Tiupa_AnalitikaHudozhestvennogo_1	754	747	652	694	663	686	774	927	907	869	845	834	934	866	830	705	828	778	637	652	381	364	358	706	738	436	821	871	869	926	876	861	748	847	714	828	73	911	935	70	199	929	342	808	58	446	811	754	419	820	824	878	766	634	683	688	702	686	686	604	593	636	396	0	0	1290	1079	1118	996	2045	1191	1140	1678	1273	1226	1909	1305	755	630	602	840	793	782	733	901	830	870	869	557	509	61	634	821	874	899	792	884	784	934	941	942	804	900
Tiupa_AnalitikaHudozhestvennogo_2	666	704	648	689	678	727	655	679	842	818	848	848	846	853	766	702	803	719	608	607	344	348	323	711	722	400	749	733	712	828	821	799	737	720	671	760	75	770	776	75	167	774	290	728	54	451	780	759	409	765	759	777	712	662	658	647	667	658	665	588	589	552	360	0	0	1356	1064	1031	904	1989	1020	887	1818	1015	996	3687	1040	670	581	563	804	771	763	731	803	716	746	788	522	471	55	535	764	777	802	775	782	733	884	841	839	790	877
Tiupa_DiskursIZhanr_1	760	724	634	718	670	713	668	739	836	896	857	781	854	794	884	709	855	802	567	587	392	346	308	691	706	386	730	708	723	837	795	785	698	715	667	748	73	793	866	62	186	786	284	757	61	419	753	710	384	771	762	795	761	633	666	662	648	682	645	618	565	589	357	1290	1356	0	0	1043	849	1956	951	830	2211	1329	1314	1725	1442	662	566	580	851	777	749	727	886	756	806	834	485	459	55	544	823	795	807	753	819	784	826	804	823	686	797
Tiupa_DiskursIZhanr_2	684	669	593	642	627	662	636	681	808	786	784	742	791	748	748	712	739	704	543	575	350	350	313	639	686	333	691	666	663	739	727	725	652	629	589	654	70	696	717	64	167	707	287	659	56	408	732	694	381	665	654	724	681	573	578	574	620	617	589	527	535	524	339	1079	1064	0	0	1361	958	1178	939	888	1017	1098	1420	1158	1209	596	519	530	748	673	677	672	706	679	679	729	427	433	48	471	681	686	719	684	696	671	747	721	743	694	746
Tiupa_HudozhestvennostChehovskogoRasskasa_1	790	800	727	780	779	822	700	712	989	942	903	957	970	942	876	753	761	750	786	788	423	450	404	795	862	400	821	817	825	917	869	868	852	820	864	929	79	834	825	84	180	934	308	796	66	548	964	890	487	836	846	890	841	741	778	738	761	765	707	681	669	635	428	1118	1031	1043	1361	0	0	1101	1012	910	962	2119	2998	1068	994	757	654	623	881	825	848	797	879	839	768	830	509	518	69	527	802	814	852	758	794	763	885	906	954	895	944
Tiupa_HudozhestvennostChehovskogoRasskasa_2	737	733	725	764	734	746	730	660	914	891	863	959	938	952	852	730	752	687	764	793	423	467	442	735	894	396	817	802	804	849	807	823	848	786	860	838	61	703	737	86	184	913	277	727	65	565	908	857	475	802	850	855	805	770	782	725	742	775	697	658	660	562	361	996	904	849	958	0	0	989	908	908	1457	1772	2260	974	921	715	628	619	816	764	776	756	793	831	730	770	435	501	46	530	783	745	826	716	744	710	855	796	893	883	902
Tiupa_HudozhestvennyiDiskurs	760	684	639	696	685	689	720	813	921	844	850	834	914	828	824	717	852	808	632	634	377	372	334	650	707	374	763	765	765	886	834	854	762	756	653	746	67	829	844	75	188	886	325	810	55	437	800	767	397	783	793	840	711	597	603	610	626	656	647	571	549	558	389	2056	1995	1956	1179	1098	991	0	2082	1050	2545	1206	1123	13100	1227	673	590	592	817	756	731	686	858	755	832	831	504	473	48	578	775	804	820	793	804	794	878	919	846	760	856
Tiupa_LitereturaIMentalnost_1	714	704	626	687	646	671	691	675	878	796	774	821	863	817	712	650	748	682	689	689	411	384	371	667	738	353	731	728	737	797	750	768	748	711	730	812	66	819	792	80	180	874	325	783	61	487	855	793	434	739	714	827	708	603	609	640	645	656	587	563	535	587	376	1191	1020	951	939	1012	908	1929	0	0	846	939	1026	1164	1002	716	614	603	806	773	771	736	819	747	737	738	479	502	60	499	742	761	783	662	735	671	766	850	856	709	821
Tiupa_LitereturaIMentalnost_2	637	613	583	666	611	664	678	653	793	729	708	787	795	774	707	633	651	609	671	705	403	400	393	651	689	323	729	720	742	749	699	728	727	723	699	746	58	703	629	68	164	810	288	648	54	463	776	698	403	722	704	737	663	586	647	645	641	640	563	551	515	532	362	1140	887	830	888	910	908	1051	0	0	745	823	849	1030	830	651	551	542	747	680	699	682	737	695	644	652	430	447	44	444	646	685	688	622	640	662	698	755	757	674	725
Tiupa_Narrotologia	663	655	615	661	631	683	620	659	760	763	745	732	770	735	746	671	732	651	541	572	347	336	313	599	660	372	694	699	718	771	716	731	659	680	618	695	63	674	741	75	168	723	280	632	53	391	692	658	362	692	688	702	680	619	604	612	651	641	619	571	555	554	329	1678	1818	2211	1017	962	1457	2545	846	745	0	3469	2483	2141	1331	626	549	528	732	674	652	645	761	697	690	734	440	453	45	464	711	729	726	721	721	684	756	742	727	680	770
Tiupa_NarrotologicheskiyChehov_1	731	730	690	730	750	734	690	698	854	857	835	865	862	874	786	716	758	774	633	658	389	372	352	717	793	418	787	777	803	879	839	835	777	769	742	793	66	754	788	78	170	845	288	759	63	478	812	769	462	789	825	814	768	702	709	702	723	741	687	650	636	593	365	1273	1015	1329	1098	2119	1772	1204	939	823	3469	0	0	1182	6033	678	584	610	823	777	778	751	809	804	759	817	453	515	51	500	807	795	815	774	782	727	861	800	863	817	848
Tiupa_NarrotologicheskiyChehov_2	721	685	662	728	688	726	744	661	839	838	860	877	882	863	873	728	700	693	653	690	393	381	392	700	796	388	756	796	784	881	814	823	789	780	755	826	68	747	790	73	169	850	279	760	54	478	877	835	452	802	792	823	767	653	704	674	731	692	684	626	620	586	384	1226	996	1314	1420	2998	2260	1120	1026	849	2483	0	0	1061	5923	678	586	613	862	765	802	727	840	766	736	784	460	493	46	504	786	806	825	763	774	729	829	832	894	798	876
Tiupa_TeoriaLiteretury3glavy	751	678	638	697	680	691	716	788	909	811	857	848	895	850	821	709	841	776	645	658	393	367	349	668	703	391	770	790	780	853	810	822	737	784	653	742	73	816	823	72	181	837	322	770	59	432	774	738	386	765	778	822	712	618	618	605	627	651	651	584	554	560	400	1910	3709	1952	1181	1072	984	13422	1550	1041	2499	1169	1092	0	1176	677	597	589	797	766	742	701	844	778	851	839	497	468	52	582	758	800	799	778	782	776	873	886	841	742	851
Tiupa_VvedenieVSravnitelnuyuNarrotologiu	685	681	640	698	646	689	707	655	820	827	816	834	848	851	814	692	751	769	616	622	371	359	327	656	736	358	721	725	736	811	780	800	697	732	681	724	68	770	780	74	183	776	275	724	47	428	782	744	431	758	774	788	756	647	642	664	674	655	659	605	565	578	375	1212	1042	1364	1430	1001	1022	1189	996	840	1258	5417	6464	1132	0	634	543	566	804	736	751	671	817	715	754	798	456	467	50	520	735	771	785	742	760	735	804	775	812	759	769
Trubetskoy_EvropaiChelovechestvo	775	790	683	752	729	761	715	673	835	835	827	837	843	843	798	747	727	685	693	764	465	384	415	767	750	481	909	884	902	972	959	918	837	911	829	887	67	855	859	71	201	902	307	775	67	426	773	668	426	957	956	973	914	724	746	800	813	771	751	764	718	1063	426	755	670	662	596	757	715	677	716	651	626	678	678	667	649	0	1178	937	948	906	888	782	980	940	840	852	480	588	54	532	854	970	979	933	999	905	945	1015	1046	914	960
Trubetskoy_RusskajaProblemaSoblaznyObIstinnomiLozhnom	638	631	562	620	593	608	617	625	713	689	659	675	713	685	665	614	610	606	638	691	439	366	367	600	631	405	765	728	762	806	788	763	707	764	657	755	68	697	712	67	192	753	274	624	62	376	646	563	367	784	749	752	693	606	581	605	631	618	592	590	559	691	414	630	581	566	519	654	628	593	614	551	549	584	586	582	560	1178	0	772	753	743	706	631	805	747	709	672	406	464	49	432	698	761	768	702	764	710	759	769	815	701	786
Trubetskoy_VerxiiNizyReligiiIndii	660	684	635	676	674	680	583	559	685	725	682	658	698	657	725	656	628	589	651	689	413	380	371	633	653	393	717	754	723	768	749	729	734	688	688	744	47	681	705	62	161	743	268	643	44	384	683	605	398	813	725	764	747	660	661	683	736	666	633	652	608	634	402	602	563	580	530	623	619	591	603	542	528	610	613	591	584	937	772	0	745	707	675	650	785	737	666	647	410	460	47	416	707	738	751	688	711	710	758	757	775	693	730
Vinokur_KulturaYazyka_1	868	873	763	817	815	808	770	853	930	916	961	981	950	1003	852	788	1008	887	763	751	468	460	404	844	850	496	1046	1000	1034	1124	1170	1048	880	1038	925	1019	82	1024	1090	79	246	1011	381	891	83	512	864	788	470	1147	1107	1115	973	814	829	849	832	865	866	787	733	770	467	840	804	851	748	881	816	824	806	747	732	823	862	804	795	948	753	745	0	0	1147	1051	1314	959	1024	1040	632	619	69	619	1014	1101	1149	1002	1121	1042	1153	1105	1142	953	1057
