или от	22
т е	16
не есть	13
и не	12
абсолютная мифология	11
а не	9
абсолютной мифологии	8
мифологии и	7
это –	7
то что	7
миф есть	7
и есть	7
и т	6
веры и	6
в основе	6
– в	6
не может	6
магическое имя	6
и тем	5
так как	5
в виду	5
ничего не	5
что это	5
по себе	5
т д	5
или в	5
типов мифологии	5
не имеет	5
понятия мифа	4
таким образом	4
она –	4
мы не	4
– не	4
есть в	4
знания и	4
и знания	4
относительной мифологии	4
мифа и	4
это не	4
ни на	4
значит что	4
личности и	4
что мы	4
что иное	4
и все	4
тем более	4
может быть	4
в мифе	4
мифология есть	4
в вечности	4
это значит	4
не что	4
апокалиптические образы	4
иное как	4
для того	4
в сущности	4
на то	4
того чтобы	4
один из	4
что и	4
собственное слово	3
слово есть	3
священная история	3
еси или	3
мифология но	3
должна быть	3
без религии	3
будет им	3
подобно тому	3
лежит в	3
есть мифология	3
я называю	3
переходя в	3
то на	3
такую мифологию	3
в себе	3
другими словами	3
к жизни	3
без знания	3
это и	3
имеет под	3
в этом	3
магическим именем	3
к религии	3
более не	3
диалектический синтез	3
в их	3
личность история	3
но –	3
в словах	3
мы имели	3
то же	3
и познание	3
только не	3
абсолютного мифа	3
им вечное	3
логическое учение	3
прежде всего	3
что в	3
и ее	3
и его	3
как бы	3
хотя бы	3
о личности	3
– то	3
тому как	3
уже не	3
и отношение	3
без веры	3
в свою	3
же что	3
субъекта и	3
идея лежит	3
мифологии где	3
религии –	3
это магическое	3
что они	3
в предыдущем	3
слово о	2
гл ix	2
и абсолютное	2
и что	2
но мы	2
бы не	2
или сам	2
может и	2
ни один	2
в виде	2
и требует	2
лишь как	2
что миф	2
не раз	2
религии есть	2
может только	2
диалектическую классификацию	2
о структуре	2
есть ни	2
бы только	2
сравнению с	2
образы должны	2
синтез личности	2
рационализм есть	2
бытие увенчивается	2
ни в	2
в гл	2
об одиссее	2
мифа из	2
– только	2
его объективного	2
картина –	2
учение и	2
не их	2
что все	2
возможных принципов	2
самой мифологии	2
и по	2
есть не	2
слово которое	2
все эти	2
есть собственное	2
диалектики я	2
можно судить	2
говорит о	2
и ни	2
всякая диалектика	2
только так	2
и веры	2
основе той	2
из возможных	2
уже имел	2
мифологии так	2
стало быть	2
субстанциального утверждения	2
на что	2
и только	2
где это	2
дать диалектику	2
есть имя	2
страшный суд	2
– художественного	2
невозможна без	2
сказать так	2
есть то	2
диалектику в	2
возможно лишь	2
и религии	2
учение о	2
и рационализм	2
гегелевской диалектикой	2
оно и	2
может дать	2
мифическое сознание	2
она есть	2
так миф	2
и объекта	2
это-то и	2
определенный смысл	2
объективного коррелята	2
тот кто	2
под собой	2
есть тоже	2
имя имя	2
всемирную историю	2
по типу	2
– все	2
ни с	2
думает что	2
инобытие становится	2
как субстанции	2
свою очередь	2
имя а	2
мы должны	2
найти в	2
чувства и	2
т н	2
вот почему	2
вовсе не	2
в том	2
которая бы	2
ни без	2
но миф	2
кроме того	2
сделать это	2
понятие мифа	2
абсолютной и	2
личности как	2
и пр	2
между мифологией	2
до введения	2
быть в	2
есть только	2
между искусством	2
какая мифология	2
чистого чувства	2
той же	2
оно есть	2
можно только	2
имя есть	2
ясно что	2
даже и	2
– как	2
отношение мифологии	2
мифологию я	2
диалектический материализм	2
как таковой	2
дать и	2
развернутое магическое	2
история и	2
в области	2
и слово	2
есть религиозная	2
уже окончательное	2
увенчивается магическим	2
я думаю	2
без всякого	2
показать как	2
бы и	2
или вид	2
по сравнению	2
иметь в	2
же есть	2
богословия и	2
художественного образа	2
выше в	2
имели до	2
мифе как	2
и стихию	2
– у	2
может осуществиться	2
той мифологии	2
понятия чуда?	2
этой внутри-мифической	2
и даже	2
и наконец	2
и на	2
мифология и	2
и можно	2
мифологией и	2
диалектика есть	2
в силу	2
свое инобытие	2
теперь мы	2
о мифе	2
искусством и	2
было бы	2
реальных типов	2
или по	2
что апокалиптические	2
как и	2
в своем	2
мифологии к	2
только что	2
есть слово	2
в диалектику	2
они –	2
что мифология	2
введения понятия	2
личностная история	2
думаю что	2
мифология не	2
собственно говоря	2
не говорит	2
но только	2
если образы	2
миф не	2
хорошо знает	2
словах данная	2
миф об	2
есть просто	2
это есть	2
в одну	2
едва ли	2
личности в	2
на этом	2
в ней	2
следовательно она	2
абсолютное бытие	2
личность есть	2
или иначе	2
слово –	2
что я	2
субстанциальное и	2
есть само	2
есть пророчество	2
где-нибудь на	2
не абсолютная	2
события из	2
себе и	2
лишь в	2
должны быть	2
себя в	2
что она	2
земли или	2
имел случай	2
самоутверждения личности	2
– значит	2
сказали мы	2
предыдущее изложение	2
и может	2
в сфере	2
мифологию –	2
есть религия	2
осуществиться без	2
и в	2
диалектические категории	2
образы апокалипсиса	2
имеет права	2
в особенности	2
все принципы	2
в свое	2
пророчество и	2
не мешает	2
случай указать	2
можно сказать	2
диалектика не	2
не мифология	2
на основании	2
так хорошо	2
то ни	2
не в	2
не по	2
– абсолютно	2
в одном	2
диалектическая формула	2
сознание породившее	2
формула мифа	2
слово личности	2
коррелята –	2
сущность религии	2
я уже	2
она всегда	2
диалектика как	2
себя и	2
всеобщее отступление	1
как вялый	1
пара ли	1
предыдущем сделали	1
объект личность	1
субстанциального хотя	1
совершенно универсальным	1
и слепого	1
чистая немифологическая	1
имя неотделимое	1
термины и	1
сторона не	1
грядущих событий	1
постулирует равнозначность	1
виде чего-то	1
только введение	1
отдельных народов	1
мы верим	1
католическая протестантская	1
как развернутое	1
выражена в	1
что человек	1
c сущность	1
что фидеизм	1
конечно входить	1
с ними	1
оба эти	1
дает возможность	1
знает и	1
как изображение	1
где тезисом	1
– где	1
все внимание	1
множественность искупление	1
новой величины	1
одна сторона	1
не встречает	1
охватила или	1
же это	1
и притом	1
и отдельно	1
нельзя ли	1
магическом имени	1
точно установленный	1
общая диалектика	1
подобный миф	1
никакая мифология	1
отдельно дается	1
субъект есть	1
самым уже	1
и платона	1
чем сейчас	1
одна субстанция	1
увлекается частностями	1
сказать о	1
объективистам есть	1
чародеи все	1
поведение то	1
противосостояние веры	1
самых чудес	1
или отъидеши	1
законов случайного	1
крови и	1
все просто	1
что осуществится	1
природы увлекается	1
неповторимо несравнимо	1
становление и	1
диалектического метода	1
варьироваться на	1
принцип ее	1
художественного символа	1
особенности терминологически	1
грехопадение и	1
христово христос	1
как чистая	1
такое же	1
принижен ни	1
личность миф	1
пользуясь уже	1
эманация богочеловечества	1
от незнаемых	1
намерение т	1
образом диалектика	1
интуициями не	1
различных религиозных	1
только она	1
и веригами	1
знает всемирную	1
будущего возможно	1
неотделимое от	1
правда господи	1
общую синтетически-воплощаемую	1
которых я	1
если мы	1
от непосещаемого	1
личности специально	1
послан или	1
быть построяема	1
приближением к	1
одной религиозно-мифологической	1
смысловая точка	1
– таинства	1
вечность –	1
скорее энергийное	1
едином н	1
ряде соответствующих	1
я не	1
банняго или	1
миф невозможен	1
почти не	1
сам-то по	1
упрощения это	1
обрядом –	1
первичный и	1
личности да	1
самосознанию личность	1
является настоящим	1
была третья	1
такая механистическая	1
ни другое	1
и объект	1
первозданное безгрешное	1
ведении абсолютная	1
сделали только	1
понятая личность	1
жизни c	1
и опора	1
их единство	1
жизни жажду	1
основу материю	1
неразложимом целом	1
смысл и	1
сына и	1
неделимая и	1
свою основу	1
божий и	1
занимается следующий	1
вообще протекание	1
в каком	1
первозданной сущности	1
верующих толковать	1
начинает задыхаться	1
моменты мифообразования	1
буквальность опять-таки	1
поведение с	1
доходит до	1
и молитву	1
гнев божий	1
раз что	1
самоутвержденности однако	1
точна я	1
и чистейшее	1
этой формулы	1
чтобы была	1
неразбериху повседневного	1
человека который	1
или во	1
внутри-мифической диалектике	1
только научным	1
сокрыся со	1
абсолютно т	1
развертывание есть	1
исследования вступление	1
принципа хотя	1
исторических типов	1
более ничего	1
ограничиться только	1
интересно совершенно	1
человека в	1
получено столь	1
мифообразования занимают	1
а между	1
история на	1
мешает а	1
и тогда	1
но все	1
само по	1
познание то	1
допустим что	1
этих самых	1
в самом	1
дошедшую до	1
– сила	1
задача нашего	1
места отлучися	1
формально-логическая мифология	1
только жить	1
кладезя или	1
язве или	1
проявлении –	1
всему иному	1
– природа	1
принципиально нового	1
религиозную расценку	1
гносис пророческий	1
или блистания	1
абсолютную мифологию	1
иоанн богослов	1
можно ли	1
есть действительно	1
может появиться	1
имели такое	1
это я	1
что тут	1
всякого инобытия	1
нам ничего	1
личности выражающее	1
мифологии не	1
бездонную ведуны-лиходеи	1
играть основную	1
нашего дальнейшего	1
звезды будут	1
оно само	1
и картинах	1
которыми иной	1
или священная	1
дадут нам	1
такая мифология	1
неявно именно	1
мы собственно	1
того события	1
с чем	1
отрывок одной	1
нее если	1
цели диалектика	1
изложить еще	1
нами тут	1
момент нашей	1
от скверны	1
мифологии выставляющей	1
отлучися и	1
вопросов об	1
как между	1
в непознаваемую	1
ясно как	1
человек так	1
в аспекте	1
суд ад	1
очень и	1
такое определение	1
эту мифологию	1
мертвых страшный	1
слово ее	1
мифологических систем	1
всей диалектической	1
адам сатанинская	1
история а	1
и скверный	1
или слезы	1
переход к	1
жить –	1
где отдельно	1
личность слово	1
из прошлого	1
некоторых отдельных	1
сфере создающей	1
гегеля сделан	1
принципиально новой	1
самоутверждение где	1
зловонные будет	1
и развития	1
уже быть	1
к реальной	1
структуре мифа	1
подставлять под	1
формула обладает	1
ставшая личность	1
грядущих времен	1
религиозное поведение	1
фикция то	1
христианин не	1
наблюдается своя	1
смерти говорит	1
такой мифологии	1
воплощенность чувства	1
– гностицизм	1
да совершенно	1
вечное задушение…	1
– что	1
чуда? мы	1
в путаницу	1
вскрыли понятие	1
данной личности	1
образ есть	1
прибавил он	1
можно сделать	1
отраженность чистого	1
то в	1
кем и	1
е абсолютных	1
неделанную скорбную	1
сама-то религия	1
себе мифическое	1
диалектика ибо	1
феноменальное самоутверждение	1
или временем	1
не иной	1
немый или	1
ix §§	1
имеет ничего	1
представляем себе	1
и переход	1
разумной воли	1
состоянии ее	1
вычисление затмения	1
от рова	1
определенное намерение	1
успокоение после	1
не принижен	1
дано и	1
под этой	1
воплощенного бога	1
мифологии это	1
час до	1
в смысле	1
последней главе	1
в личности	1
мифе также	1
образом богословие	1
мыслить во-первых	1
никакими способами	1
ее не	1
изложенные мною	1
и общей	1
площадке чтобы	1
развернуть это	1
как чисто	1
результат своих	1
оригинально неповторимо	1
целей систематического	1
вечности не	1
созданного и	1
вполне достаточно	1
опыте я	1
анализ понятия	1
и я	1
знание не	1
задворках в	1
демоне нечистый	1
апокалиптических пророчествах	1
изобразить однако	1
этом развитии	1
– вот	1
чтобы дать	1
смеси скоктаяй	1
вечности вот	1
миф далее	1
степени мифа	1
такая диалектика	1
принципы я	1
под гегелевской	1
вообще ибо	1
кто-то истолкует	1
какой стороны	1
процесс доходит	1
принципе абсолютной	1
признать одинаковую	1
и поведение	1
последнее ядро	1
диалектически необходимо	1
временем некиим	1
религиозно-мифологической и	1
специальных исторических	1
ведь художественный	1
что тем	1
формулой как	1
скажут зачем	1
картинах подлинной	1
отъиди в	1
было поставить	1
общем а	1
как того	1
управляется ею	1
наш принципиальный	1
диалектика должна	1
духа ныне	1
человек как	1
мы находимся	1
веры абсолютная	1
они суть	1
я скажу	1
пусть блудница	1
они взяты	1
необходимо припомнить	1
самих этих	1
имеют переносное	1
вода будет	1
главе мелким	1
мы будем	1
бесчисленных толкователей	1
мифе совершенно	1
тогда когда	1
чувстве этом	1
своей мифологической	1
инобытием и	1
времен а	1
субстанциальное утверждение	1
любосластные творяй	1
и веру	1
одна идея	1
начать с	1
ладов в	1
последнее отграничение	1
неисповедимую жажду	1
с языческой	1
и логически	1
постепенно осуществляемая	1
себе эти	1
такое дальнейшее	1
похищении коры	1
назвать исследованием	1
чего происходит	1
стихию объекта	1
совершенно не	1
припомнить наше	1
и несводимо	1
соборном ведении	1
абсолютной –	1
крайней мере	1
мистерией веры	1
уже в	1
тут в	1
диалектику вообще	1
мифология религия	1
об этой	1
и общепризнанное	1
духа погибели	1
наконец отношение	1
и всему	1
религиозно-мистическими интуициями	1
или утренний	1
личности уразумевшая	1
стороны и	1
и религиозного	1
к смерти	1
изолированном проявлении	1
они должны	1
наше последнее	1
может примирить	1
заново личность	1
результаты можно	1
многочисленных относительных	1
атеистическая и	1
мифами потому	1
нового хотя	1
же себя	1
не более	1
и понятно	1
судить таким	1
можем сказать	1
большею частью	1
поведение мифология	1
ни христианская	1
мифологии –	1
всю жизнь	1
философские цели	1
религия такая	1
первозданном светлом	1
на высоте	1
построить более	1
фактах и	1
зафиксировать некое	1
синтез субъекта	1
океан вечный	1
этого абсолютного	1
разве только	1
волен спасаться	1
собою один	1
всего ставши	1
– личность	1
попробуем теперь	1
мы могли	1
что эта	1
несколько слов	1
в дьявольский	1
всякая реальная	1
это она	1
пророчества и	1
воссоздания личности	1
событий которое	1
антитезисом –	1
никогда другой	1
еще по-иному	1
эту диалектику	1
так уже	1
значении а	1
и день	1
должно быть	1
ставши исторической	1
я читал	1
подлинной религией	1
мифология разве	1
мыслимы и	1
чтобы составился	1
только задался	1
виде заднего	1
что существует	1
стороны мы	1
своем изолированном	1
которого является	1
с нормой	1
полностью о	1
личности она	1
интереснейшее развертывание	1
изыдут в	1
себе не	1
возьмем еще	1
как должно	1
только потому	1
мифа дальше	1
должны стать	1
можно путем	1
рабе божием	1
нераздельном бытии	1
отдельных типов	1
в строго	1
да они	1
мило когда	1
знаем как	1
только при	1
божию созданного	1
бога подобия	1
заключение христианин	1
их применения	1
и мирного	1
один неразличимый	1
в нашей	1
он через	1
или отраволюбивый	1
бытии и	1
равновесие интеллигенции	1
определенную мифологию	1
ибо всякая	1
к земным	1
есть уже	1
нельзя ограничиться	1
живом действии	1
своя собственная	1
обыкновенная диалектика	1
принципиальный анализ	1
все частичные	1
мировоззрений и	1
и которая	1
конечно предполагает	1
антиномии изложенные	1
о реальной	1
внося ни	1
абстрактными моментами	1
не иметься	1
все моменты	1
возникший как	1
же как	1
– из	1
всю философию	1
таковом наблюдается	1
возникают уран	1
изысканиях это	1
был бы	1
исследование которое	1
первый план	1
обряд есть	1
принципиальной части	1
верим что	1
одиссее пользуется	1
и о	1
все нормы	1
третье совершенно	1
слитых в	1
найдет нам	1
точный и	1
и для	1
понятны только	1
конечно христианская	1
собственном смысле	1
художественно –	1
например крови	1
он всегда	1
xiv переход	1
весь предыдущий	1
– диалектически	1
и центральная	1
воли ни	1
события уже	1
христианских сект	1
если личность	1
известен общераспространенный	1
целиком скрывала	1
у трагиков	1
ни жить	1
мифологии хорошо	1
будет играть	1
учения о	1
есть чисто	1
бы жить	1
которое получит	1
что такая	1
не оно	1
посвящу заключительные	1
согласовать свое	1
эти отдельные	1
в специальном	1
интеллигентную природу	1
именем миф	1
пра-символ такой	1
протестантская атеистическая	1
со инем	1
возьмем первую	1
простейшей и	1
активно развертывающемуся	1
свое ущербное	1
становится исторической	1
помимо себя	1
вопросов субстанциального	1
неотъемлемо от	1
продуманы нами	1
от земли	1
– на	1
само миф	1
пророчестве можно	1
величины что	1
вечной жизни	1
оказались бы	1
их значение	1
– мыслить	1
веры ни	1
огненная и	1
дальше должны	1
повествовании фигурируют	1
человек и	1
получает свою	1
со всей	1
смысл каждой	1
выпуск моего	1
который волен	1
диалектическую выгоду	1
не было	1
и границ	1
абсолютно самородна	1
мифу абсолютная	1
путаницу и	1
повезло апокалипсису	1
общепризнанное определение	1
то –	1
относительные типы	1
они собственно	1
в некий	1
просто мифология	1
можно подвергнуть	1
так чтобы	1
нечто третье	1
какие-нибудь более	1
видели что	1
имя но	1
некоем живом	1
не такую	1
обычном спутанном	1
имени можно	1
как самое	1
существует церковь	1
мифологий вообще	1
существование всякую	1
испытывает глухую	1
образа рукою	1
сам по	1
специально для	1
адама диалектика	1
уничтожено только	1
вскрытие этих	1
должен признавать	1
однако только	1
ее погруженности	1
церковь церковь	1
обращаться в	1
переносное значение	1
слово миф	1
диалектического обследования	1
обычай у	1
руководствуясь полученным	1
богослов имел	1
мифам но	1
текстов из	1
извлечь еще	1
принципа и	1
утверждение в	1
поступков и	1
остатка чтобы	1
этой идее	1
у пифагорейцев	1
проанализированном и	1
творящее чудеса	1
знания то	1
прародителей грехопадение	1
повторяли все	1
говорит именно	1
мифа нужно	1
мифология сама	1
сделан настолько	1
и тут	1
заметить следующее	1
наукой а	1
само знание	1
мифология может	1
той простейшей	1
и религиознейшее	1
в абсолютном	1
пр я	1
же диалектическое	1
же нужно	1
фактически происходило	1
магические имена	1
за которыми	1
иначе например	1
вялый и	1
моменты тут	1
на водах	1
действительности когда	1
и скрежет	1
ему жить	1
теогонический и	1
ничего принципиально	1
собственно значат	1
смысле категории	1
что то	1
с месяцем	1
отпадение и	1
греческая православно-христианская	1
или полунощный	1
и основные	1
верно христианин	1
интуицию вечной	1
не говорили	1
и другого	1
преобразование которое	1
никакому ущербу	1
например мифы	1
выполнения этой	1
фоне проанализированного	1
категории как	1
диалектике необходимо	1
есть это	1
основных типов	1
на скале	1
конечно диалектика	1
преисподний глубинный	1
далее –	1
сказали при	1
– скорее	1
о понятиях	1
зафиксированном смысле	1
и частично	1
ее реальных	1
назвать перечислить	1
единой и	1
этапа интеллигенции	1
новоевропейской мифологии	1
саранча будет	1
я развивал	1
одном неразложимом	1
на фоне	1
дальнейшем я	1
а знание	1
ни сокрыся	1
понятие которое	1
мира и	1
есть сфера	1
когда старые	1
ближайшее размышление	1
ровно то	1
частичного их	1
вообще исторический	1
падать на	1
наших дальнейших	1
– подумал	1
анализе относительных	1
более сложному	1
чуда? наш	1
то для	1
народов и	1
отступление казни	1
притом чисто	1
определенного вероучения	1
не дадут	1
глубочайшее и	1
д все	1
мрак вечное	1
четким прежде	1
за час	1
мною примерами	1
своих движущих	1
более как	1
есть историческое	1
как это	1
мифологии xiii	1
то лучше	1
конечно личность	1
его почти	1
нашего анализа	1
то делает	1
совершенно равноправную	1
личность и	1
истолкованием едва	1
началом анализа	1
окажутся гораздо	1
путем преобразований	1
как картина	1
– простейший	1
и весь	1
под апокалиптические	1
того в	1
религии мифология	1
веру без	1
выставляющей на	1
никем никаких	1
которая развивается	1
страх божий	1
отдельно мифическая	1
создающего в	1
ней же	1
велия слава	1
е чтобы	1
жажду жизни	1
одно что	1
только две	1
имел в	1
устыдися образа	1
жажду утерянного	1
мифов этим	1
преобразований выразить	1
развернуть диалектику	1
скверны или	1
применися устыдися	1
религиозной сфере	1
усилий согласовать	1
есть еще	1
которые мы	1
о ней	1
толковать пророчества	1
личность –	1
яко пара	1
глубинный льстивый	1
философия это	1
но они	1
преодолеть испытывает	1
наконец и	1
один приговоренный	1
на аршине	1
или звероломный	1
религии и	1
искусство сама	1
блудный или	1
не обитает	1
сущности это	1
от купели	1
столь простое	1
всемирно-историческом процессе	1
о себе	1
как воплощенность	1
яко велий	1
одно заключение	1
относительная мифология	1
всем известен	1
моего общемифологического	1
поставить а	1
скажу несколько	1
мельчайшей эпохи	1
именно о	1
по случаю	1
от езера	1
самого по	1
обязана в	1
в религиозной	1
правда подлец	1
– плоскостна	1
приведу только	1
в греческой	1
есть таинства	1
в я	1
в недрах	1
достигшее степени	1
новый адам	1
религиозными? голый	1
взаимоотношения мифологии	1
проблемы знания	1
об ее	1
третья идея	1
диалектика неосуществима	1
и уже	1
тоже в	1
богословское учение	1
и бытия	1
формулы с	1
есть европа	1
или глухий	1
тоже хаос	1
сам собою	1
рассуждения уже	1
бездну бездонную	1
типу веры	1
ли иоанн	1
в некоем	1
мифе и	1
злых искусителя	1
жизни а	1
раскольников идя	1
исследованием понятия	1
есть диалектика	1
увидеть подлинные	1
– и	1
собой один	1
гроба идольского	1
делает не	1
не искусство	1
является художественный	1
личность о	1
еще разительный	1
в понятии	1
существенные стороны	1
одинаковую совершенно	1
абсолютизирует какой-нибудь	1
и идейно	1
классификацию поскольку	1
неосуществима она	1
что звезды	1
материализм есть	1
и присно	1
и какие	1
категории принадлежит	1
проходит бытие	1
грома или	1
лежит под	1
из их	1
ему толкование	1
есть все	1
тут мы	1
толкования должны	1
именно религия	1
способное осуществиться	1
диалектику реальных	1
мифа миф	1
наконец второго	1
мифа переходит	1
направляемые неизвестно	1
все проблемы	1
же точно	1
после его	1
как таковую	1
безгодия некоего	1
аршине пространства	1
коры лежащий	1
противоречила бы	1
установок которые	1
что если	1
следовательно исторической	1
совершенно равноправных	1
будет идти	1
могилы …убойся	1
диалектически раз	1
ограничиться установлением	1
принципов и	1
добрались уже	1
зубный отмщение	1
систем наконец	1
прилучился еси	1
сект ii–iii	1
дурную множественность	1
свое поведение	1
которую я	1
ибо каждая	1
нашли в	1
абсолютном мифе	1
мифология понимает	1
максимально насыщенная	1
в бездну	1
такой же	1
из будущего	1
нощеглагольник или	1
и богословием	1
по-иному и	1
тартар и	1
затмения и	1
идее лежащей	1
если назовем	1
землю вода	1
с той	1
обряда т	1
события которое	1
виду в	1
отдельных сторон	1
обладает совершенно	1
случае если	1
же тут	1
в дальнейшем	1
совершилось не	1
один путь	1
любонеистовый или	1
один или	1
виды его	1
как о	1
а в	1
недрах самой	1
только наметить	1
но непосредственно	1
во сне	1
которое мы	1
не сокрыся	1
открывает наоборот	1
необходимость такого	1
описанием самых	1
одну ласку	1
достоевского где	1
души подземных	1
понимать его	1
как таковое	1
элевсинских мистерий	1
также и	1
разве это	1
от стремнины	1
тебе всех	1
е прежде	1
простую диалектику	1
указать на	1
аналогом которого	1
только тот	1
которой нет	1
мифологией она	1
системы объединенные	1
том случае	1
своего существования	1
сообщаяйся или	1
результате столь	1
этот момент	1
чтобы получить	1
он так	1
его буквально?	1
сфере без	1
мы исследовали	1
есть богочеловек	1
отдельных мифов	1
нечто данное	1
повседневного словоупотребления	1
учительного теоретического	1
в чине	1
именно в	1
подобия и	1
ее осмысленности	1
человека как	1
не знаем	1
кажется например	1
чудо слово	1
пифагорейцев и	1
выражающее и	1
одном принципе	1
мифа уже	1
в нее	1
выводы подобно	1
дальше которой	1
яко птица	1
на другое	1
создающей обряд	1
подлецом называет	1
себе отношение	1
факты поэтому	1
поэтому пользоваться	1
ветхого и	1
что субъект	1
не входит	1
об основной	1
– признать	1
мне и	1
есть исторически	1
таковой в	1
и та	1
или любонеистовый	1
непосещаемого места	1
принципов конечно	1
следовательно место	1
видимый бесстудия	1
расценку это	1
в смеси	1
смысле поэтому	1
значение то	1
делать тут	1
считать христианскими	1
принадлежит именно	1
для нее	1
от себя	1
естественно что	1
из определенного	1
будут пропасти	1
только конечною	1
и пещь	1
а это	1
мифологии продуманы	1
одинаково благоприятные	1
какая-то глина	1
бежи бежи	1
никакой почвы	1
как сложную	1
диалектическое противоречие	1
надо иметь	1
из которых	1
осуществляемая путем	1
вывод категорий	1
субстанциального самоутверждения	1
знает как	1
и нетронутая	1
главным образом	1
целью извлечь	1
чуда и	1
совершенно верно	1
две ноги	1
фидеизм же	1
она же	1
в свете	1
христианская ни	1
диалектических принципов	1
именно данной	1
гораздо целесообразнее	1
дадим ей	1
одну общую	1
и простую	1
до смерти	1
идеи –	1
входит в	1
бежи разлучися	1
невозможно личность	1
деление в	1
слово слово	1
нетронутая первозданная	1
движение направляемые	1
скрежет зубный	1
ни одной	1
верху земли	1
диалектику и	1
и зафиксировать	1
получают точнейшую	1
четвертая идея	1
пример это	1
из всего	1
православно-христианская католическая	1
отличившись от	1
конечно результат	1
пременяяйся или	1
нормы поведения	1
ни души	1
какой-нибудь точно	1
требует синтеза	1
светлом бытии	1
отысканию законов	1
уже никакими	1
недузе или	1
уязвляющих и	1
категорий как	1
приведенными мною	1
всякому ясно	1
имени –	1
я и	1
следующее если	1
всякую такую	1
мы раньше	1
греческий а	1
от трости	1
точка мифа	1
заткнем диалектику	1
философию лишь	1
принцип личности	1
разительный пример	1
первичного магического	1
мифологии структура	1
чисто жизненном	1
степени отличия	1
совершенно очевидно	1
месяцем пременяяйся	1
например вывод	1
состояния и	1
развивал антиномию	1
каком-нибудь одном	1
самосознания себя	1
значило бы	1
простейший и	1
– навоз	1
категорию –	1
злоба духа	1
этого мало?	1
е самый	1
которая узревши	1
и собственное	1
так мифический	1
второй из	1
аще еси	1
сводим на	1
бы прямо	1
европа и	1
диалектика абсолютная	1
разлучися демоне	1
поведения в	1
по характеру	1
совершенно невозможно	1
гораздо более	1
возможно окажутся	1
без вопросов	1
куда царство	1
противоречие а	1
насыщенная формула	1
к абсолютной	1
ни религиозная	1
основе двухсоставной	1
глухую и	1
мифология предопределяет	1
быть буквальны	1
и моралью	1
в инобытии	1
ведение равноправно	1
древа или	1
вселенская эманация	1
чистое мышление	1
абсолютное хотя	1
к полученному	1
это понятие	1
такую диалектику	1
что понимая	1
феноменологическое вскрытие	1
философски –	1
тогда существует	1
или яко	1
пришедшая к	1
все толкования	1
чтобы оба	1
будет никогда	1
– прибавил	1
оставаться так	1
она оправдана	1
случае не	1
формула достаточно	1
превращается в	1
терминов и	1
относительными мифами	1
как вера	1
что другое	1
нормой образцом	1
если бы	1
продолжение далее	1
пространства всю	1
значит не	1
утренний или	1
это было	1
пункте нашего	1
присоединение наконец	1
апокалипсиса и	1
символом то	1
все остальное	1
существования и	1
скорбную на	1
может сразу	1
оказался бы	1
от покрова	1
говоря имеем	1
более однотипную	1
иной другими	1
вид ее	1
ей развиться	1
основании знания	1
личности это	1
того что	1
и более	1
т д.)?	1
идея абсолютной	1
банальное и	1
такого переносного	1
в нечто	1
мифологии попробую	1
нет ни	1
но разумеется	1
божиих апокалиптические	1
личности слово	1
в образы	1
окончательной сердцевины	1
смысле христианских	1
мифологии руководствуясь	1
они почти	1
те же	1
не священная	1
бытию ни	1
собственная специфическая	1
полным но	1
возвышеннейшее и	1
отдельная мифология	1
материи в	1
а ближайшее	1
внимание сосредоточено	1
развития такая	1
диалектически это	1
– окончательное	1
различной комбинации	1
преследую тут	1
не открывает	1
подлец тот	1
же схемы	1
особая категория	1
ни то	1
откровения гораздо	1
говорили мы	1
в общем	1
или меньшим	1
из того	1
победы и	1
то этой	1
– богословие	1
диалектическую структуру	1
индийская египетская	1
это развертывание	1
образы имеют	1
изложении мы	1
последней мифология	1
развертывание мифа	1
поэтому есть	1
имеем в	1
пр –	1
я попрошу	1
полученной у	1
его понять	1
открыто в	1
не менее	1
данная личностная	1
вещества или	1
мог бы	1
через минуту	1
общемифологического труда	1
в чистом	1
вечности следовательно	1
бы вновь	1
может уже	1
соответствующих поступков	1
свою историю	1
самая обыкновенная	1
е она	1
находим растворенность	1
и закончить	1
анализа реальных	1
его идея	1
только то	1
тот характер	1
исторической системы	1
и неизвестно	1
наука обряд	1
они наконец	1
имеется в	1
дьявольский смрад	1
сконструированная и	1
одного из	1
она несводима	1
христианина является	1
основе отдельных	1
сосредоточено на	1
быть разработана	1
и вечность	1
равноправно вмещающее	1
тем самым	1
и покажет	1
происходит это	1
е лишь	1
будет подставлять	1
смысл мы	1
когда все	1
только тогда	1
овеяна пророческим	1
многих есть	1
помещенной в	1
из ее	1
всякий здравомыслящий	1
быть выражена	1
буквальная картина	1
и возникает	1
– после	1
не подобный	1
§§ так	1
и выявить	1
молитвы помещенной	1
птица или	1
вопреки субъективистам	1
только о	1
этапы проходит	1
частично субстанциального	1
тоже субъект	1
что всякая	1
сказать что	1
она найдет	1
дальше –	1
или все	1
наука и	1
словами судить	1
ущербное и	1
формулы также	1
теоретического момента	1
их подлинный	1
или думает	1
усвоил себе	1
складываются в	1
знания который	1
религиозного поведения	1
другую сторону	1
наивного состояния	1
спутанном значении	1
веру и	1
только началом	1
этих бесчисленных	1
описать грядущие	1
читал как	1
значением конечно	1
себе учение	1
есть относительная	1
полунощный или	1
мифа предыдущее	1
максимально простая	1
своем исследовании	1
они заслуживают	1
образом конечно	1
раскрытия основ	1
видели уже	1
родина и	1
слова но	1
же человек	1
буквально? да	1
слиты в	1
хотя как-то	1
пророчества выше	1
употреблены мною	1
миф сам	1
третьей и	1
выразить короче	1
задыхаться в	1
и спасение	1
судить о	1
и подлец	1
здесь же	1
значит остается	1
диалектика только	1
намечен у	1
субъект и	1
христианин должен	1
уразумевшая свою	1
сокрыся в	1
раньше сказали	1
не пророчество	1
которых миф	1
одной заклинательной	1
себе в	1
слово и	1
при соответствующем	1
всегда абсолютизирует	1
мифологии кроме	1
мифология гностична	1
толкование апокалипсиса	1
миф поэтому	1
или с	1
становится ясным	1
это толкование»?	1
в той	1
событие как	1
в массе	1
мифа вернее	1
и несмотря	1
не заткнем	1
не будет	1
ценность и	1
все диалектические	1
сейчас сформулировать	1
самый разум	1
раз совсем	1
бесстудия ради	1
грядущие события	1
характеру выполнения	1
основаниях знания	1
их фактического	1
мифе но	1
обряда к	1
проста и	1
очередь доступен	1
тезисом является	1
должно исполниться	1
история чудо	1
познание переходя	1
последних т	1
дальнейших изысканиях	1
я мог	1
совершенно невероучительный	1
утерянного блаженного	1
положено никогда	1
большим или	1
вполне понятно	1
фактического протекания	1
заслуживают где	1
тяжце или	1
центральная смысловая	1
моралью точно	1
истории четвертая	1
и себе	1
обычные термины	1
мифология должна	1
экая правда	1
мистерий есть	1
проблем субстанциального	1
с целью	1
диалектически –	1
пусть вавилон	1
познание они	1
мифу не	1
один принцип	1
указанной третьей	1
более богатым	1
только несамостоятельными	1
есть выраженное	1
о пророчестве	1
на такой	1
и многочисленных	1
не думает	1
в требнике	1
– во	1
все четыре	1
попытки свести	1
этого число	1
все события	1
абсолютное самоутверждение	1
мифологии вообще	1
она сознательно	1
есть вселенская	1
мифа есть	1
е диалектически	1
истории дает	1
принципа мифообразования	1
– задний	1
его откровение	1
отдельных и	1
все относительные	1
темп всемирной	1
сложнее и	1
хорошо усвоил	1
от леса	1
поведения или	1
называю относительной	1
выразить гораздо	1
богословие в	1
вечная буря	1
делаю одно	1
миф сказали	1
коем случае	1
отношении толкования	1
религия –	1
по порядку	1
синтез и	1
и жалки	1
силу той	1
уран и	1
того и	1
сомнений в	1
слов только	1
эти момента	1
бытии или	1
церковь же	1
диалектическая классификация	1
ли такое	1
навоз материя	1
вемы или	1
относительная а	1
религии но	1
религия выраженная	1
свободе человека	1
имена ибо	1
они будут	1
и как	1
воскресение мертвых	1
сейчас умирать	1
и разве	1
божия понятны	1
движущих принципов	1
знания это	1
отпадает необходимость	1
привел i	1
отдельные системы	1
– окончательная	1
возможно только	1
сне тяжце	1
положить и	1
мы можем	1
неизвестно куда	1
живые личности	1
бесконечных усилий	1
даже всего	1
такая абсолютная	1
диалектическая триада	1
однако ровно	1
на землю	1
так жить	1
точнейшую диалектическую	1
всех возможных	1
субстанция бога	1
именно миф	1
ii–iii в	1
механика атомов	1
есть диалектически	1
смысл то	1
аргументов может	1
а объект	1
сказать банальное	1
ибо мы	1
не так	1
пророчество существует	1
предсказывают солнечные	1
метода однако	1
необходимо но	1
себе –	1
– абстрактно-метафизическая	1
христос же	1
и их	1
идея выражена	1
некиим сообщаяйся	1
или похотный	1
пророчество можно	1
или обряда	1
критиковали в	1
дана диалектическая	1
их в	1
что указанной	1
ради идеже	1
самое направление	1
также на	1
мы самым	1
или безгодия	1
что первичный	1
немифологическая диалектика	1
последняя формула	1
божий антихрист	1
религии что	1
покажу какая	1
построяема абсолютная	1
и показать	1
тисках только	1
начале а	1
о деметре	1
и утвердить	1
дальше неразложимо	1
чудесная личностная	1
этих терминов	1
что сама-то	1
сам еси	1
есть заново	1
подразумевающегося самого	1
символа –	1
и окончательной	1
и определенный	1
это должно	1
беспомощны общераспространенные	1
третья совершенно	1
всемирно-человеческая мифология	1
не сделано	1
выражена и	1
д это	1
адам новый	1
это возможно	1
как его	1
научным истолкованием	1
c теперь	1
мифология гораздо	1
аспекте ее	1
что материи	1
для христианина	1
поворотном пункте	1
входя в	1
примере совершенно	1
породившее упомянутый	1
протекание жизни	1
скоктаяй или	1
ними совершаются	1
однако я	1
или не	1
разрешены и	1
них в	1
какие-нибудь общеобязательные	1
особого мифа	1
объекта в	1
принципов абсолютной	1
типов диалектики	1
процесс и	1
затемнение подлинного	1
бытия но	1
таковой и	1
существует для	1
миф совершенно	1
есть затемнение	1
чего-то подразумевающегося	1
пользуется ими	1
жить чем	1
виду что	1
называю абсолютной	1
его можно	1
простое и	1
ожидает убойся	1
границ развернуть	1
сама из	1
мифа закончен	1
психологи-субъективисты хотели	1
…убойся бежи	1
сила и	1
только точного	1
христианстве таинство	1
глина не	1
поскольку он	1
ускорять и	1
должны уже	1
антихрист его	1
то веру	1
алогического с	1
мы тут	1
диалектикой лежит	1
сретился еси	1
глухий или	1
менее глубочайшее	1
берет один	1
и достигнуто	1
с коня	1
сразу формулировать	1
ее преодолеть	1
мораль они	1
специфическая разделенность	1
от нее	1
выраженная правда	1
таинства суть	1
в которой	1
сформулировать идею	1
принадлежащее личности	1
мифологий начинает	1
место мифу	1
своими корнями	1
тогда толкование	1
ли яко	1
несравнимо ни	1
является и	1
не наука	1
выраженности ее	1
причем все	1
ибо раз	1
е чисто	1
что перед	1
не то	1
ее абсолютной	1
необходимость давать	1
возможные принципы	1
преследующем философские	1
достаточно элементов	1
не обряд	1
изображение и	1
имени попробуем	1
смысла грядущих	1
примерами относительной	1
преобразованию подобно	1
механистическая предсказанность	1
после бесконечных	1
трепетом не	1
антиномию субъекта	1
есть диалектическое	1
большое расхождение	1
сложному понятию	1
раз видели	1
самосознание личности	1
интеллектуальный и	1
удивлены что	1
уродует диалектику	1
мифологические идеи	1
совершенно ясным	1
вельзевул или	1
v но	1
форме отдельных	1
помощи диалектического	1
составился миф	1
типов гносиса	1
систем между	1
однако все	1
сознательно или	1
синтетически-воплощаемую во	1
кто его	1
число аргументов	1
наивное равновесие	1
не диалектическая	1
и нельзя	1
перечислить и	1
блистания или	1
пророчество а	1
несамостоятельными абстрактными	1
категории этой	1
одно преобразование	1
вид его	1
значит оно	1
совершенно такая	1
мифология будет	1
более первоначальные	1
облекать их	1
к поэзии	1
его исполнения	1
будем правы	1
увидели что	1
не понимает	1
или сотрясаяй	1
этом мифе	1
является тоже	1
и применися	1
диалектики и	1
установленный определенный	1
без выхода	1
формы где	1
предыдущем изложении	1
данная чудесная	1
чистом чувстве	1
универсальным значением	1
входить в	1
растерзаяй или	1
диалектика которую	1
я внес	1
направление и	1
же тогда	1
потом и	1
проблем данного	1
повествование т	1
вечности хотя	1
и знание	1
почему мы	1
третий момент	1
уже приведенными	1
и сына	1
абсолютно оригинально	1
толкователей необходимо	1
объект вопреки	1
связанные с	1
план то	1
религиозное создание	1
на тысячу	1
наветуяй или	1
себе ничего	1
окончательная неделимая	1
плоскостна не	1
во блата	1
какой-нибудь один	1
анализа ибо	1
буквальны в	1
какого они	1
абсолютная –	1
н диалектический	1
погибать т	1
казни и	1
чувства d	1
от гроба	1
почти и	1
однотипную и	1
событий и	1
процессе идею	1
кругом и	1
лежащий в	1
на задворках	1
той или	1
значит показать	1
мифического историзма	1
сущность мифического	1
похуже так	1
полуденный или	1
сердцевины мифа	1
которая имеет	1
ведь постулирует	1
есть понятие	1
правы если	1
мифологии есть	1
него т	1
понятно так	1
даже вообще	1
и идее	1
бесстудный или	1
она и	1
и ряде	1
сейчас мы	1
она не	1
чудесах имя	1
во-вторых подобно	1
полученная мною	1
исследования так	1
нашей формуле	1
мы субстанциальное	1
диалектику мифа	1
тут чудесные	1
которая ничего	1
четким образом	1
плоскости проблем	1
только такой	1
просто о	1
общераспространенный обычай	1
то она	1
мифология я	1
разложения средневекового	1
от верху	1
имя предполагая	1
мелким шрифтом	1
также мифологическая	1
состояния духа	1
таинства они	1
его за	1
имя личности	1
языческой …а	1
эстетику и	1
астрономическое вычисление	1
развитии таким	1
еще не	1
судить об	1
называет –	1
в христианстве	1
земным событиям	1
является ведение	1
моему мнению	1
сложную математическую	1
наоборот это	1
как один	1
его и	1
подлинный смысл	1
полученные результаты	1
сама же	1
или можно	1
диалектика абсолютного	1
с другой	1
словоупотребления я	1
и идею	1
предсказаны так	1
мифического сознания	1
часто и	1
вопреки относительной	1
веков аминь	1
тут какие-нибудь	1
вера или	1
умирать только	1
события едва	1
миф как	1
специального исследования	1
религиозная наука	1
идеже аще	1
и без	1
чего ему	1
– диалектический	1
апокалипсису для	1
оказалось вопреки	1
– невозможна	1
то слово	1
другой стороны	1
фигурируют живые	1
развернуть такую	1
классификацию сначала	1
хочу в	1
развиться до	1
как они	1
одна может	1
подвергнуть их	1
так целая	1
заключительные страницы	1
структура самого	1
устрашаяй или	1
личности что	1
последнее преобразование	1
как предсказывают	1
данного исследования	1
быть положено	1
идейно всемирную	1
только логическое	1
знания вера	1
этот третий	1
велий есть	1
и выявляющее	1
столь долгих	1
схемы применяемые	1
говорил что	1
порядку обзор	1
понятно что	1
миф но	1
с мистериями	1
и субъект	1
они оказались	1
гея и	1
еще чудо	1
железный и	1
пользуется религиозно-мистическими	1
религиозно-личностной в	1
необходимо заметить	1
триады можно	1
или другой	1
я хочу	1
не вемый	1
исходит из	1
бытие дорастает	1
религия есть	1
индивидуалистическая философия	1
даже в	1
звездоволхвуяй или	1
которого разрешены	1
толкование»? на	1
сущности только	1
должны получить	1
их преобразованию	1
нормированное поведение	1
структуру отдельных	1
понимает все	1
е единая	1
же гл	1
случайного бытия	1
или бесстудный	1
считать христианским	1
всего этого	1
триадическому делению	1
целях пророчества	1
мифологии сейчас	1
спасаться и	1
отношение обряда	1
вновь становится	1
же сама	1
атомов в	1
мифология исходя	1
нощь и	1
предсказания считать	1
реальных отношениях	1
синтезов абсолютной	1
бы свободе	1
платоновской диалектики	1
знание и	1
какая правда	1
изложении отдельных	1
но именно	1
полное феноменологическое	1
таковую во-вторых	1
строение самой	1
третий член	1
не астрономическое	1
невозможно увидеть	1
в наших	1
самым четким	1
религиозных систем	1
но он	1
существует как	1
только где-нибудь	1
диалектическое строение	1
воображенного убойся	1
ничего и	1
элементов первозданного	1
о чудесах	1
выражении? я	1
жизни и	1
зависит только	1
нормой в	1
оно всегда	1
поверить в	1
частностями уродует	1
человек не	1
хотели говорить	1
имярек жезл	1
мифологию абсолютной	1
оттолкнувшись отличившись	1
историю и	1
личность понять	1
однозначное их	1
изобретателя диавола	1
тебе ожидает	1
и искусство	1
получить третий	1
другого между	1
объект а	1
о развернутом	1
проанализирован дальше	1
есть такое	1
отдельных мифологических	1
своих изысканий	1
специально религиозное	1
субъект если	1
что вскрыли	1
уже вполне	1
отношениях к	1
мифология а	1
говорить о	1
толкования допустим	1
антиномии по	1
содержать проблем	1
ими чисто	1
миф в	1
на лоне	1
скверный преисподний	1
еще одно	1
это т	1
диалектику понятия	1
которое будет	1
абсолютного самоутверждения	1
как совершенно	1
заново сконструированная	1
теперь развернуть	1
которое принадлежит	1
мы добрались	1
понимать диалектику	1
или нощеглагольник	1
уже невозможно	1
осуществится будет	1
с инобытием	1
умолкни бежи	1
история но	1
мало? продолжение	1
возникает таким	1
или злослучайный	1
ноги можно	1
только войдя	1
уже без	1
молитвенный интеллектуальный	1
умолкнуть всякие	1
или несколько	1
сохранить свое	1
ею и	1
сущности теогонический	1
отъидеши или	1
гл v	1
мы есть	1
в человеке	1
мифология существует	1
становится теперь	1
необходимо поверить	1
точно так	1
но отъиди	1
и наукой	1
бытие достигшее	1
и сводим	1
религиозная ни	1
самородна оригинальна	1
откровение само	1
наконец третья	1
момента религии	1
основе элевсинских	1
очень частичного	1
трагиков и	1
смерти за	1
в частичной	1
отраволюбивый или	1
как диалектический	1
художественные символы	1
един припугает	1
отнюдуже вемы	1
где субстанциальное	1
самых событий	1
обряд и	1
день тебе	1
случая и	1
ближе к	1
от всякого	1
также абсолютно	1
этом примере	1
не будучи	1
так наша	1
можно найти	1
и труднее	1
толковать апокалипсис	1
многие будут	1
словами сущность	1
невозможен как	1
не только	1
не полным	1
иной мифологии	1
специальном смысле	1
получается чудесное	1
образом только	1
мифического рельефа	1
есть страх	1
неизвестно кем	1
шрифтом они	1
можно назвать	1
тут со	1
буквально именно	1
языке такую	1
злоклинатели –	1
где из	1
или нашел	1
для реального	1
утверждения человека	1
историческое событие	1
внес точный	1
лежит очень	1
из них	1
абсолютной с	1
роль совершенно	1
ряду следовательно	1
не нормированное	1
и потому	1
и человека	1
такую категорию	1
пропасти океан	1
искусства к	1
стоя на	1
общей мифологии	1
примитивные моменты	1
основе новоевропейской	1
свидетельствующее о	1
соответствующем мифологическом	1
что полученная	1
совместит в	1
так оно	1
жить экая	1
из первичного	1
ни разумной	1
у достоевского	1
изображаемых фактах	1
картина мира	1
диалектику отдельных	1
богословием такое	1
с какой	1
благоприятные условия	1
состояние прародителей	1
но и	1
есть развернутое	1
но касаться	1
как базированные	1
и процесс	1
занимают ровно	1
простая и	1
место какого	1
инем лукавством	1
свести религию	1
смысла событий	1
особенности повезло	1
исторический процесс	1
беса в	1
в языке	1
далее говорили	1
того требует	1
же и	1
совершенно особая	1
дальше и	1
общеобязательные выводы	1
символы не	1
ни истории	1
бытия я	1
такую форму	1
этих изображаемых	1
всегда существуют	1
и церковным	1
образ одиссея	1
смысл грядущих	1
вечность слиты	1
обзор синтезов	1
понять же	1
мифическая истории	1
сфера мифа	1
объединились в	1
также мы	1
мифологии то	1
а кругом	1
самом же	1
породившее его	1
миф о	1
строго проанализированном	1
каком отношении	1
окончательное и	1
и одна	1
и святаго	1
всякого толкования	1
однако задача	1
и оставаться	1
достаточно проста	1
имеет никакой	1
смешны беспомощны	1
вечности в	1
их мировоззрений	1
есть повествование	1
но тогда	1
несмотря однако	1
спасение ветхий	1
два совершенно	1
и последнее	1
каждая отдельная	1
развернутом магическом	1
утверждение фактически	1
от луга	1
первоначальные моменты	1
утвердить его	1
не содержать	1
до этого	1
во-первых самый	1
в первую	1
замедлять темп	1
так же	1
лоне единой	1
бы нормой	1
становления слово	1
дать картину	1
о первозданной	1
и мифология	1
прослушания тебе	1
наш анализ	1
выявляющее личность	1
от кладезя	1
энергийное феноменальное	1
есть вообще	1
или наветуяй	1
и во	1
возможна мифология	1
определение миф	1
идя далее	1
изложение уже	1
души ни	1
д.)? разве	1
во-первых если	1
личности лишь	1
а отношение	1
чине изгнания	1
знания совершилось	1
этом придется	1
ведение гносис	1
мнению все	1
имеют какой-нибудь	1
историю что	1
требует –	1
по отысканию	1
стороны мифического	1
совершенно ясно	1
это подлецом	1
член т	1
мы видели	1
в заключение	1
другое ни	1
труда здесь	1
xiii окончательная	1
эта формула	1
образцом пределом	1
я хотел	1
жизнь тысячу	1
творяй или	1
ее принципов	1
диалектике гегеля	1
поведением волей	1
тут –	1
господи какая	1
никаких вопросов	1
осмысленности ее	1
утверждаю что	1
раз наполнена	1
и рай	1
и всю	1
но этим	1
равнозначность алогического	1
диалектической четкостью	1
покажет что	1
встречает препятствий	1
что отношения	1
смысле но	1
– но	1
отношение как	1
субъективистам что	1
убойся воплощенного	1
и велия	1
что выражено	1
религия не	1
никаких препятствий	1
что бытие	1
первозданная личность	1
невероучительный синтез	1
науки к	1
еси вельзевул	1
мглу судеб	1
это будет	1
мифологии незримо	1
говоря четыре	1
мифология содержит	1
последнюю категорию	1
и лунные	1
неразличимый принцип	1
возможность и	1
личность достигшая	1
нами диалектически	1
результат разложения	1
ней разве	1
обследования абсолютной	1
бы в	1
мифология –	1
основного принципа	1
принципов но	1
чисто буржуазная	1
и абсолютно	1
я утверждаю	1
хотя мифология	1
преобразование этой	1
религиознейшее таинства	1
оригинальна не	1
возможных мифологий	1
что может	1
воззрение можно	1
есть догмат	1
сознания ни	1
или непостоянный	1
предавый в	1
понятиях т	1
новое и	1
одном единообразном	1
разве этого	1
сущности своей	1
гораздо сложнее	1
его это	1
богочеловек т	1
суд и	1
молитву бытия	1
чтобы только	1
но простая	1
предсказанность противоречила	1
не миф	1
для своего	1
знаемых или	1
этой принципиальной	1
упрощение дает	1
дана неявно	1
которое дальше	1
от знаемых	1
тело христово	1
веры все	1
то одно	1
четыре величины	1
сотрясаяй или	1
но в	1
иным оно	1
или немифическое	1
синтез в	1
и безукоризненно	1
христианских текстов	1
достигшая степени	1
толковали и	1
и диалектическую	1
д и	1
права делать	1
синтез того	1
указанных мифологий	1
всех уязвляющих	1
вновь наивное	1
подземных обитателей	1
от него	1
различными относительными	1
заднего фона	1
магического имени	1
там противопоставлял	1
построена диалектически	1
предопределяет эту	1
которая в	1
д сущность	1
е зависит	1
безводную пустую	1
и наглядно	1
затмения можно	1
мифология делает	1
он будет	1
мифический образ	1
достигается вновь	1
каждой мельчайшей	1
слово принадлежащее	1
вероучения как	1
ядро мифа	1
и целью	1
этого последнего	1
могу сказать	1
которое предречено	1
еще ничего	1
скажет что	1
блата зловонные	1
вообще религиозными?	1
слово нельзя	1
нашествия устрашаяй	1
буржуазная индивидуалистическая	1
что выявлено	1
понимая под	1
данное в	1
категорию которая	1
как раз	1
диалектику таких	1
совершенно без	1
имя творящее	1
знания истории	1
живет большим	1
дает последнее	1
религии ибо	1
окончательная диалектическая	1
жизненном опыте	1
нее неотъемлемо	1
четкостью видим	1
или немый	1
морали к	1
отдельных способностей	1
христианства где	1
другие преобразования	1
за его	1
это значило	1
под собою	1
в предложенной	1
поэзии таким	1
изложение есть	1
корреляте художественного	1
деметре и	1
мифа установка	1
системы –	1
нужно сказать	1
его имело	1
имя не	1
и очень	1
иному итак	1
о похищении	1
мифологии которая	1
могли уже	1
я там	1
наша общая	1
как относительная	1
все что	1
ни сознания	1
сделать и	1
этим разумеется	1
создание что	1
основании чего	1
они предсказаны	1
мифа мифологии	1
сущность тут	1
гносис фидеизм	1
всех злых	1
идее стало	1
предполагаю начать	1
и максимально	1
для всякой	1
е нечто	1
где бы	1
однако всякому	1
развивается сама	1
принцип пользуясь	1
нам и	1
где ни	1
мори или	1
чувство хотя	1
диалектическая т	1
я показал	1
чаши гнева	1
заглушает никакую	1
личность переходя	1
единая и	1
существует гносис	1
третье и	1
инструментально и	1
свою интеллигентную	1
дистинкций получено	1
тут целей	1
образа –	1
богатым и	1
возможная картина	1
в отношении	1
хотя употреблены	1
одиссея воскрешающего	1
на первый	1
образы события	1
к активно	1
по-моему миф	1
в имени	1
виду необходимость	1
просто магическое	1
скрывала в	1
заклинательной молитвы	1
конечно в	1
только бы	1
отношения богословия	1
уходит своими	1
остается понимать	1
история слово	1
этот смысл	1
самосознающей от	1
чувства объективным	1
еси внезапу	1
обитает бог	1
и вероятно	1
внезапу или	1
дальнейшие рассуждения	1
приговоренный к	1
формы субстанциального	1
пределы xiv	1
какие этапы	1
итак хотя	1
таинство возможно	1
исследования то	1
отношение морали	1
его победы	1
или полуденный	1
подходящими? –	1
рова или	1
вечный мрак	1
я попробую	1
того становятся	1
то чем	1
чтобы сохранить	1
этом субъективном	1
святаго духа	1
о первозданном	1
всякие другие	1
условия возможна	1
так она	1
мною и	1
причем ни	1
лицемерия ради	1
мифологическом т	1
все изыдут	1
– она	1
раскрытие понятия	1
утраченного союза	1
введение в	1
и возможно	1
и отъединенное	1
понятие уже	1
выражено в	1
принципы абсолютной	1
примирить враждующее	1
я предпочел	1
сторону естественно	1
формуле дана	1
и которое	1
почвы во-первых	1
пещь огненная	1
равноправную ценность	1
корнями в	1
отцы но	1
из хаоса	1
не знает	1
следовательно и	1
может варьироваться	1
оправдана как	1
сознательно исходит	1
изысканий и	1
видно в	1
на самих	1
инобытии первозданную	1
поэтому все	1
теперь более	1
диалектика мифа	1
буря –	1
трости или	1
и обрядом	1
субъективном корреляте	1
свое феноменолого-диалектическое	1
собой в	1
злослучайный или	1
не уходит	1
царство абсолютного	1
где же	1
целая и	1
в соприкосновение	1
и невозможна	1
становятся совершенно	1
ее смысл	1
непосредственно и	1
нерушимою связью	1
способностей главным	1
и тартару	1
ней где	1
аминь на	1
диалектически то	1
таких категорий	1
мало открыто	1
единообразном выражении?	1
это утверждение	1
в изложении	1
купели водныя	1
а во-вторых	1
наконец дошедшую	1
е синтез	1
пророчеством всеобщее	1
нашей последней	1
религией был	1
субъекта по	1
только после	1
но чтобы	1
до степени	1
и всегда	1
поведение или	1
не входя	1
настоящим пророчеством	1
голову это	1
путь –	1
разделенность и	1
олимпийских богов	1
несводимо ни	1
имело интуицию	1
нужно в	1
фон мифологии	1
в собственном	1
некоторые из	1
суть не	1
было и	1
получить диалектическую	1
езера или	1
частью не	1
некоего или	1
ли найти	1
незримо управляется	1
предречено полностью	1
нечистый и	1
мифологии прежде	1
результатом учением	1
принцип где	1
бежи и	1
веры это	1
чтобы остаться	1
из диалектических	1
и пожалуй	1
осуществляться но	1
такое воззрение	1
кругом будут	1
магия не	1
минуту все	1
другим мифам	1
нее другим	1
мифология имеет	1
некое однозначное	1
толкования апокалипсиса	1
как таковом	1
поведение и	1
определение кто	1
всегда есть	1
в этой	1
и диалектическое	1
личности оно	1
вера как	1
страницы этой	1
личности то	1
материя антитезисом	1
обыкновенные слова	1
мифологии ведь	1
жить жить	1
как чистое	1
формулировать смысл	1
короче или	1
религиозная поэзия	1
воскрешения духовного	1
бы это	1
вечное гниение	1
не преследую	1
их собственное	1
толкование не	1
обязательно и	1
классификацию типов	1
синтез но	1
быть уничтожено	1
значат то	1
полученным результатом	1
делению нам	1
все те	1
всегда живет	1
должны потерять	1
происходило другими	1
мифологию так	1
истории? конечно	1
труде преследующем	1
образа достигается	1
жизни воскрешения	1
ограничивается картинным	1
качестве одного	1
указанные там	1
бессознательно и	1
история теперь	1
основной пра-символ	1
чудес имя	1
поражение воскресение	1
в практической	1
вспомнить антиномии	1
чуда что	1
предпочел оставить	1
действии и	1
всякой иной	1
я делаю	1
есть возвращение	1
это можно	1
наполнена различными	1
другое когда	1
чтобы установить	1
исторической получает	1
иной раз	1
войдя в	1
и точна	1
формулу можно	1
потерять тот	1
том как	1
перед нами	1
обычно для	1
попробую дать	1
понимая их	1
мы нашли	1
переход в	1
от древа	1
существуют одинаково	1
как самосознающей	1
одиссее а	1
такая же	1
другое она	1
событий а	1
само субстанциальное	1
веки веков	1
толкования и	1
и воображенного	1
погруженности в	1
показал какая	1
быть диалектический	1
своей и	1
кладущий в	1
лукавством нечистых	1
могла быть	1
в качестве	1
мифологическая диалектика	1
хорошо намечен	1
в недузе	1
в диалектике	1
задний фон	1
что для	1
мы находим	1
англия или	1
смысл а	1
ветхий адам	1
потому что	1
сама по	1
есть также	1
эпохи но	1
пересмотрим эти	1
такой синтез	1
тут место	1
истории человечества	1
реальная мифология	1
– интуиция	1
религия что	1
абсолютной самоутвержденности	1
мифически она	1
лет вечность	1
неодушевленного например	1
развертывающемуся самосознанию	1
мифологий наш	1
знания таким	1
художественный образ	1
мною последняя	1
опять-таки не	1
быть мыслимы	1
св отцы	1
этой гегелевской	1
тем не	1
триада в	1
в коем	1
диалектику т	1
платона художественно	1
одной принципиально	1
никогда и	1
общего с	1
и рая	1
понятию именно	1
учениям есть	1
долгих изысканий	1
по крайней	1
последней формулы	1
е волен	1
в результате	1
узенькой площадке	1
греческой мифологии	1
такое слово	1
такой узенькой	1
последнего должны	1
собственное мифическое	1
виды относительной	1
изгнания беса	1
знание без	1
по наступлении	1
путем смены	1
силу особого	1
i антиномию	1
после богословия	1
духовного состояния	1
– противоположность	1
свете этого	1
все-таки еще	1
разумеется еще	1
уже умолкнуть	1
а дадим	1
кончились хлопоты	1
от этих	1
просто кругом	1
невозможно как	1
диалектика ветхого	1
тысячу ладов	1
и мглу	1
находимся на	1
мифология абсолютная	1
идти история	1
гностицизм конечно	1
препятствий и	1
для мифологии	1
во веки	1
принципов без	1
сознания и	1
в интеллигентном	1
объединение веры	1
из нашего	1
пустую неделанную	1
или вообще	1
от грома	1
себя абсолютная	1
рай –	1
словесности имя	1
как такою	1
чудо в	1
кто же	1
лучше так	1
эти мифологические	1
безлицый или	1
таковое но	1
чисто логическое	1
из себя	1
же диалектики	1
и фактически	1
без диалектического	1
структуре каждого	1
конечно тоже	1
от птиц	1
злосоветующих на	1
так или	1
словах что	1
водныя или	1
материю и	1
механицизм не	1
враждующее противосостояние	1
специфическое слово	1
области отдельных	1
тут возникает	1
наметить одну	1
касаться ее	1
признавать что	1
– индийская	1
самого мифа	1
расхождение различных	1
догмат но	1
ад и	1
основу бытия	1
что мифическое	1
ныне и	1
– необходимейшие	1
гниение будет	1
попрошу вспомнить	1
уже предопределены	1
очень определенное	1
мистериями так	1
можно было	1
мифе имя	1
пророчествах такого	1
смысловых установок	1
обряд т	1
словами получается	1
и между	1
вечное уединение	1
зачем же	1
и дальше	1
уже сейчас	1
нами понятия	1
дать полное	1
чтобы принять	1
этим занимается	1
вот синтез	1
неразложимо уже	1
диалектика т	1
где не	1
диалектически возникший	1
что большею	1
но признать	1
троица и	1
хотя полученные	1
в недра	1
е по-моему	1
будет обращаться	1
подлинные события	1
почему всякая	1
сама собой	1
образом представляем	1
недра исторического	1
вступление итак	1
наглядно может	1
формула что	1
пожалуй даже	1
домоволшебник или	1
и оттолкнувшись	1
что оно	1
в апокалиптических	1
при анализе	1
возвращение к	1
говорит или	1
ставится миф	1
она является	1
знания сделать	1
петра могилы	1
мешает конечно	1
или безлицый	1
например чаши	1
изображение как	1
только по	1
общераспространенные попытки	1
пользоваться полученной	1
сторон личности	1
ли такие	1
мифологии d	1
виду или	1
имя –	1
так но	1
взяты не	1
применения причем	1
жить и	1
интеллигенции чистого	1
типы мифологии	1
он еще	1
истолкует и	1
идеального принципа	1
в иное	1
мифа вот	1
разве мало	1
вероятно многие	1
такие предсказания	1
в основу	1
данного мифа	1
виду и	1
раскрыли выше	1
субстанции следовательно	1
будут падать	1
отграничение что	1
и человек	1
единая всемирно-человеческая	1
положит в	1
о пророческом	1
выше я	1
заключение дать	1
и специфическое	1
апокалипсиса имеют	1
переходит сама	1
массе христианских	1
ведуны-лиходеи –	1
бытия материю	1
не греческий	1
на эстетику	1
оставить обычные	1
я говорил	1
интуиция некоторых	1
с последней	1
и понятая	1
и дистинкций	1
ни этому	1
выявить о	1
бы выразить	1
хотел только	1
как абсолютная	1
самоутверждения синтезом	1
предполагая что	1
иное превращается	1
диалектическое отношение	1
сатанинская злоба	1
своя диалектика	1
высоте на	1
не подвергается	1
феноменолого-диалектическое раскрытие	1
ix я	1
личности так	1
жалки смешны	1
разум для	1
в едином	1
бога как	1
которой всякий	1
диалектический анализ	1
которой они	1
чудесное имя	1
и событий	1
другой такой	1
незнаемых или	1
единство на	1
закончен дальнейшие	1
в реце	1
и идея	1
ее словесности	1
в труде	1
и чудо	1
события а	1
типу знания	1
не овеяна	1
и злосоветующих	1
здравомыслящий скажет	1
все же	1
не вызывает	1
логический совершенно	1
все это	1
раз бытие	1
и тартар	1
жить как	1
такие формы	1
бытие выявившее	1
на мораль	1
слава отца	1
е не	1
так одна	1
ни мифу	1
тартару предавый	1
моменты без	1
присоединяется к	1
синтеза знания	1
безгрешное состояние	1
однако никаких	1
должны ограничиться	1
основную роль	1
или бессознательно	1
можно считать	1
идее я	1
и вовсе	1
истории твари	1
наконец на	1
или просто	1
потопление будет	1
богословие есть	1
льстивый безобразный	1
смысл например	1
египетская греческая	1
сущности самая	1
ни третье	1
ради невидимый	1
они повторяли	1
между собою	1
подвергается никакому	1
требнике петра	1
момента истории	1
есть виды	1
применяемые ими	1
их различной	1
вопреки объективистам	1
тут именно	1
мораль и	1
отца и	1
невидимый лицемерия	1
несколько из	1
d религия	1
безобразный видимый	1
стремнины или	1
так стоя	1
сначала основных	1
уже увидели	1
и никем	1
бы охватила	1
становится ребенком	1
искусство не	1
долгую нощь	1
е в	1
и посвящу	1
или домоволшебник	1
та которая	1
окончательное воскресение	1
на какие-нибудь	1
видим что	1
картину очень	1
комбинации мы	1
интеллигентном ряду	1
кровь саранча	1
и откровения	1
внутри-мифической триады	1
мы фиксировали	1
что под	1
я привел	1
есть религиозное	1
будет иметь	1
целью стремления	1
его пределы	1
я исчерпал	1
науку и	1
в долгую	1
нами упрощение	1
как берет	1
каком основании	1
труднее –	1
преобразования и	1
системы мифологии	1
чисто инструментально	1
но дело	1
апокалипсиса например	1
есть абсолютное	1
их кто-то	1
та диалектика	1
самые основные	1
ничего общего	1
такою надо	1
существует пророчество?	1
история это	1
или пусть	1
диалектикой следовательно	1
бы целиком	1
следующий выпуск	1
лежащей в	1
уже дана	1
первую голову	1
и описать	1
подлец человек	1
и новое	1
формулой может	1
мере некоторые	1
ребенком у	1
старые психологи-субъективисты	1
образы за	1
образ его	1
разработана как	1
есть англия	1
и св	1
голого знания	1
к наивной	1
как личность	1
бог един	1
совсем невозможно	1
тогда значит	1
светлого царства	1
– диалектическая	1
что по	1
только его	1
тот синтез	1
мифология которая	1
погибели страшный	1
закончить свое	1
которая ни	1
же не	1
изысканий я	1
момента объединились	1
волей стремлением	1
фиксировали самые	1
жезл железный	1
говорили о	1
мифическое или	1
иначе не	1
блудница на	1
выявлено в	1
как будет	1
при помощи	1
каждого данного	1
именно священная	1
алогическое или	1
другая идея	1
всего становится	1
средневекового учения	1
сластотворный или	1
я предполагаю	1
это абсолютное	1
бы пришлось	1
до той	1
пресв троица	1
от вещества	1
величиною с	1
ее выраженности	1
рельефа не	1
допустим невозможное	1
духа когда	1
остаться в	1
хлопоты субъекта	1
и изобретателя	1
ясным из	1
сделано для	1
мифообразования а	1
образом единая	1
царства олимпийских	1
уже кончились	1
связью есть	1
антиномию веры	1
н нераздельном	1
появиться никакая	1
фона в	1
как одно	1
в символическом	1
бытия и	1
религии создающего	1
и интереснейшее	1
еще одну	1
лунные затмения	1
всемогущества даже	1
смрад злоклинатели	1
ее также	1
чисто логический	1
она должна	1
их религиозную	1
себя как	1
выхода за	1
апокалипсис не	1
и беспомощный	1
же религия	1
значение хотя	1
вообще но	1
личность она	1
искусителя и	1
случаю сретился	1
и чувства	1
обитателей кровью	1
присно и	1
который совместит	1
терминологически однако	1
исчерпал по	1
учение она	1
момент становится	1
и погибать	1
а именно	1
возвратися ни	1
предполагает что	1
самоутверждение личности	1
должна создавать	1
мифология в	1
знание или	1
есть диалектический	1
будет построена	1
и жить	1
учение ясно	1
диалектика говорит	1
диавола яко	1
их факты	1
формуле собственно	1
мы только	1
ласку и	1
мифа несмотря	1
и упрощения	1
не ставится	1
ее вопреки	1
установить смысл	1
воскрешающего души	1
рукою божию	1
история дальше	1
простая буквальность	1
разумеется диалектика	1
личности личность	1
не толковали	1
форму миф	1
всего я	1
препятствий для	1
собою и	1
образ? я	1
идея его	1
собой определенную	1
не всегда	1
двухсоставной мифологии	1
дается триадическое	1
например пусть	1
твари первозданное	1
только один	1
одну установку	1
тоже объект	1
исполнения скажут	1
я покажу	1
нам ничто	1
указать что	1
непрерывная возможность	1
но это	1
сама ведь	1
миф ограничивается	1
попробую показать	1
как должна	1
и мистерией	1
не видно	1
…а чародеи	1
как миф	1
миф диалектически	1
оно пользуется	1
как отраженность	1
точка зрения	1
воскресение и	1
– другою	1
говорящее свидетельствующее	1
ровно ничего	1
новое уже	1
мифология лежащая	1
утверждения личности	1
части исследования	1
слезы любосластные	1
объекта это	1
совершаются тут	1
событиям в	1
божества пресв	1
вемый или	1
реальной мифологии	1
вечное потопление	1
подлинного смысла	1
необходимейшие диалектические	1
получаемое нами	1
материю я	1
и основной	1
– всегда	1
признает помимо	1
более четким	1
от нашествия	1
осмысленное поведение	1
фактически и	1
и мораль	1
на науку	1
упомянутый миф	1
исторического становления	1
смены одной	1
из принципов	1
который мы	1
полученному более	1
значительно увеличено	1
быть так	1
этом повествовании	1
пророческий молитвенный	1
всех этих	1
развернуть абсолютную	1
характер голого	1
из своих	1
за это	1
опора субстанциального	1
в мори	1
принципы сделать	1
немифическое изображение	1
исполниться пророчество	1
никаких сомнений	1
о которой	1
анализа чуда	1
синтезом является	1
как то	1
только для	1
d итак	1
чем и	1
этой последней	1
покрова банняго	1
будут удивлены	1
реального анализа	1
есть тело	1
выраженное самосознание	1
восстановление утраченного	1
и последнюю	1
получается принципиально-религиозно	1
личность может	1
исследовании платоновской	1
н верующих	1
в анализе	1
мифа мы	1
ни одна	1
имя и	1
четыре члена	1
потому отпадает	1
собою прилучился	1
осуществиться ни	1
окончательное отпадение	1
дальнейшего уже	1
понять и	1
апокалипсис? а	1
и лик	1
абсолютных основаниях	1
показать их	1
быть проанализирован	1
уже специального	1
целом интересно	1
в землю	1
на поворотном	1
ее нужно	1
пророческим трепетом	1
или звездоволхвуяй	1
другой мифологии	1
мы раскрыли	1
гнева божия	1
степени самосознания	1
размышление даже	1
правда мифически	1
умеющем оперировать	1
звероломный или	1
чудеса мы	1
на ней	1
есть однако	1
фидеизм и	1
всегда ведение	1
вернее из	1
возможность построить	1
классификация всех	1
христианским и	1
принадлежит роль	1
в становление	1
будет детализировать	1
союза новое	1
итак в	1
субстанциального воссоздания	1
один ее	1
прямо назвать	1
называю эту	1
и примитивные	1
и постепенно	1
и это-то	1
и замедлять	1
суть формы	1
невозможное –	1
змиевидный или	1
кого послан	1
непознаваемую бездну	1
абсолютно слитых	1
нашел еси	1
художественный образ?	1
и получаемое	1
содержит в	1
иметь буквально	1
всегда так	1
роль в	1
быть значительно	1
предопределены что	1
есть сказали	1
нужно также	1
и следовательно	1
настолько мастерски	1
у которого	1
мифы связанные	1
идольского или	1
чем она	1
миф понимать	1
или любокрительный	1
именем то	1
мифа причем	1
или возьмем	1
выявившее себя	1
это однако	1
с которой	1
для чего	1
может избрать	1
частичные категории	1
диалектику абсолютного	1
систематического раскрытия	1
или змиевидный	1
распределение категорий	1
мною выше	1
но такая	1
как магические	1
из указанных	1
волен ускорять	1
когда родина	1
на образ	1
синтезом –	1
понятии мифа	1
где все	1
стихию субъекта	1
бытие в	1
мастерски и	1
богов другая	1
– может	1
то значит	1
нового адама	1
и самый	1
богочеловечества непрерывная	1
идею как	1
именно этот	1
именно получается	1
под символом	1
не внося	1
равноправных принципа	1
в дурную	1
отъединенное существование	1
бездну и	1
пророчество? пророчество	1
судеб божиих	1
назовем его	1
в целях	1
если события	1
проанализированного нами	1
инобытия личность	1
раз абсолютная	1
очевидно что	1
дать все-таки	1
то знание	1
объекта оказалось	1
пророческом гносисе	1
в состоянии	1
ничто не	1
жизни или	1
вызывает никаких	1
все существенные	1
всегда имеет	1
то место	1
чтобы мы	1
знания чтобы	1
на каком-нибудь	1
что критиковали	1
и иначе	1
таинство есть	1
предыдущем мы	1
наивной действительности	1
противопоставлял формально-логическим	1
бы что	1
точно личности	1
быть как	1
абстрактно-метафизическая формально-логическая	1
или сластотворный	1
место мифологии	1
а например	1
и вечная	1
для всех	1
никакую другую	1
достигнуто успокоение	1
так какая-то	1
или блудный	1
дорастает до	1
будет величиною	1
дело в	1
в рабе	1
его смысл	1
их обычном	1
субстанции и	1
вообще фикция	1
мифологии христианства	1
о том	1
прошлого если	1
отношение познания	1
и гея	1
идею абсолютной	1
меньшим приближением	1
без которых	1
увеличено я	1
голый механицизм	1
изображение оно	1
уединение и	1
может однако	1
похотный или	1
– один	1
мифе бытие	1
она может	1
а потом	1
задушение… и	1
вообще а	1
непостоянный или	1
предложенной формуле	1
и неразбериху	1
величины или	1
коня и	1
стать также	1
не возвратися	1
дальнейшее исследование	1
гораздо ближе	1
исторической слово	1
когда уже	1
мифология лежит	1
мистическая точка	1
узревши истину	1
меня формулой	1
мышление –	1
не облекать	1
члена личность	1
как-то дано	1
эти две	1
смысл его	1
все возможные	1
в кровь	1
отношении не	1
тоже необходимо	1
давать классификацию	1
получит такую	1
– механика	1
там антиномии	1
д но	1
до конца	1
далее в	1
таким синтезом	1
как кажется	1
водах многих	1
уже до	1
принципиально-религиозно осмысленное	1
с логическим	1
соприкосновение с	1
личность свести	1
следовательно развернуть	1
есть та	1
две и	1
анализе взаимоотношения	1
понимает своей	1
свести ни	1
безукоризненно что	1
итак миф	1
основной идее	1
– история	1
религия ни	1
исходя из	1
из тех	1
моментами диалектика	1
как идеального	1
ада и	1
целью дать	1
задался целью	1
несмотря также	1
оперировать при	1
что понятно	1
или отнюдуже	1
не заглушает	1
права толковать	1
материализм кладущий	1
выгоду которая	1
легко присоединяется	1
что с	1
противоположность абсолютной	1
частичной вечности	1
картинным описанием	1
диалектика ада	1
миф пересмотрим	1
понятия чуда	1
от кого	1
такого что	1
нечистых духов	1
также легко	1
и движение	1
сфере божества	1
и восстановление	1
установку которая	1
и нового	1
а мы	1
и алогическое	1
второго момента	1
чистейшее возвышеннейшее	1
триадическое деление	1
логически т	1
или растерзаяй	1
историю кроме	1
протекания это-то	1
же начале	1
во всемирно-историческом	1
потому часто	1
мифологической природы	1
признать его	1
только от	1
чудо этот	1
мифа о	1
как логическое	1
нашего исследования	1
апокалипсиса они	1
убойся умолкни	1
относительной мифологией	1
основные виды	1
всемирной истории	1
ее принцип	1
природу личность	1
себя заново	1
солнечные и	1
как развернуть	1
наступлении того	1
избрать только	1
учением о	1
одну диалектическую	1
и поражение	1
она могла	1
последней как	1
есть обязательно	1
символическом смысле	1
относительных мифологий	1
иначе имеется	1
веригами мрака	1
исследования я	1
я приведу	1
как предыдущее	1
имеет мифического	1
всякого остатка	1
основании он	1
предыдущий диалектический	1
себе есть	1
религию то	1
до светлого	1
требует диалектика	1
историзма миф	1
скале и	1
но обычно	1
ней то	1
христианскими и	1
действительно личность	1
зрения буквальная	1
чудесные истории?	1
во-вторых поскольку	1
то понятие	1
следовательно вполне	1
также иметь	1
блаженного и	1
слепого самоутверждения	1
припугает связуяй	1
будучи в	1
например философски	1
миф сам-то	1
пришлось ему	1
и неисповедимую	1
есть специально	1
всего неодушевленного	1
то это	1
мы уже	1
реальной форме	1
основ абсолютной	1
анализ оказался	1
единственно возможная	1
однако на	1
бы ни	1
и специальных	1
я могу	1
а похуже	1
апокалипсис вовсе	1
мифологии как	1
же чтобы	1
хотя в	1
гносиса существует	1
и всемогущества	1
возникает большое	1
переносного толкования	1
ее тоже	1
кровью конечно	1
кто хорошо	1
не художественные	1
конечною формулой	1
диалектическое иным	1
не способное	1
совершенно достаточно	1
если апокалипсис	1
которая будет	1
и об	1
установлением только	1
самый принцип	1
познания науки	1
отношение искусства	1
личность как	1
достаточно чтобы	1
которой уже	1
будет конечно	1
хаос но	1
что таинство	1
о соборном	1
делает сознательно	1
целесообразнее было	1
логическим следовательно	1
способами это	1
имя говорящее	1
церковным если	1
синтез который	1
понятно без	1
гносисе всем	1
она обязана	1
и –	1
тут она	1
ущербу такую	1
идею и	1
беспомощный результат	1
рая –	1
мифа –	1
реце или	1
смысле понимая	1
остальное –	1
чтобы объединение	1
мирного наивного	1
божием имярек	1
и относительной	1
его изображение	1
искупление и	1
диалектику которая	1
объективным аналогом	1
а присоединение	1
иметься в	1
можно изложить	1
и зафиксированном	1
этому бытию	1
как единственно	1
а стало	1
у меня	1
вавилон есть	1
землю безводную	1
птиц или	1
любокрительный или	1
мы в	1
должны дать	1
только отрывок	1
его а	1
стремления для	1
и мило	1
таинства c	1
принять ее	1
пределом и	1
подумал раскольников	1
в тисках	1
вмещающее в	1
и обыкновенные	1
которое только	1
относительных типов	1
природа пришедшая	1
по моему	1
мифологии получают	1
интеллигенции и	1
истину второй	1
его магическим	1
объединенные нерушимою	1
стремлением так	1
основные и	1
ни мистическая	1
духов но	1
категория которая	1
анализ диалектическая	1
как два	1
которое может	1
одно переходя	1
не признает	1
мифологии миф	1
и распределение	1
есть своя	1
о последних	1
растворенность учительного	1
мифа возьмем	1
том что	1
и всякая	1
некий миф	1
мрака и	1
себе диалектику	1
нет ничего	1
доступен триадическому	1
не чувство	1
отмщение прослушания	1
и тот	1
первую и	1
в последней	1
жить где-нибудь	1
луга или	1
первозданную сущность	1
поэзия и	1
всякая мифология	1
не богословское	1
тысячу лет	1
создавать такие	1
и этот	1
гностична она	1
ибо она	1
первозданного абсолютного	1
практической сфере	1
человеке умеющем	1
и вообще	1
исследовали можно	1
у т	1
когда их	1
математическую формулу	1
если он	1
ими и	1
и гнев	1
отличия себя	1
в плоскости	1
ясным что	1
леса или	1
базированные на	1
мифология положит	1
будут осуществляться	1
поскольку и	1
установка основного	1
формально-логическим учениям	1
она одна	1
принципов положить	1
человечества допустим	1
несводима ни	1
в язве	1
то следовательно	1
на каком	1
это максимально	1
очередь складываются	1
лишь такое	1
конца то	1
точного смысла	1
связуяй всех	1
тех смысловых	1
становится поведением	1
как учение	1
в один	1
другою изобразить	1
более подходящими?	1
сфере религиозно-личностной	1
– диалектическое	1
эти указанные	1
лежащая в	1
этой системы	1
лик а	1
именем тут	1
категорий в	1
категорий может	1
исторически ставшая	1
событий другими	1
придется мне	1
уже нет	1
абсолютного случая	1
хаоса возникают	1
самый апокалипсис?	1
детализировать это	1
христианская магия	1
истории наконец	1
категории диалектика	1
