и в	19
породы рыб	14
и даже	14
потому что	14
то есть	14
в воду	14
в воде	12
воды и	11
и не	10
что в	10
не должно	10
что рыба	9
никогда не	9
в таких	8
поверхность воды	8
и что	7
если же	7
может быть	6
так что	6
уменье удить	6
или менее	6
я не	6
как будто	6
что она	6
большей части	6
на поверхности	6
таких местах	6
по большей	6
той же	6
в одной	6
и на	6
воду если	5
никак нельзя	5
не так	5
время года	5
рыбы и	5
для уженья	5
воду и	5
на удочку	5
и рыба	5
в которых	5
в траве	5
в этом	5
что это	5
на поверхность	5
даже на	5
как скоро	5
на берег	5
и особенно	5
да и	5
но я	5
местах где	5
если она	5
на то	4
особенно если	4
для подсечки	4
я сейчас	4
из них	4
к берегу	4
икру в	4
одной и	4
крайней мере	4
что я	4
рыб особенно	4
несмотря на	4
ее в	4
в таком	4
и где	4
крупной рыбы	4
рыба в	4
рыба не	4
что они	4
признаться что	4
для того	4
и потом	4
на местах	4
и той	4
не могу	4
некоторые породы	4
рыба то	4
то же	4
могут жить	4
должна быть	4
где вода	4
иногда и	4
никак не	4
а всего	4
около берегов	4
крупная рыба	4
если рыба	4
без сомнения	4
рыбу и	4
только на	4
года и	4
для чего	4
и как	4
один раз	4
по крайней	4
в сторону	4
нередко случается	4
для рыбы	4
икру и	3
в одну	3
удилище в	3
в ней	3
зависит от	3
ее на	3
как и	3
над водою	3
есть на	3
что он	3
в том	3
в той	3
но не	3
не только	3
прямо в	3
знают что	3
конец удилища	3
со всех	3
даже в	3
тогда как	3
кверху и	3
смотря по	3
вода для	3
таким образом	3
и более	3
еще не	3
а не	3
взять ее	3
смотреть на	3
трутся около	3
об этом	3
караси и	3
не менее	3
во все	3
рыба или	3
что вода	3
водою и	3
или в	3
как я	3
тех же	3
особенно при	3
и оно	3
только в	3
не от	3
это время	3
мечут икру	3
по два	3
не мог	3
а потом	3
их не	3
не знаю	3
не вдруг	3
но при	3
на дно	3
она не	3
что не	3
я видел	3
к нему	3
в это	3
все породы	3
надобно удить	3
я скажу	3
на хлеб	3
под льдом	3
в проточных	3
в уменье	3
при вытаскивании	3
но к	3
и озерах	3
можно удить	3
на другое	3
за лесу	3
и молоки	3
местах и	3
с этим	3
и проч	3
сейчас говорил	3
то надобно	3
берегов и	3
раз в	3
в исходе	3
них и	3
того чтобы	3
и если	3
но если	3
травами и	3
же вы	3
какое время	3
в год	3
держится рыба	3
себя в	3
жить в	3
и других	3
лесу и	3
из воды	3
со дна	3
если не	3
более или	3
а иногда	3
но в	3
время и	3
в какое	3
что на	3
в воздухе	3
этим согласиться	3
в них	3
у вас	3
выкинуть на	2
снизу вверх	2
в их	2
кроме того	2
очень крупная	2
и удить	2
прудах в	2
сколько можно	2
уженье на	2
конопляным маслом	2
но как	2
августе и	2
нравы их	2
берет охотнее	2
не берет	2
части бывают	2
так как	2
можно объяснить	2
удилища на	2
и вы	2
берут на	2
оспоривать что	2
удилище до	2
не было	2
все они	2
держится глубже	2
на прудах	2
рыба имеет	2
и тех	2
леса должна	2
без уменья	2
по мелкой	2
а с	2
такие места	2
таком случае	2
их на	2
что после	2
не имея	2
лесу или	2
целый день	2
на всякую	2
другое место	2
слишком много	2
на две	2
всех сторон	2
с места	2
на удочке	2
для наблюдения	2
все что	2
с крючком	2
берег или	2
на удилище	2
рыба под	2
было ее	2
во внутренности	2
том как	2
это последнее	2
и вдруг	2
чтобы рыба	2
и с	2
на свое	2
никакого сомнения	2
часто вынимать	2
подводных коряг	2
мешок из	2
дни можно	2
должно всегда	2
рыбе не	2
в речках	2
и очень	2
рыбы не	2
воды с	2
даже не	2
сколько раз	2
в уженье	2
рыба утомится	2
которые никогда	2
из рединки	2
на горе	2
таких прудах	2
в свое	2
в руке	2
от недостатка	2
но повторяю	2
огромной величины	2
озерах и	2
нет никакого	2
есть счастливые	2
корни дерев	2
рыб а	2
одном только	2
в другой	2
которые в	2
что все	2
его в	2
заходит в	2
она в	2
ту же	2
теперь следует	2
и почти	2
в августе	2
рукой за	2
рыба и	2
крючком и	2
если вы	2
и многие	2
а на	2
возвращается домой	2
я много	2
надобно признаться	2
может случиться	2
и караси	2
где прежде	2
всякой рыбы	2
полдневное уженье	2
для многих	2
в одном	2
для нее	2
сравнении с	2
это правило	2
в местах	2
в такие	2
и то	2
из берегов	2
же реке	2
за ними	2
там и	2
чем питается	2
и я	2
в нем	2
признаков болезни	2
жало крючка	2
и тихо	2
удить рыбу	2
чем жарче	2
удочку на	2
навесом трав	2
должно предположить	2
надобно иметь	2
по краям	2
он происходит	2
для которых	2
время дня	2
берег крут	2
а если	2
с конопляным	2
большого окуня	2
мест в	2
на кругах	2
бывает иногда	2
через десять	2
температура воды	2
очень мало	2
под жабры	2
могли попасть	2
течения воды	2
в верховьях	2
против течения	2
солнечными лучами	2
в траву	2
рыбу для	2
о том	2
можно было	2
охотник должен	2
а рыба	2
по берегам	2
от вас	2
рыбьи самки	2
о нем	2
на все	2
природной величины	2
рыбы но	2
в отношении	2
берет на	2
нередко остается	2
два раза	2
мелкой рыбы	2
в травах	2
домой с	2
очень часто	2
около москвы	2
насадку вместе	2
и когда	2
вверх и	2
и был	2
на удочки	2
не совсем	2
состоит в	2
я разумею	2
в самых	2
или надобно	2
ее рукою	2
мечет икру	2
от того	2
по лесе	2
на них	2
чистых и	2
самых холодных	2
большая часть	2
раннее утро	2
в два	2
траву в	2
кусты и	2
и теперь	2
сначала в	2
в пруд	2
поверхности воды	2
по воде	2
их в	2
но и	2
о клеве	2
рыбу которая	2
я что	2
если вода	2
того что	2
и несколько	2
а в	2
о породах	2
с перепадающими	2
иные года	2
выходит на	2
на уженье	2
остается в	2
на рыбу	2
рыба клюет	2
своими глазами	2
нравов рыб	2
от них	2
перепадающими дождями	2
гораздо в	2
до крючка	2
что-нибудь порядочное	2
в иные	2
местах глубоких	2
прочь от	2
в котором	2
другие породы	2
в первый	2
стараться чтобы	2
за которую	2
непроточных прудах	2
на мелком	2
большой рыбы	2
что у	2
отношении к	2
тот же	2
воды не	2
также что	2
иногда на	2
в сажалках	2
всегда бывают	2
хотя бы	2
перестает брать	2
в прудах	2
но это	2
лоха или	2
рыбы которая	2
до половины	2
то что	2
впрочем это	2
и сколько	2
хлеб и	2
оренбургской губернии	2
его не	2
лезть в	2
верст за	2
с удовольствием	2
должно часто	2
предположить что	2
мелкой воде	2
же делается	2
в рыбе	2
именно в	2
места уженья	2
поздно вечером	2
тем что	2
ходить на	2
или красули	2
от причин	2
на время	2
в один	2
и держится	2
камыши и	2
за самками	2
и рыбу	2
одних и	2
случается что	2
всего мною	2
ее не	2
без всякого	2
и никогда	2
трудно поверить	2
сквозь них	2
так сказать	2
в сравнении	2
из себя	2
и раков	2
класть удилища	2
очень трудно	2
удить почти	2
горе юрак-тау	2
проч и	2
у берега	2
уженье крупной	2
иногда едва	2
мною сказанного	2
я никак	2
уменья удить	2
дать рыбе	2
что есть	2
наплавок или	2
назад и	2
в большем	2
всего более	2
рыба бывает	2
сначала по	2
по нескольку	2
с таким	2
снулая рыба	2
чем в	2
земной поверхности	2
я говорю	2
поднимается вверх	2
нет или	2
поверхности и	2
рыбаки знают	2
до наступления	2
если берег	2
молодые рыбки	2
пород рыб	2
на мель	2
к этому	2
рыба также	2
рыба перестает	2
всякую рыбу	2
имел случай	2
воздухом и	2
попасть туда	2
с удочкой	2
и мелких	2
должен признаться	2
прудах и	2
вас есть	2
почти всегда	2
ничего не	2
удилище надобно	2
острое зрение	2
некоторые из	2
вместе с	2
не должна	2
берет в	2
рыба отдыхает	2
особенно в	2
в ту	2
несколько раз	2
нельзя оспоривать	2
за ней	2
что ее	2
на месте	2
проточных и	2
карасей и	2
воде где	2
другие рыбаки	2
также о	2
так и	2
вы станете	2
на лодке	2
место и	2
камыша и	2
в водах	2
и всегда	2
полою водою	2
иногда по	2
в маленьких	2
озера с	2
рыба очень	2
серые с	2
исходе июля	2
надобно дать	2
или к	2
тихо и	2
породами рыб	2
ее таском	2
и они	2
рыб могут	2
знаю что	2
и травы	2
мелкую рыбу	2
очень редко	2
происходят от	2
это не	2
на воду	2
как она	2
увидел что	2
а летом	2
рыбы без	2
или не	2
их и	2
большем числе	2
они водятся	2
более двух	2
утверждают что	2
вы удите	2
о которой	2
в него	2
сомнения что	2
и при	2
раки могут	2
он не	2
все стороны	2
в каких	2
случае надобно	2
и по	2
ничем не	2
которой я	2
все это	2
под берег	2
через несколько	2
полой воды	2
удить на	2
запутается в	2
с жадностью	2
не может	2
рыбы никогда	2
говорят что	2
очень хорошо	2
температуре воды	2
то она	2
навозного червяка	2
я замечал	2
хорошая рыба	2
которых также	2
в продолжение	2
не имеют	2
в своем	2
клеве и	2
молоки самки	2
его с	2
лодке в	2
проточных прудах	2
что такое	2
натуральной истории	2
в своих	2
раза в	2
на воде	2
язи головли	2
к пруду	2
происходит от	2
[хребтугом называется	1
и неумолкаемый	1
в материке	1
ее и	1
очень нередко	1
длинна не	1
заросших камышами	1
вытащить ее	1
казалось бы	1
долго хворать	1
на стужу	1
внешней стороне	1
пропадает даром	1
высокою и	1
только случае	1
трехсот лет	1
сказанное будет	1
же врагами	1
рыба погрузит	1
густую траву	1
число пойманной	1
смело ходить	1
немедленно бросается	1
поглубже других	1
крючкам все	1
удить из	1
удочки особенно	1
иногда удочки	1
[я читал	1
больших и	1
уединенно рыба	1
и разнообразна	1
красивой рыбки	1
прежде их	1
или бросить	1
которые всплескивается	1
полог для	1
шум воды	1
каждая рыба	1
пеструшка хотя	1
пруды которые	1
поднимался и	1
дно в	1
она может	1
веса привязанное	1
мне известных	1
освежить ею	1
бежит тише	1
серебряные стайки	1
ними лошок	1
человеку но	1
травы за	1
мест разлива	1
икра в	1
[я имел	1
крючок в	1
жары нашего	1
пробовал но	1
водиться в	1
я пробовал	1
взяв рукой	1
часы для	1
любовью а	1
воды на	1
стерлитамацком уезде	1
другое настоящему	1
бросается она	1
делаются хлебные	1
исчез лесу	1
завернувши в	1
мелкозернистая бесчисленная	1
тут ловили	1
в прочие	1
стоящую в	1
едва достает	1
хорошо как	1
сильные летние	1
причины самые	1
пищи питается	1
внезапным возмущением	1
причины от	1
или кустами	1
другого средства	1
дыханье давно	1
потом в	1
до наплавка	1
сидеть близ	1
важность потому	1
прыгающей рыбы	1
самцами и	1
не заслуженную	1
время рыбу	1
зацепил легонько	1
привязывается к	1
обмелением водяных	1
качества воды	1
должно ибо	1
тем хуже	1
один и	1
красивы или	1
и разнообразия	1
верхняя часть	1
также жарко	1
занесен земляным	1
вершка редкость	1
сохранять натуральный	1
других надобностей	1
хватит язь	1
это чрезвычайно	1
как размножаются	1
что лини	1
надобно поймать	1
утренняя заря	1
полоях имеет	1
рединки же	1
имеет совсем	1
по удобству	1
мало знаем	1
то бросьте	1
рыбакам и	1
удочки уже	1
весело смотреть	1
крутым поворотом	1
рыб мне	1
охотников можно	1
продолжение некоторого	1
более касается	1
пойдет прямо	1
принимать безусловно	1
удилища служит	1
ослабляя лесы	1
услышав ее	1
меня не	1
служит так	1
как-нибудь проникнет	1
удвоенною силою	1
он несравненно	1
просторную сквозную	1
хищных очень	1
ямы имеющие	1
ветров вообще	1
посредством сжиманья	1
десятое леса	1
что мне	1
густая тень	1
издалека в	1
озера или	1
продолжаю и	1
выудить лишится	1
пор шла	1
подставлять под	1
постоянная прикормка	1
место удить	1
на этот	1
глубине ни	1
лениво выплывает	1
надобно идти	1
на прикормленном	1
холодна и	1
выводилась вся	1
таких крепких	1
потому выдерживает	1
водяные жуки	1
там наступает	1
круг на	1
имеют также	1
самками даже	1
значительно потащит	1
поводок должен	1
но ясную	1
есть разделяется	1
при собственном	1
как приятна	1
множество народа	1
всегда надобно	1
крючка могло	1
привычки сделалась	1
не увидит	1
умирает там	1
времен как	1
корни на	1
нега и	1
едва блеснет	1
умеете или	1
расстилаются широко	1
рыбаку известно	1
на земной	1
стоячих водах	1
деревянным дном	1
не ослабляя	1
я вижу	1
длинные удилища	1
после отравы	1
не берут	1
недаром дано	1
наступления ведра	1
и зимою	1
кольцах года	1
рыба производила	1
при таких	1
надобно быстро	1
окошечко хоть	1
зацепилась удочка	1
добывание рыбы	1
есть другие	1
особо в	1
с беловатыми	1
крючок потеря	1
камыш по	1
их концов	1
воды при	1
чтобы тут	1
за что-нибудь	1
для отдевания	1
какие язи	1
рассыплются серебряные	1
своими пуховыми	1
этом собственными	1
хищных рыб	1
удочками обыкновенного	1
чувства которое	1
недостатка прорубей	1
на дне	1
я наконец	1
не шевелясь	1
и почему-нибудь	1
кругом виноваты	1
этого нельзя	1
воздух я	1
удочку насадить	1
только об	1
полезен в	1
я считаю	1
моя ожерелье	1
дает и	1
к рыбам	1
вида человека	1
без прикормки	1
превосходящих с	1
уходит когда	1
одна такая	1
лето появляются	1
иногда от	1
мудрено будет	1
природные свойства	1
никакого уменьшения	1
лесная малина	1
отрава очень	1
и темное	1
что нередко	1
что продолжается	1
уже головы	1
так далеко	1
вырезать на	1
дело в	1
глубоких местах	1
удить отчего	1
без воздуха.]	1
вспоминает это	1
о котором	1
густым навесом	1
утра и	1
рыбы живут	1
искусно вся	1
воткнуть у	1
будет значительно	1
большую рыбу	1
неудобном уженье	1
крутая леса	1
в противном	1
два что	1
совершении этой	1
трудно выудить	1
ходить около	1
дна девятое	1
в рот	1
можете заставить	1
всякому охотнику	1
и закидывая	1
от идущей	1
говорил об	1
деревне оборвихе	1
сказано должно	1
прохладу ступайте	1
свое ежедневное	1
разумеем уженье	1
если позволяет	1
невероятности звуком	1
водяных сообщений	1
более аршина	1
важно знать	1
производит рыба	1
не всегда	1
или боя	1
разновидными водяными	1
пятнадцать выше	1
которою летит	1
немедленно то	1
надобно сейчас	1
всегда живо	1
которая посредством	1
и рыбьи	1
совершенно особенную	1
насаженную навозным	1
читал в	1
удочек употреблять	1
повторяю есть	1
место для	1
статье г	1
воды берегов	1
волнуется как	1
при совершении	1
чайка или	1
пропадает от	1
услышал какой-то	1
никогда полою	1
крупных так	1
будете кидаться	1
подстеречь ее	1
охотнику-артисту необходимо	1
раз его	1
даже собственную	1
поверхности кожи	1
не уходят	1
чистые от	1
сказать несколько	1
самые благоприятные	1
хотя очень	1
и держать	1
что независимо	1
много пропадает	1
этого не	1
берегов тут	1
я задел	1
налимах без	1
один фунт	1
породы как-то	1
таких рыб	1
в противоположную	1
небо покрыто	1
действие этих	1
силы у	1
из хаты	1
с двумя	1
которую желаешь	1
в первые	1
и ручьев	1
правило никак	1
пустыми руками	1
разумеется на	1
ходя по	1
кувшинчиками и	1
скажу о	1
ручей и	1
скоро число	1
могут быть	1
дворе тепло	1
возможности их	1
до тех	1
от табаку	1
мелкой рыбешки	1
наплавок это	1
хорошему охотнику	1
без гиби	1
трудно разводить	1
проходя мимо	1
плещется как	1
редко попадается	1
срывалась первая	1
до уменья	1
имея уже	1
сообщение воды	1
леса без	1
так миловидны	1
водополье в	1
внутреннего устройства	1
любезные читатели	1
пробуя развесть	1
против летящего	1
выведется рыбешка	1
выше и	1
осторожности пятое	1
понятие прочтя	1
других удочек	1
реку и	1
плеснув хвостом	1
на таких	1
взглянув на	1
пошла в	1
среднюю или	1
шестнадцатое хотя	1
называются протоками	1
травах или	1
дело так	1
придерживая наслаби	1
за нужным	1
червяка погрузиться	1
синим омутом	1
следственно не	1
усталость страстно	1
уколется его	1
вдруг наплавок	1
травы что	1
охотнее и	1
вам покажет	1
удовольствие говорят	1
фигуру воронки	1
ветви целых	1
рыбак плотно	1
случится.] привязанный	1
называется раскрытый	1
же как	1
дня но	1
скорее можно	1
не зарастают	1
ловили их	1
и вовсе	1
эти пятна	1
станицы рыб	1
под чешую	1
напротив рыба	1
немного часов	1
плетеницы трав	1
только непременно	1
года попадают	1
месте на	1
делается от	1
отравы ничего	1
бешеной на	1
сажалках без	1
в следующую	1
белые получают	1
пузаста из	1
несколько также	1
пищей не	1
когда погрузится	1
ежегодно имеют	1
широкий пруд	1
многое зависит	1
составляет существенную	1
получаться свежий	1
в назначенном	1
мелком месте	1
что сколько	1
или появления	1
два в	1
разумеется уже	1
времени поры	1
удочка большая	1
густыми деревьями	1
преимущественно хищные	1
порода за	1
так изменит	1
подлежащие сомнению	1
даже можно	1
уженье довольно	1
сентябре а	1
клева и	1
рыба особенно	1
случается не	1
пятнами по	1
едва приметными	1
и обмануть	1
рыбьих пород	1
следовательно лучше	1
пятьдесят тому	1
губерниях.] лошок	1
большие и	1
по-видимому без	1
подтаскивать ее	1
себя обременяющую	1
плотно не	1
пониже все	1
полдневного солнца	1
уже в	1
дать рыбаку	1
даже уходит	1
половины из	1
и привязывается	1
что удилище	1
корягу за	1
леса особенно	1
вина удить	1
последних иногда	1
пяти много	1
сажалках с	1
если в	1
воде мелкой	1
ее ходить	1
какие-нибудь другие	1
и тинистое	1
и тиной	1
небольшим грузилом	1
явление хотя	1
полного образования	1
и догадка	1
удишь со	1
вечера и	1
саком и	1
чтобы не	1
теплой сравнительно	1
безвкусна и	1
родниковых прудах	1
если то	1
более теплая	1
малина вдруг	1
вороны достают	1
надобно с	1
погрузится наплавок	1
очень крепко	1
такие станы	1
исходе лета	1
каждый год	1
навозной жидкости	1
поговорю особо	1
чистых мест	1
пойманную рыбу	1
ее клев	1
забрасывать так	1
долго и	1
ее икре	1
и удочку	1
следовательно в	1
когда с	1
опыты ибо	1
его поглотят	1
кто-нибудь вздумал	1
на траву	1
траве куда	1
воспользоваться счастием	1
берет то	1
эти вопросы	1
ни попало	1
лесе до	1
месте там	1
и металлических	1
и идет	1
оставя вертящийся	1
как взять	1
рано и	1
которые часто	1
удочку никак	1
рыб то	1
менее веса	1
бывают гораздо	1
из выметанной	1
нежными словами	1
даже удилище	1
лошок [недавно	1
сторон захватываются	1
это несносно	1
ее искусною	1
услышит жесткую	1
истребляется каждую	1
неуменье удить	1
ненастье и	1
плавая на	1
небольшая удочка	1
это было	1
она бросится	1
до самых	1
рыбак совершенно	1
крючком итак	1
мгновенно заставят	1
собрать ее	1
в тот	1
небольшие озера	1
избегнуть и	1
они с	1
цветочки темной	1
с тем	1
не ярко	1
когда удишь	1
чем-то черным	1
известное глушение	1
подрастет загородку	1
которых служит	1
сами собой	1
съедена но	1
попадаться крупные	1
есть мест	1
места что	1
глубокий пруд	1
одних нужна	1
освежаются проточною	1
тишине в	1
жерихи налимы	1
вертящийся круг	1
листьями разнообразят	1
разные вкусы	1
дохнет рыба	1
черным это	1
похвалу красоте	1
втыкаются колья	1
известные рыбакам	1
выводить на	1
вбок погрузив	1
также один	1
всю и	1
нельзя по	1
лещей и	1
из дна	1
и может	1
особенно у	1
мало везде	1
пологому берегу	1
проще как	1
рыбы брызги	1
уженье только	1
нет и	1
а года	1
собственно о	1
производится в	1
неохотно клюет	1
питательна для	1
я хочу	1
иногда довольно	1
или леса	1
брать руками	1
посторонних веществ	1
удобным тут	1
и головль	1
вместе изменяется	1
это инстинктивное	1
нет травы	1
рыбы что	1
год а	1
мы разумеем	1
до шести	1
постройки мельниц	1
удить среднюю	1
икра итак	1
подмосковные крестьяне	1
водить неловко	1
головлики и	1
и состоянием	1
и верности	1
прорубей ежедневно	1
совершенно здоровою	1
утреннюю прохладу	1
на крючки	1
великорусских зато	1
и жерихи	1
дорогим гостям	1
четырнадцатое если	1
заедают вдобавок	1
[эту пору	1
траву из	1
от которых	1
что почти	1
труд ни	1
середину его	1
класть их	1
то темноцветные	1
очень высоких	1
наблюдателю немного	1
пронеслась влажная	1
перед ненастьем	1
проницательность и	1
берут снулую	1
движением мгновенно	1
около подводных	1
вяло и	1
нежности в	1
песнях в	1
рыбы эта	1
нужны сметливость	1
постепенно расширяясь	1
окуни именно	1
при одинаковом	1
станет вертеться	1
выволочь ее	1
идя вверх	1
рыбья самка	1
ближе подтаскивая	1
лопнет никогда	1
кумыс напечатанной	1
удилище не	1
всем известное	1
для зрения	1
собственную свою.]	1
расходящегося треугольника	1
очень давно	1
способом если	1
так чтобы	1
котором вы	1
сказанного следует	1
старинных песнях	1
какой-то странный	1
крупной употребляют	1
гладкое железное	1
что уженье	1
достают ее	1
времени вероятно	1
глотая воздух	1
место глубоко	1
на деле	1
что воды	1
недалеко от	1
сильный холод	1
рыб казалось	1
подведя поближе	1
солнечная погода	1
вообще природные	1
и приподняты	1
к крючкам	1
в эту	1
попадается иногда	1
надобно прибавить	1
разводят и	1
и неуменье	1
сомнения зависит	1
рыбе два	1
держатся или	1
на чистые	1
даже щуки	1
и карпий	1
переходит на	1
мой вопрос	1
все качества	1
в таинство	1
существенную и	1
берет иногда	1
этих отрав	1
размножению и	1
котором задают	1
тишину и	1
рака особенно	1
вижу что	1
возвращения в	1
обросшему высокою	1
прикормки что	1
камышах всегда	1
раз со	1
икра вышесказанными	1
нагорных оренбургской	1
всячески и	1
если только	1
корни травы	1
я с	1
лежать поперек	1
известных рыбьих	1
по слитии	1
густым лесом	1
поднявшись вверх	1
от конца	1
и лодка	1
употребляет слово	1
самой из	1
незаметно плывущую	1
самки прямо	1
рыба гуляет	1
съела отравы	1
сзади и	1
кроме всякой	1
или камышу	1
табак дурман	1
сомнения это	1
воду мне	1
удочка и	1
не выудишь	1
преимущественно любят	1
тонкий слух	1
но покуда	1
и некому	1
[я полагаю	1
черви вероятно	1
даже бреднем	1
травы которою	1
ямах или	1
было ловить	1
по своим	1
вздумал спросить	1
то после	1
лесы и	1
наплавка то	1
уйдет от	1
ильинском от	1
в полоях	1
словами нравы	1
об этих	1
выудить что-нибудь	1
производится почти	1
птица? тут	1
более удающийся	1
метанья или	1
щуки окуни	1
и чисты	1
причин рыба	1
удочку ибо	1
увидел настоящую	1
необходимые ружейному	1
это и	1
стремление бывает	1
вдруг сольются	1
вся без	1
не случалось	1
вообще больше	1
с деревянным	1
она слышит	1
совсем не	1
все приходит	1
поедает икру	1
изрубит гладкую	1
уходит этим	1
и полному	1
рыбьей кверху	1
основываю на	1
неприметно для	1
уменья выуживает	1
кольцо дойдя	1
прежде ежегодно	1
жадностью бросается	1
пятое удочку	1
время свою	1
руку на	1
разведется иногда	1
рыбешка и	1
хватает добычу	1
пространство воды	1
тогда надобно	1
нехитрых рыболовных	1
мелкой и	1
часто бывает	1
сказать только	1
не верно	1
ничего положительного	1
яркого темно-желтого	1
из всего	1
им скудный	1
так серьезно	1
подтверждают вот	1
или спусках	1
скатывалась вниз	1
о хрящеватое	1
иногда тихо	1
насадка была	1
и видеть	1
доходит до	1
хорошо со	1
растений предпочтительно	1
вообще на	1
не можете	1
знаю о	1
корягами нередко	1
есть настоящая	1
падая назад	1
с ними	1
но кишки	1
вниз волосами	1
ибо без	1
от сильных	1
удочку насаженную	1
более итак	1
сейчас по	1
зрения или	1
к незаросшему	1
темной травы	1
вытащить если	1
привесть на	1
небольшие обрывки	1
прелести девической	1
разовьет и	1
помогало весной	1
или нет	1
подобных и	1
также общих	1
приступаю к	1
беспокойства вечерняя	1
[водяные червяки	1
предпочтительно весной	1
неглубока тем	1
пор пока	1
от старых	1
прятаться от	1
в густых	1
поднимается высоко	1
я слыхал	1
на полуторааршинной	1
изучить отгадать	1
куда она	1
и подтаскивать	1
в больших	1
сомынке всякой	1
тепло ясно	1
молодая останется	1
полчаса я	1
голове таких	1
остались невредимы	1
если смотреть	1
берега теряют	1
ее отцепит	1
скажу что	1
она во	1
жить а	1
надобно много	1
ходящие или	1
уженье имеет	1
на чистое	1
водах у	1
менее и	1
своем помете	1
рыбу если	1
мелких рыбок	1
что-нибудь жесткое	1
или камышах	1
стороны об	1
подошел с	1
же удочку	1
удочку спрятавшись	1
внезапного звука	1
если случайно	1
и выводилась	1
удочку должно	1
хлопотно или	1
наблюдениями о	1
нужны ловкость	1
охотников охотно	1
и ловят	1
местах любит	1
поговорить особенно	1
глубже надобно	1
иногда в	1
мое я	1
ибо в	1
пруда не	1
имел я	1
воткнувшийся в	1
лежал снег	1
недоткой из	1
лучше на	1
где вы	1
таком неудобном	1
нужно только	1
пню с	1
без сачка	1
следом за	1
любопытства рыба	1
рыба редко	1
дну как-то	1
крепкой лесою	1
кукольванцем и	1
совершенной тишине	1
завязывается наглухо	1
погружать их	1
замечал также	1
голопузкой а	1
избежать таких	1
погоды как	1
даже лес	1
лещи и	1
будет жить	1
вредных посторонних	1
трудное и	1
словами между	1
имеющих постоянные	1
постоянные проруби	1
и отметинах	1
вставляется обруч	1
отдеванье запутавшейся	1
как прежде	1
голова рыбы	1
убедиться нетрудно	1
ручьев заходит	1
в жаркие	1
молодую и	1
из берега	1
как-то гольцы	1
одной былинки	1
мор рыбы	1
такого стремления	1
углубление род	1
и взяв	1
лесы нередко	1
начинают метать	1
от берега	1
молодой камыш	1
дрожащую на	1
скажу вам	1
зарастают и	1
рыбой можете	1
через полчаса	1
водах рыба	1
и испорченной	1
руке иначе	1
чтобы она	1
как иногда	1
мог мне	1
но достоверно	1
водяных растений	1
камни травяные	1
яичек начинается	1
я редко	1
живописно белеют	1
чтобы отцепить	1
можно надобно	1
июля рыба	1
и выволок	1
для человека	1
к дурному	1
добыча не	1
сомнению рыба	1
довольно сильна	1
реки или	1
большею особенною	1
при содействии	1
ее во	1
или корягу	1
сама то	1
покрывающий поверхность	1
времени рыба	1
дурно и	1
совсем и	1
куда ни	1
устроенную в	1
испугали сейчас	1
плоские каштанового	1
удивишься какой	1
по множеству	1
густой тине	1
правда но	1
выпускают икру	1
любимые места	1
мастерски устроенные	1
известных которые	1
рыбам хищным	1
непостижимым образом	1
себя рыбак	1
мелькающую на	1
положить руку	1
берегам и	1
чему служит	1
о каждой	1
глотает через	1
ненастьем что	1
едва допустит	1
убиваясь до	1
и тем	1
удишь в	1
выбираются по	1
пляску производимую	1
не умею	1
рябит всю	1
стука чем	1
ерши остались	1
удить форель	1
частой сети	1
даже потеряете	1
корней и	1
поднимается кверху	1
вопрос как	1
мелкие сверху	1
особенно первые	1
и запруженной	1
и частностей	1
сделает нужно	1
они и	1
берегу или	1
когда она	1
новые свойственные	1
более насадив	1
ее оглушить	1
ибо тут	1
не поглядев	1
продев в	1
сходствовала с	1
мною названных	1
мало занимаются	1
насадку в	1
замечательное случилось	1
печатно были	1
всяких наружных	1
стоят друг	1
прыгая по	1
части вода	1
для лежания	1
многих мною	1
огромное озеро	1
нет любви	1
более держится	1
отвечать удовлетворительно	1
но на	1
непонятною для	1
выскакивают беспрестанно	1
и мельница	1
известно что	1
ненастье особенно	1
слыхал о	1
месяца с	1
росте рыбы	1
вероятно трутся	1
же воде	1
концов в	1
характера самого	1
прорубя над	1
как размоченный	1
он своей	1
в знойные	1
моем желании	1
самая маленькая	1
в другом	1
какие качества	1
поездка на	1
она жаднее	1
травы растущие	1
местах известных	1
несколько наслаби	1
сначала что-нибудь	1
лодка и	1
обмануть ее	1
в темную	1
икру прибивает	1
встречается в	1
расстоянии от	1
воронки в	1
бывало так	1
есть в	1
помню его	1
на станы	1
год некогда	1
вылавливали прежде	1
напротив самки	1
самой реке	1
известно только	1
достает ее	1
разливов в	1
точно так	1
одного и	1
другими рыбами	1
рыба окормленная	1
дерев в	1
вода теплее	1
насадкой лежали	1
нам весьма	1
числе чем	1
действует самый	1
шестом точно	1
наступает немедленно	1
пузырь лежащий	1
рыб относительно	1
я рассмотрел	1
портят бедных	1
траву но	1
от сытного	1
или чихнет	1
виде клочьев	1
выгодна для	1
невероятном множестве	1
рыбы на	1
отлогих берегах	1
иногда чрезвычайно	1
щуки живут	1
менее важно	1
медленности с	1
местах никак	1
на берегах	1
и ядовитые	1
касается до	1
части в	1
года сдыхается	1
[многие охотники	1
покажутся смешны	1
задний конец	1
противном случае	1
юрак-тау и	1
при деревне	1
не класть	1
сколько рыбы	1
весной сейчас	1
в камыш	1
причин но	1
длинные листья	1
дней клев	1
с средними	1
как около	1
и сильным	1
довольно хорошо	1
лещи лини	1
их любимую	1
должно спешить	1
время для	1
там сдохлось	1
она чувствительна	1
должны быть	1
и сильных	1
икра нередко	1
обыкновенно покрупнее	1
даже смешиваются	1
наловить их	1
уженья просторно	1
начинала опять	1
мак достигает	1
и внутренних	1
разнообразна весело	1
кучками в	1
готовыми искусственными	1
или значительно	1
это дознано	1
можно воспользоваться	1
долговременной привычки	1
противоположной стороны	1
сказано при	1
каждую осень	1
удить и	1
благополучно но	1
отдельно друг	1
органов рыба	1
корма только	1
корма чем	1
необходимо знание	1
пробежит длинная	1
подсекать станут	1
там непримеченная	1
следует заключить	1
так важно	1
это мнение	1
мгновенный дождь	1
как мелкая	1
потеряете а	1
в удилище	1
и обыкновенно	1
шлепая по	1
общих правилах	1
своим местам	1
летнее время	1
своей самый	1
рыба гибнет	1
водились в	1
провала? надобно	1
полая вода	1
иногда нарушается	1
прежний другие	1
от этих	1
менее смотря	1
на пищу	1
сутки или	1
трудно я	1
же рыбак	1
легко может	1
их к	1
темны и	1
прорыве огромных	1
а сидящих	1
если будет	1
полоям не	1
против воды	1
искать ее	1
пруд и	1
рыбаков которые	1
насекомых.] надобно	1
достоверно знаю	1
же секунду	1
опять брать	1
укушения крошечных	1
рака и	1
икру вторые	1
или ступайте	1
брала изредка	1
предавался он	1
преимущественно не	1
на юге	1
пока она	1
обеих пропускать	1
рот из	1
останется она	1
охотники и	1
сморщенными и	1
легко ловко	1
тише и	1
они прорезаны	1
рыба кушая	1
величины потом	1
иногда место	1
колья к	1
время икры	1
важного открытия	1
непременно собрать	1
то я	1
их недостало	1
свои навесы	1
удилища леса	1
всякого опасения	1
что иногда	1
ею лицо	1
дно покрыто	1
иногда удавалось	1
решетками и	1
хорошо берет	1
рыбою и	1
это зависит	1
и десятой	1
происходит по	1
убедились по	1
обещал сказать	1
верстах в	1
полдни берег	1
травы торчащие	1
икры даже	1
прочие месяцы	1
поверхность ловя	1
сажалках загороженных	1
деревянный помост	1
крючках этих	1
и осенью	1
что зайдя	1
время рыба	1
деревянную плаху	1
травы снова	1
гоголя майская	1
две представляет	1
легонько вырвать	1
тому мокрому	1
пропуская сквозь	1
в весеннее	1
берега даже	1
уженья мы	1
гибкий конец	1
можайском уезде	1
водятся в	1
природных пестринах	1
скоро вода	1
года.] не	1
это очень	1
нет исключений	1
непременно нужны	1
указанием пренебрегать	1
ее к	1
рыба как	1
особенную прелесть	1
которых всегда	1
относительно уменья	1
имеющих всегда	1
чавканье производит	1
делать это	1
поэтической стороны	1
довольно хлопотно	1
около г	1
если б	1
быть подлиннее	1
водополья как	1
лежания насадки	1
другие с	1
ремеслу которые	1
перьями и	1
кашлянет или	1
все роды	1
долговечности ее	1
размоченный мак	1
рыбу особенно	1
жесткое они	1
на мелкопущенную	1
жаркое и	1
соблюдать когда	1
ради шутки	1
то значит	1
если место	1
хвостом для	1
мошек и	1
один месяц	1
и свиньям	1
удилище я	1
речках в	1
быстрых мелких	1
воде но	1
новою жадностью	1
два аршина	1
солнечное время	1
утки чайки	1
не сделано	1
заставить ее	1
ими и	1
небольшими кусочками	1
терпенье и	1
крючки теперь	1
поводок привязан	1
наклоненному над	1
от вертящейся	1
и наблюдательности	1
знавал рыбаков	1
воды для	1
мелкая рыба	1
в ясные	1
происходившей от	1
краям обводками	1
и должно	1
делом забывает	1
на крючках	1
теперь находится	1
погрузит наплавок	1
нем вниз	1
смерти о	1
другою почти	1
они кусают	1
язики головлики	1
кроме раннего	1
их выкидали	1
пруде становятся	1
процесс у	1
беспрестанно из	1
сделается смирна	1
уже сказал	1
и те	1
прибавить что	1
доли своей	1
выражения я	1
уверяют печатно	1
ручеек останется	1
и решеток	1
прошествии долгого	1
с означением	1
итак мне	1
наплавок вытащить	1
совсем заедают	1
станы известные	1
воде пробрался	1
на плотве	1
от упора	1
надобно ее	1
прибьется или	1
известное время	1
или цветности	1
о рыбах	1
на плохих	1
всякой другой	1
которая будучи	1
вполне удовлетворяет	1
земле и	1
это лошки	1
ним привыкает	1
рыба без	1
и продолжается	1
другими рыба	1
забивается в	1
особенно ветер	1
ни на	1
места пронзаемые	1
корягу то	1
которая берет	1
самцов беловатая	1
которая очень	1
и плеск	1
[из многих	1
почувствуют охоту	1
бояться отчаянных	1
иногда притаясь	1
заря начнут	1
что подмосковные	1
положение места	1
подойти тихонько	1
употребляют их	1
с его	1
иловатое и	1
нетолстые крючок	1
с печеным	1
заводов если	1
молодые охотники	1
мне сказывали	1
глубиною с	1
притупляется сейчас	1
хлебные прикормки	1
не был	1
бывает так	1
ими же	1
если срывалась	1
что состояние	1
они поймут	1
через два	1
важнее в	1
рыбы снизу	1
что нет	1
крутого падения	1
что ни	1
внезапно обмелением	1
которые могли	1
труда беспокойства	1
которая наглоталась	1
на такую	1
к описанию	1
чтобы задев	1
реки в	1
двух удочек	1
потеряет половину	1
них то	1
с фабрик	1
ней пробежит	1
сколько труда	1
выгодное прикормленное	1
на карасях	1
приятна близость	1
мне что	1
лучами хватает	1
крупная это	1
день третье	1
бросил удочку	1
из-за кустов	1
пугливой вольной	1
у одних	1
и берег	1
с своей	1
под них	1
плавающие обыкновенно	1
ее продолжительно	1
к натуральной	1
червей раков	1
руке забывая	1
них нет	1
за корни	1
или надобность	1
оттого рыба	1
будто одурелую	1
вероятно они	1
шум даже	1
если у	1
на речке	1
стоячая имеющая	1
луг широкий	1
и прятаться	1
иногда если	1
в полтора	1
теплая тихая	1
не тупилось	1
положительного не	1
места не	1
удилищу а	1
избежать несчастной	1
случай наблюдать	1
для этого	1
жизни обитателей	1
хотя справедливо	1
же потеря	1
быть невелики	1
пузыри изрубит	1
они поймать	1
рыба уходит	1
даже пугает	1
кустов и	1
удилища до	1
в селениях	1
объяснить ни	1
лукаво советую	1
молоко.] и	1
поточнее в	1
эти породы	1
только с	1
уменьшения в	1
питанье этих	1
отмели далеко	1
утопленница молодой	1
место уженья	1
зрение особенно	1
святок при	1
чувствительна до	1
читателя удовлетвориться	1
ее но	1
ходит низко	1
ни ее	1
загадочное в	1
от кукольванца	1
ставя их	1
ибо действие	1
при таком	1
верховьях прудов	1
другой пищи	1
силою воды	1
держаться наплавку	1
зерна некоторые	1
буду тем	1
или плавающие	1
продетыми сквозь	1
покрывает и	1
числе и	1
внезапный мор	1
но зато	1
доставляющую им	1
вытаскивать на	1
а это	1
и которые	1
на крепкий	1
таких-то местах	1
они мечут	1
хищных совсем	1
также поедает	1
ее выгоды	1
в году	1
от дурмана	1
нетерпеливый рыбак	1
вот тут-то	1
что составляет	1
безусловно в	1
рыба доходит	1
одну удочку	1
длинными вырезными	1
все рыбаки	1
водах преимущественно	1
эти отравы	1
дерева этого	1
натянуло и	1
густой травы	1
ловлею которых	1
друг от	1
несколько верст	1
цвет рыбы	1
крошечный ручеек	1
полагаю что	1
берегу озера	1
гладкую поверхность	1
когда озера	1
пошла земля	1
сажалок или	1
к другим	1
в таких-то	1
песнях великорусских	1
находится на	1
внимательном рассмотрении	1
без надобности	1
того крючков	1
невелика то	1
обруч нижний	1
величины плотвою	1
прячется под	1
рядов стоят	1
особенно на	1
мелкая поднявшись	1
ежедневно вычищаемых	1
удочку сама	1
частях красива	1
все остальное	1
ельцы ерши	1
глубине где	1
их пищи	1
так жадна	1
насадкою красного	1
мне замечать	1
а небольшие	1
ста чему	1
тишина не	1
из материка	1
это самое	1
язи судаки	1
нехищных рыб	1
с какою	1
кажется очень	1
каких водах	1
или ворона	1
десять двенадцать	1
на плохие	1
берегах кусты	1
рыбки особенно	1
уметь пользоваться	1
от утиных	1
заползают под	1
то время	1
полезны или	1
вода сделается	1
крестьянина это	1
внимательном наблюдении	1
как-то ерши	1
воздухе мгновенно	1
в озеро	1
плавающую в	1
которых если	1
и желтые	1
по ремеслу	1
что именно	1
ее потомству	1
сажалках или	1
редкую глядит	1
более других	1
проросло разновидными	1
почти без	1
верховья мелки	1
с прежним	1
итак все	1
что о	1
иногда из	1
об отдеванье	1
траве то	1
величины овсяного	1
крючок сзади	1
ее если	1
схватив насаженный	1
надобны твердость	1
коснется внутренних	1
наплавка особенно	1
и плещется	1
они есть	1
вдруг слышу	1
аршин или	1
называются в	1
крупным дождем	1
всего хуже	1
дно которых	1
каждый день	1
темное дело	1
мелкий порошок	1
его края	1
очень вредна	1
и крупная	1
была общая	1
и прибьется	1
в можайском	1
немногое что	1
благоприятною погодою	1
оплодотворения а	1
советую оставя	1
два раз	1
редкость по	1
случалось что	1
пузыри со	1
причине прудовых	1
голец и	1
озерах не	1
старого до	1
это дело	1
его удочки	1
порядочное в	1
случается задевать	1
рыба а	1
и верхняя	1
насекомых насаживаемых	1
лето в	1
например нужны	1
не растет	1
палочник своими	1
г там	1
содействии которых	1
радостными криками	1
рыб оно	1
предположение что	1
каменистое дно	1
неудачу я	1
на аршин	1
скатится она	1
ибо он	1
кружились крестьяне	1
чему как	1
этим и	1
песчано и	1
удочки к	1
караси а	1
ее прикосновение	1
одушевляло его	1
занимаются ловлею	1
раков [я	1
все озера	1
пользоваться благоприятною	1
темно-коричневыми султанами	1
рыбы если	1
шелухе я	1
ярко-зеленые то	1
вот положения	1
я основываю	1
вдруг рыбак	1
при самом	1
отравы непременно	1
живою лакомою	1
брать на	1
уженья четвертое	1
просунь сквозь	1
от дождей	1
которая разделяясь	1
стоять или	1
рыбаков по	1
решительно не	1
самки почувствуют	1
имеющая дно	1
удить так	1
в прекрасную	1
какою икра	1
оплодотворенная икра	1
подведя к	1
по прошествии	1
французской книжке	1
так крепко	1
провалов круглые	1
полыней то	1
быть на	1
насекомых? наконец	1
ибо лодка	1
разною насадкою	1
так выгодно	1
выпрыгивает иногда	1
рыбу такую	1
разной величины	1
лодка будет	1
удите со	1
могу сказать	1
роскошь тепла	1
выводится через	1
минуту как	1
удочки надобно	1
среди лета	1
существуют на	1
рыбу уже	1
определенное время	1
насекомыми и	1
гоняются за	1
пузырь оказываются	1
из икры	1
падающих с	1
о ней	1
и пруды	1
удочку хуже	1
рак или	1
или вы	1
менее от	1
способность выползать	1
их прежде	1
испорченной воды	1
и крупную	1
рассучить что	1
дня особенно	1
мог избегнуть	1
самка мечет	1
и разным	1
того в	1
белеют на	1
туча пронеслась	1
из всей	1
под руками	1
и хотя	1
в руки	1
не дав	1
казалась почти	1
весною при	1
это слишком	1
ее надобно	1
кружится мечется	1
выуживает мало	1
и теплее	1
наблюдать этот	1
показывает противное	1
дно я	1
к которым	1
густых камышах	1
рыбьего боя	1
и свойства	1
попадают налимы	1
послышите большую	1
бы совсем	1
звук кому	1
другое как-нибудь	1
охотники редко	1
в морды	1
растет в	1
чихнет и	1
и подгибаются	1
себя решить	1
к крючку	1
с весны	1
в густой	1
сейчас вам	1
могу определить	1
собственное наблюдение	1
притом рыба	1
каждую рыбью	1
всей силы	1
опутанные слизью	1
и удилище	1
есть ходящие	1
самок отобрать	1
была раковая	1
станете рвать	1
боком так	1
воды взмутит	1
коряги в	1
вырываясь в	1
исчислять все	1
года держали	1
ружейному охотнику	1
перейдя на	1
кроме сказанных	1
сказать потому	1
тем более	1
падающей воды	1
гадин нигде	1
ходят крупные	1
подошед ближе	1
такие весенние	1
парни и	1
по поемным	1
наплавки ходят	1
уженье в	1
и рябит	1
менее глубокие	1
пышет знойный	1
одну минуту	1
маслом по	1
водяные испарения	1
начали попадаться	1
ваши наплавки	1
и ссучена	1
рыбу бывает	1
она изменяется	1
не достигнет	1
уезде голопузкой	1
камышах же	1
водою или	1
нарушается но	1
саком или	1
отчасти справедливо	1
слух и	1
самок течет	1
гуляет и	1
если это	1
от рек	1
на ваши	1
разливов рыба	1
ловили крупную	1
омуточках а	1
игрок без	1
степных озерах	1
давно уже	1
был совершенно	1
вода уже	1
значительно уменьшилось	1
быстротекущих следовательно	1
каким до	1
оказываются как	1
всегда помнить	1
и очевидно	1
эта гадость	1
в декабрьской	1
особенно донные	1
увеличиваясь разными	1
руки кроме	1
и водяных	1
не видел	1
губы и	1
бежала вода	1
пруд во	1
всплывает наверх	1
частехонько поклевывает	1
исполнении не	1
окуней и	1
очень крупных	1
я обещал	1
обернувшись кверху	1
питательную пищу	1
лакомая пища	1
мне случалось	1
ею целые	1
длинные плетеницы	1
такую воду	1
туда удить	1
следовательно там	1
когда нет	1
из любопытства	1
замечать что	1
нет таким	1
нравы рыб?	1
берега под	1
прибегнуть к	1
пойман недоткой	1
одурелою выходит	1
или паутин	1
кукольванцем рыба	1
вдруг догадался	1
небольших непроточных	1
ссучена не	1
проворно вывести	1
местных итак	1
я был	1
как целительные	1
пруду те	1
рыба снет	1
счастием нетерпеливый	1
то удить	1
должна долго	1
оглушить до	1
надобно попробовать	1
стоять неблизко	1
рыбка и	1
травою так	1
мнения одни	1
прорезаны или	1
мало съела	1
запутавшейся в	1
она из	1
снег а	1
а стоит	1
между прочим	1
левко вызывая	1
бросить узелки	1
же самое	1
к принятию	1
водою а	1
выуживал более	1
рыб отдельно	1
а напротив	1
например в	1
наилучшее время	1
прудах не	1
крючьями за	1
самой поверхности	1
он очень	1
плохие удочки	1
везде мутна	1
закинуть ближе	1
разные сроки	1
неразвлекаемое внимание	1
с дерева	1
тогда смотря	1
но чем	1
рыб другие	1
скоро всплывает	1
много водилось	1
рыбы какое	1
не случится	1
если температура	1
в середине	1
это следует	1
наверх вдруг	1
живет форель	1
своему делу	1
пришивают к	1
жерихи если	1
рыба уйдет	1
довольно успешно	1
маленьких рыбок	1
рыбаком тут	1
удочку но	1
удочек будет	1
почему-нибудь редкую	1
сорок когда	1
и осторожности	1
удочку чтоб	1
более ста	1
слово ласки	1
была снулая	1
с карасями	1
внутренних органов	1
потом против	1
летят во	1
или корни	1
осторожно и	1
дожди с	1
никаких признаков	1
по нашему	1
рыб отчасти	1
вы не	1
часов высмотрев	1
близ закинутых	1
неглубоко и	1
и бокалдины	1
из разливов	1
вкусна и	1
и достается	1
она видна	1
держать удилище	1
поверхность пруда	1
зрение для	1
удочки очень	1
можете закинуть	1
солдат поссорившись	1
или далеко	1
и искусство	1
малейший шум	1
ваши между	1
проточною водою	1
производятся следующим	1
икру птица	1
не приподымая	1
мы решительно	1
пород должно	1
всякой реке	1
шести рыб	1
насадку частехонько	1
у них	1
ясный сон	1
силу непременно	1
икры мелкой	1
смешиваются с	1
порвется рыба	1
их должно	1
тяжесть большой	1
деле природа	1
сняла его	1
с спокойною	1
одних общих	1
под словами	1
обстоятельство произвело	1
таком месте	1
погоду вдруг	1
и оставя	1
строк об	1
былинки дно	1
крепко потому	1
червяка или	1
назад на	1
по земле	1
или вредны	1
воды но	1
уже потомки	1
седьмое никогда	1
самой воде	1
есть охотники	1
ловить саком	1
хвостом и	1
и позднего	1
берегов дна	1
стрелою пролетит	1
говорится заря	1
вопросы я	1
появление рыбы	1
с сыром	1
много раз	1
которую он	1
но несравненно	1
самками а	1
более пяти	1
с собою	1
конца есть	1
во всем	1
порядочное и	1
конечно могут	1
считаю это	1
есть довольно	1
прежде рыбы	1
природа недаром	1
лучше сказать	1
можно сделать	1
не умеете	1
около полдён	1
до корня	1
на которую	1
сохранить пятнадцатое	1
рыбка лошок	1
зависящих от	1
рвать губы	1
моему замечанию	1
головль даже	1
припруженных замечал	1
и попавшись	1
зимой под	1
находящихся в	1
притаясь в	1
раздосадованный тем	1
крыленами или	1
от него	1
случалось читать	1
ловили впоследствии	1
в жаркое	1
сердце юноши	1
других которые	1
верности подсечки	1
пород в	1
продолжительных дождей	1
берегам по	1
снулою мор	1
летит спертая	1
займется заря	1
пять и	1
так глубоко	1
совсем ясный	1
месте лежащую	1
есть ее	1
действует с	1
первые года	1
живая насажена	1
трудно с	1
можно вообще	1
из переполненных	1
своем месте	1
месяцев и	1
год [многие	1
ручеек рыба	1
наблюдении убедился	1
местах очень	1
не проточный	1
вас переломится	1
метаньем икры	1
это отчасти	1
кратковременного лета	1
догадался я	1
и утомительно	1
рыба становится	1
деревьями или	1
налимы в	1
понятно и	1
легонько ее	1
высоко или	1
за неимением	1
искусною насадкой	1
главные истребительницы	1
по-московски в	1
я убедился	1
и проросших	1
вода если	1
время внезапным	1
вычищаемых не	1
только воде	1
приема из	1
прямых зубов?	1
и препятствуют	1
удить чем	1
не видавши	1
какую-нибудь сторону	1
еще малоизвестны	1
нельзя спорить	1
к наклоненному	1
водилось в	1
сильно действует	1
в его	1
чтобы лодка	1
с молоками	1
миловидны резвы	1
какой-нибудь порядочной	1
рыбаков у	1
я отвечал	1
питается нехищная	1
сходят но	1
глубоких надобно	1
загоняют их	1
наплавок станет	1
величины я	1
остается сказать	1
утиных выводок	1
травы или	1
поймана старая	1
не помогало	1
лопухов около	1
струи даже	1
втыкать его	1
грозой и	1
круглый год	1
и мало	1
трав завидя	1
уверены что	1
наплавки других	1
что такая	1
эту любопытную	1
трубочку как	1
значило в	1
белой несколько	1
неудачу другого	1
надобно подводить	1
местам рыба	1
большие зеленоватые	1
бросает выгодное	1
другое время	1
самое имя	1
в плетеных	1
чем временная	1
руках и	1
непростительная вина	1
и разольются	1
она оплодотворялась	1
покрыто тучами	1
от себя	1
девической оно	1
если увидят	1
частию деревенские	1
до сих	1
туча с	1
как уже	1
под этими	1
ложитесь спать	1
поговорю о	1
кроме хищных	1
очень удобным	1
которых она	1
быть к	1
травы я	1
сказать так	1
человека некоторые	1
в последний	1
этой операции	1
и отцепить	1
множестве что	1
налим потом	1
она всплыв	1
рыбы отдельно	1
начался вчера	1
тинистое дно	1
красные цветочки	1
гибок леса	1
половину рыбы	1
летом тем	1
она бывает	1
кусочками в	1
прохладная не	1
какая роскошь	1
уходят спуски	1
и возможность	1
воздухе хищными	1
не видала	1
вода вырываясь	1
травами точно	1
котором я	1
под берега	1
в порядок	1
означу только	1
пруда я	1
на брошенном	1
собирается на	1
множестве они	1
дня держится	1
уже смеетесь	1
пускали маленьких	1
других более	1
таском на	1
весьма часто.]	1
ибо вода	1
с зарей	1
берегу особенно	1
сильных ветров	1
крючок [чтобы	1
пруду потому	1
отравленная таким	1
образом истертый	1
крючок острое	1
рыбы мечет	1
любви к	1
выскакивать пузыри	1
пойманной посредством	1
клюет и	1
уженья летом	1
изобилии опыт	1
окармливали рыбу	1
и реках	1
обломанный конец	1
ранее на	1
насадкою приподниматься	1
тогда нечего	1
никогда гневаться	1
золотыми или	1
допустив предварительно	1
заставят спрятаться	1
операция производится	1
потом скажу	1
года через	1
рыбок таким	1
руке что	1
селениях или	1
надписям годов	1
берега в	1
она по	1
сторону натуральной	1
это только	1
рыб относятся	1
реках покрывающихся	1
своею тяжестью	1
очень любит	1
можно отвадить	1
задевать крючками	1
делает рыба	1
крепком шнурке	1
травами полдневное	1
часто окармливали	1
делать не	1
же стремлением	1
прочтя все	1
длинном тонком	1
из мелких	1
долгого времени	1
рыбы особый	1
речке сомынке	1
из крепкой	1
также пропадает	1
крючок] за	1
корма делается	1
отыщет сродную	1
обливают ее	1
них удилища	1
она неглубока	1
кормится ими	1
сильно что	1
всегда острый	1
скоро потому	1
удочку начну	1
с которою	1
вдруг рыба	1
вылетать спершиеся	1
это можно	1
мне случилось	1
нем впоследствии	1
иле глубиною	1
местам кажется	1
сохранится иногда	1
паутин держащиеся	1
ее испугали	1
же ненадобно	1
одно спасение	1
или хребтугом	1
из самцов	1
непременно отыщет	1
незапамятных времен	1
своей природной	1
значит или	1
к внешней	1
декабрьской книжке	1
этими словами	1
она плавает	1
причин полдневное	1
уверенность справедлива	1
изменяется в	1
величины своей	1
много правды	1
же прудов	1
всеми выгодами	1
которого на	1
махров поводок	1
находятся только	1
металлических заводов	1
глубине возиться	1
свойства но	1
от коряги	1
вода содержит	1
году я	1
здоровою очевидно	1
вершинах но	1
пропадает совершенно	1
можете порвать	1
чувство любви	1
вглубь и	1
дне за	1
водяного пути	1
я случай	1
в ямах	1
удочку конечно	1
с золотыми	1
лакомую пищу	1
водяные лилии	1
течения и	1
народных малороссийских	1
пять фунтов	1
фабрик и	1
она у	1
редко выдерживают	1
появляются головль	1
окуни любят	1
часто обсыхает	1
ночью во	1
пруда и	1
удилища кладутся	1
видел как	1
шеста и	1
некогда совершиться	1
свою трудовую	1
в огромных	1
на ущерб	1
меня хотя	1
водопоя скота	1
по породам	1
я долго	1
в тех	1
следующим образом	1
имеющие фигуру	1
прежде за	1
также разбредется	1
кругах в	1
воды или	1
уклейки ельцы	1
червяки имеют	1
эстетичнее так	1
всегда в	1
сторону очень	1
было заметно	1
реке белой	1
удить что	1
ветер бывает	1
ерши пескари	1
около камыша	1
поглотят утреннюю	1
это происходит	1
кольцо делается	1
уменьшилось но	1
и белые	1
несколько вверх	1
пищею для	1
реки выступят	1
обыкновенно рыбаки	1
видавши трудно	1
рыбу или	1
нетрудно исследовав	1
пруды и	1
он поедет	1
итак потяжка	1
итак из	1
всегда через	1
течение ее	1
туда где	1
образом этого	1
она схватит	1
бесчисленная икра	1
не изменяясь	1
до малого	1
скотных дворов	1
ее вытащить	1
дно последнее	1
рыбак без	1
хочу исчислять	1
и наконец	1
движения и	1
не втыкать	1
мешать если	1
парная теплота	1
хотя о	1
и насадит	1
гладью воды	1
даже брать	1
они постепенно	1
маленьких омуточках	1
как уверяют	1
наступало упорное	1
в другое	1
выгоды я	1
рыба отлично	1
защищаю ее	1
свободу выпутаться	1
воздуха.] я	1
снег подошед	1
ибо у	1
рыбьего корма	1
мельниц вода	1
необходимо изучение	1
рыбу выпустить	1
прудах заросших	1
своею добычею	1
удить разумеется	1
поперек лодки	1
или родников	1
не буду	1
и небольшие	1
и спасаться	1
открытом воздухе	1
себя маленьких	1
грязных разумеется	1
дознано многими	1
воде мутной	1
непонятными для	1
странный шум	1
следует сказать	1
и нагружали	1
и ярко-пестры	1
двух из	1
повторяю мой	1
птицам иногда	1
волнами часто	1
и ерши	1
продолжительные дожди	1
трудно сохранить	1
что довольно	1
также и	1
знойные безоблачные	1
воде потом	1
и ночью	1
дергает мелкая	1
единственную пищу	1
привлечь и	1
в водополье	1
случиться та	1
кольца ни	1
совсем наоборот	1
за движениями	1
бледно-бланжевыми окуни	1
милую галю	1
озерку кругом	1
клев наступает	1
надобно стараться	1
плаванья и	1
везде даже	1
не пройдет	1
даже изящна	1
много удочек	1
вкус осторожной	1
от одной	1
ход тогда	1
рыба его	1
терять способность	1
представляет странную	1
воду как-то	1
очень выгодна	1
отдевания удочек	1
совершенном егере	1
глотают мелкие	1
плотва дернув	1
наблюдательности образованного	1
размножаются трудно	1
знал также	1
не имеющих	1
рыбака одна	1
испытали многие	1
обрывки их	1
замирало сердце	1
которых мы	1
воду где	1
переходит иногда	1
иногда пешеход-крестьянин	1
быстро по	1
их икру	1
с противоположной	1
употреблять много	1
преследовать ее	1
на их	1
холодна или	1
видел своими	1
полагая что	1
подвергаться меньшей	1
средней величины	1
не была	1
всякий взглянув	1
каштанового цвета	1
тихих омутистых	1
прикосновение к	1
времени и	1
очень тихо	1
сторон? шестнадцатое	1
воде удилищем	1
ручаться чтоб	1
водиться даже	1
на крючок	1
можно воткнуть	1
способность оплодотворять	1
караси например	1
таким зрелищем	1
спешат предложить	1
я заметить	1
пугать рыбу	1
хребта наполненный	1
рыбак бросит	1
листья прибрежной	1
не сходствовала	1
жить и	1
удочки продолжать	1
лежащую на	1
этого сделать	1
непременно от	1
смешивают с	1
бегают по	1
где пошла	1
рыбой очень	1
рода совершенно	1
спуски которых	1
окуни судаки	1
оказывались бесполезными	1
видел хлебом	1
кладутся на	1
общая эпидемия	1
рыб в	1
проворством своего	1
для непосвященного	1
ней а	1
в отлогих	1
из поименованных	1
этим самым	1
камыше которого	1
неловко из	1
рыба начнет	1
какие у	1
чтоб от	1
самые драгоценные	1
до полного	1
берег удилище	1
грубо устроенную	1
мутна реки	1
золотое время	1
маленьких зеленых	1
трубочек и	1
должно закидывать	1
много шести	1
осталась совершенно	1
точно мгновенный	1
привязывают их	1
усилия оказывались	1
уженья и	1
рот и	1
и малые	1
лесом камыша	1
и чище	1
июля подъезжая	1
что за	1
отцепляются диковинным	1
всего скорее	1
покуда еще	1
на береговую	1
то они	1
воде что	1
крупные живые	1
пищу в	1
знойные полдни	1
уже трудно	1
водах в	1
летящего отвесного	1
истребление оно	1
и умирает	1
зашел в	1
над значительною	1
лучами увеличиваясь	1
провале хотя	1
при возвращении	1
жил это	1
можете вы	1
в темно-синюю	1
будет объяснить	1
правило вредно	1
глубокие ямы	1
счастливые рыбаки	1
и кусают	1
вреда от	1
коряги и	1
все берега	1
на крапины	1
с луговой	1
них рогульки	1
тихо седьмое	1
сверху по	1
отгадывать данных	1
руками тринадцатое	1
берегов торчат	1
уженье надобно	1
отлично жирны	1
самой голове	1
от трав	1
при всякой	1
пища для	1
если удишь	1
а более	1
последнего крутого	1
породам рыб	1
менее питанье	1
стороны верст	1
та которая	1
признанное всеми	1
конце которого	1
поступать так	1
боя икры	1
вяла но	1
сохранить лесу	1
горах в	1
вороны утки	1
неудачи в	1
на весу	1
этих трех	1
того пруде	1
опыт показывает	1
не подлежащие	1
икру я	1
восхищением с	1
всегда подальше	1
стоя на	1
собою сачка	1
мель на	1
берет немедленно	1
или пруда	1
забывая и	1
несносно на	1
ловкость в	1
пятна находятся	1
спинного пера	1
сейчас положить	1
крючков и	1
что эта	1
в сомынском	1
пора для	1
но то	1
крупную днем	1
наступает сильный	1
взять рыбу	1
рыбу в	1
имеет особенную	1
вешняках или	1
вытаскивать рыбу	1
рек речек	1
охоте он	1
сказать особенно	1
быть ровна	1
ходили поверху	1
рыболовными снастями	1
рыбу с	1
изменяется ее	1
корм без	1
сбиваемые силою	1
поднимется выше	1
тут пропадает	1
рыбу я	1
устроенную не	1
может по	1
удочкой в	1
рыба стоит	1
неподвижно стоящую	1
начнет смело	1
должен идти	1
не пугать	1
малоизвестны как	1
полдень совершенная	1
червячков сверх	1
гущею с	1
прикормленных трудно	1
недавно с	1
пестринах и	1
мелкопущенную удочку	1
перед самым	1
горизонте [я	1
других хищных	1
находились в	1
лесу хотя	1
друга стоящих	1
и наехало	1
по нем	1
не кормят?	1
шутки что	1
закидывать удочку	1
прямое удилище	1
место длинные	1
пруда что-то	1
камыши стоят	1
много знавал	1
время как	1
или ветви	1
живо но	1
продолжается в	1
о полдневном	1
правилах относительно	1
карпии более	1
ей не	1
непременно и	1
воды покрыты	1
брать перед	1
четырнадцать дней.]	1
мне чистили	1
возьмет очень	1
то немногое	1
бокам росла	1
народ одно	1
нужно начинать	1
осоке или	1
свою для	1
молоки и	1
которую берет	1
и мальчишки	1
незамерзших бывающих	1
выходит иногда	1
делу следовательно	1
дна или	1
крут или	1
холодными как	1
поворачивает назад	1
стороны в	1
затворов и	1
не достигающей	1
таким заключением	1
должно уходить	1
уженье поговорю	1
изменяется по	1
вечер могут	1
льгота телу	1
удилищем всегда	1
сторон рыбу	1
собственно хищных	1
или золотистого	1
несколько отдельно	1
десятка червячков	1
вывода из	1
тут ловят	1
кость с	1
стоят неподвижно	1
наслаби кольцо	1
редко берет	1
покрупнее внизу	1
рыба самая	1
пяти верстах	1
не мудрствуя	1
вовсе непонятными	1
ей температуру	1
красного навозного	1
множестве саками	1
в сентябре	1
жуки [водяные	1
тою в	1
книжке что	1
старости находит	1
лох или	1
лини карпии	1
страстного рыбака	1
стремлением скатывается	1
и голову	1
самое раннее	1
крючка не	1
летом чтобы	1
самым мелким	1
рыбаки убеждены	1
есть рыба	1
местам особенно	1
спрыснул воду	1
делается весьма	1
и ложится	1
упорно стремиться	1
а самцы	1
рыбах вообще	1
разнообразия добычи	1
от его	1
могу потому	1
обратно повторяются	1
красива даже	1
тычется в	1
везде а	1
что раки	1
их вместо	1
можно наблюдать	1
и холодная	1
самим виденных	1
не слишком	1
на кумыс	1
рыба точно	1
повторяются отчасти	1
из так	1
эта операция	1
заслуженную неудачу	1
берут в	1
рыбы уже	1
справедливо в	1
удовлетвориться или	1
речках незапруженных	1
осторожно вошел	1
при паводках	1
набежит туча	1
надобно подсекать	1
ика этот	1
[удобными местами	1
с радостным	1
атмосферическим воздухом	1
тестом и	1
знойный полдень	1
гневаться на	1
приобретения вполне	1
можно закидывать	1
или утопленница	1
безусловно с	1
есть от	1
были неудачны	1
внизу а	1
лицо и	1
не колыхнет	1
губернии провалов	1
чистая быстрая	1
как слово	1
одной удочки	1
к достижению	1
к мелкому	1
рыба осталась	1
холодной погоды	1
стоит жаркая	1
по тонкому	1
беру на	1
разделяясь на	1
себя возможности	1
надолго сохранить	1
светлыми белесоватыми	1
в невероятном	1
будто сонная	1
ведра клев	1
которыми она	1
на темном	1
рыбешка составляет	1
расстилающихся иногда	1
столько от	1
удить или	1
икры каждую	1
или вымоет	1
мгновенно следует	1
вы сделаете	1
что народ	1
переменить крючок	1
водяных насекомых?	1
рыб не	1
согласиться хотя	1
себе множество	1
самых чистых	1
другого для	1
времени удочка	1
одной французской	1
жаднее ищет	1
первый год	1
берет часто	1
лед ключами	1
нечто другое	1
операции вероятно	1
прорубей высовывая	1
пищу лошок	1
не качалась	1
надобно допустить	1
но что	1
первые стараются	1
один от	1
таком множестве	1
лодки по	1
верейском свинобойкой	1
особенно я	1
одному описанию	1
моих читателей	1
быть прямо	1
запуталась в	1
от укушения	1
которых чувство	1
второе не	1
рыба невелика	1
произвело общую	1
характера клева	1
или сажалку	1
был очень	1
не плавает	1
вывести ее	1
пескари гольцы	1
рыба растет	1
и убедились	1
и удилища	1
значительной величины	1
удобству берега	1
менее суток	1
бросит прикормку	1
и удочки	1
прелесть для	1
взмутит ее	1
не бывало	1
надобности не	1
плавает в	1
достигшие и	1
есть пеструшка	1
выше где	1
делается более	1
только этим	1
проросших водяными	1
г авдеева	1
рыбок точно	1
смирна тогда	1
не подтверждают	1
края и	1
хлеба у	1
льду рыбаки	1
жало притупляется	1
удавалось в	1
чистили сруб	1
такой мор	1
тряпочку маленькие	1
несколько подрастет	1
егере и	1
сказанного нельзя	1
рыб что	1
качества необходимые	1
дне у	1
утро нет	1
сохранял долго	1
питается рыба	1
охотники утверждают	1
резвые движенья	1
пьяною одурелою	1
неровность дна	1
водах самых	1
местах именно	1
с мельником	1
или зоба	1
и слышно	1
такое объяснение	1
забивается под	1
каждой породе	1
оказаться неудачным	1
всегда любил	1
народа набежало	1
прикормленное место	1
краешком спинного	1
икру а	1
всем моем	1
по словам	1
одной ранке	1
последний раз	1
спинного хребта	1
рыба поднимается	1
имеют способность	1
окуня жериха	1
раз испытал	1
низки такие	1
узелки которыми	1
собственном внимательном	1
гадость берет	1
и отдеть	1
его ни	1
и камни	1
такое кольцо	1
вверх так	1
пропустив сквозь	1
отцепить руками	1
уже и	1
и отдохнувшая	1
берега белелись	1
едят всякую	1
рыбы вы	1
крупную и	1
сейчас бросается	1
от изменения	1
посреди беспрестанного	1
рассказы рыбаков	1
пнями и	1
селе ильинском	1
воды сначала	1
боится стука	1
тонкому осеннему	1
быстрину с	1
червячков которые	1
кругах не	1
но рыбка	1
и какая	1
стелятся по	1
червяка а	1
удивлен таким	1
поклевывает рыба	1
траву прячется	1
дна можете	1
устройства рыб	1
более если	1
пеструшка кутема	1
уверен впрочем	1
спасти крючок]	1
удочка должна	1
постоянно удите	1
увидят люди	1
текущих всегда	1
поросших и	1
и напротив	1
берегу и	1
ибо кроме	1
проглатывают а	1
особенно линючего	1
выудишь иногда	1
продолжение дня	1
и люблю	1
как лед	1
отравителями следовательно	1
хотя число	1
этой бешеной	1
лежащих много	1
подводить к	1
том и	1
[кружком называется	1
которого навита	1
крепкой частой	1
нему относится	1
в деревянных	1
половины в	1
ожерелье выгляни	1
попробовав поудить	1
объяснение меня	1
льдом да	1
травы которые	1
крепко припаянными	1
наплавок исчез	1
или по-московски	1
основанную удачу	1
справедлива да	1
но кажется	1
озерные караси	1
вы удобнее	1
месяц величины	1
год по	1
краям воды	1
материка и	1
камышистому и	1
изменит положение	1
осторожности в	1
крапинки которыми	1
в исполнении	1
теплеют в	1
крючку лечь	1
себе подобных	1
о их	1
спешить отдеванием	1
года таких	1
разводится непостижимым	1
то удивишься	1
снастями замечено	1
наступлении водополья	1
были спрятаны	1
крупной рыбой	1
сколько угодно	1
рыба заходит	1
не более	1
человек потом	1
тиною илом	1
и особая	1
в шумные	1
же по	1
отцепить от	1
ездил туда	1
рак затаскивает	1
и стараться	1
после этого	1
охотникам может	1
в пруды	1
и сделается	1
самцы молоки	1
воды кружится	1
рыбки указывает	1
существовать такая	1
упорствовать то	1
удить вообще	1
в одно	1
новые станицы	1
и найдете	1
другим птицам	1
или близ	1
цвета с	1
камни новые	1
на глубоком	1
нет ни	1
разнообразят зеленый	1
по временам	1
рыб одной	1
темно-синюю но	1
лесу для	1
что мор	1
уже сама	1
что отравленная	1
и плотвы	1
год убежденье	1
я увидел	1
растениями рыба	1
от удилища	1
удающийся к	1
совершенно были	1
него верстах	1
приятного всякому	1
как можно	1
низко так	1
в следующем	1
них имеют	1
прозрачных чертогах	1
чтобы голова	1
клев рыбы	1
хотя поверхностно	1
погода выгоднее	1
и вкусны	1
к другой	1
молоки самцов	1
нехищные глотают	1
любви если	1
пруде в	1
кушанья как-то	1
образом можно	1
при уженье	1
употребляют и	1
совсем водяные	1
дно белые	1
кукольванца много	1
кольцо вершка	1
крови в	1
подсечки без	1
не достает	1
пуховыми темно-коричневыми	1
траве около	1
или опустится	1
брызги летят	1
описанию пород	1
пройдет мимо	1
плыть против	1
сделает в	1
холодною водою	1
в пяти	1
с мелкой	1
ямки где	1
всегда клюет	1
бить икру	1
быть покажутся	1
рыбью оплодотворенную	1
красули достигающей	1
к чему	1
есть и	1
погрузив удилище	1
авдеева поездка	1
там она	1
мудрствуя лукаво	1
плотва выскакивают	1
вы сами	1
и временем	1
говорено но	1
руками иногда	1
его верховье	1
рыба пошла	1
щуки ходили	1
вчера в	1
материк нередко	1
глубине также	1
одинаково никак	1
а лесы	1
шумные брызги	1
сети в	1
любил и	1
[процесс метанья	1
сих пор	1
снулая служит	1
стороне кольца	1
записок года.]	1
здешние рыбаки	1
у всякой	1
прятаться в	1
не попробовав	1
называемые хищными	1
из осоки	1
по воздуху	1
чертогах нравы	1
фауны как	1
и красные	1
местах в	1
с обеих	1
отличается от	1
самими отравителями	1
собой не	1
зеленых червячков	1
отчаянных прыжков	1
малороссийских песнях	1
донные то	1
этого мало	1
хорошей воды	1
клев итак	1
удочки мастерски	1
своенравна и	1
много разниться	1
леса сейчас	1
свежая живая	1
нижний конец	1
глинисто-мутные пруды	1
удилища ибо	1
части припруженных	1
идти от	1
отцепится сама	1
и насаживать	1
который забьет	1
будет увеличено	1
собою разумеется	1
число прорубей	1
нечего делать	1
охотнику никак	1
оборвихе на	1
которой была	1
куда-нибудь за	1
летние жары	1
они живописно	1
наконец увидел	1
них глубока	1
ветер рыба	1
так же	1
или мелкую	1
судаки жерихи	1
обраставшие их	1
вас начнет	1
кутемы и	1
снастей а	1
подсечки в	1
солнца которое	1
в прозрачных	1
поймать рыбу	1
удилища должны	1
лучи летнего	1
назначаете держаться	1
крючка и	1
огромных озерах	1
окунь щука	1
и разной	1
в надлежащем	1
же самой	1
велика наконец	1
привыкала к	1
на таком	1
а также	1
и этих	1
ветром от	1
здоровья рыбы	1
глубоко такие	1
ей самой	1
аршина который	1
охотнику о	1
и острое	1
от обыкновенного	1
осторожно лодку	1
рыбы есть	1
плотве появляются	1
и опускаются	1
с насадкою	1
месяца по	1
лесы четырнадцатое	1
часто.] насадка	1
она испещрена	1
или падающей	1
кукольванца ибо	1
питается и	1
и клев	1
разное время	1
лодка должна	1
день хотя	1
крючок с	1
берут за	1
преимущественно около	1
быть миллион	1
или вятелями	1
нежнее эстетичнее	1
выкинуть из	1
сейчас мною	1
воду чтобы	1
несколько высохшими	1
закидываются недалеко	1
что рак	1
червяка рака	1
увидев и	1
я ездил	1
над длинными	1
такой воде	1
нужно то	1
рыбы смотря	1
верстах от	1
но эти	1
этого пузыря	1
берегах песчаных	1
свойства рыб	1
прикормки с	1
в копаные	1
же место	1
цвета а	1
этот счет	1
по качеству	1
в отверстиях	1
она крепко	1
дождем который	1
очень плотно	1
душистыми травами	1
потом покажется	1
случайной но	1
испытал это	1
погодою и	1
криками бегают	1
итак наблюдателю	1
другими породами	1
общее правило	1
насадив их	1
привязан к	1
илом и	1
что сомынский	1
должна подвергаться	1
вы подумали	1
икры на	1
добыча бывает	1
и самцы	1
в разливах	1
самая бойкая	1
а самые	1
я схватил	1
него бросил	1
гуще воздуха	1
потомства я	1
было мною	1
породе рыб	1
сделалась почти	1
на конце	1
убедился что	1
называется мешок	1
в середину	1
бы температура	1
при всем	1
совершенно прозрачных	1
воде поросшей	1
настоящее значение	1
до острых	1
и радостными	1
поздний вечер	1
морды или	1
изобилии нередко	1
уверенность что	1
величайшею осторожностью	1
нем нельзя	1
маленьких щук	1
возмущением стихий	1
питающихся рыбою	1
дно иловатое	1
видных с	1
крапины лоха	1
ольхи дрожащую	1
место [удобными	1
всякого вреда	1
с небольшим	1
и для	1
последнее обстоятельство	1
уже слишком	1
место но	1
заблаговременно втыкаются	1
своей стороны	1
только краешком	1
не натягивая	1
они рассердясь	1
очень удивлен	1
отдельно но	1
мелкая рыбешка	1
сквозь которые	1
снабдила таким	1
в разные	1
и коснется	1
очень скоро	1
отдыхает и	1
мелкому месту	1
будет совершенная	1
немного и	1
изменяются с	1
подводной фауны	1
скоро рыба	1
пора [эту	1
мор начался	1
образом рыба	1
жить всякая	1
высохшими здоровье	1
на двух	1
качалась тут	1
неглубока отнесет	1
вольной рыбы	1
маслом с	1
непременно даже	1
начинать удить	1
никакого вреда	1
прудов вырастают	1
мог бы	1
разумею вообще	1
реке если	1
так красивы	1
или класть	1
пруду я	1
своих камыши	1
целых дерев	1
утро и	1
беспрестанного дерганья	1
не отпутывается	1
никогда более	1
том чтобы	1
исключений от	1
слабый звук	1
траву на	1
оставалось одно	1
уженье около	1
надобно рассучить	1
молоки через	1
препятствуют их	1
или ее	1
узнаете но	1
воде глубокий	1
в берег	1
треугольника нужно	1
своей то	1
или просверлены	1
подсекать невозможно	1
точно по	1
самых теплых	1
воздухе прогреваясь	1
по руке	1
под тенью	1
кверху брюшком	1
знать в	1
об уженье	1
жарче погода	1
через час	1
а главное	1
всякая вода	1
хотя в	1
конце его	1
если бы	1
худо иметь	1
ящерицы и	1
одну какую-нибудь	1
воды мгновенно	1
покрывает воду	1
в стоячих	1
уезде есть	1
или камни	1
прекратился через	1
любимую пищу	1
на чем	1
удочку и	1
место кто	1
получают способность	1
или пологому	1
пруд преимущественно	1
всего важнее	1
постепенно теплеют	1
врагами может	1
которая схватив	1
озерах находящихся	1
него задний	1
на молоко.]	1
леса будет	1
любят стоять	1
долго часов	1
хлебом или	1
рыбак раздосадованный	1
удилище должно	1
аршина от	1
зацепившейся удочки	1
что где	1
раков а	1
причина ее	1
каждый из	1
очень темны	1
копаные глинисто-мутные	1
ниже только	1
неизбежна остается	1
назад если	1
по надписям	1
дно берег	1
берут насадку	1
прикормленном месте	1
значит такое	1
маленькие кусочки	1
хуже других	1
и съедена	1
хотя иногда	1
без махров	1
приближения человека	1
дерев нередко	1
потомству и	1
снулую и	1
привязанный к	1
мелких следовательно	1
может задеть	1
что вся	1
рыбы весьма	1
но какие	1
как говорится	1
за сутки	1
чешую карасей	1
воду это	1
их сначала	1
дождей не	1
искусство сохранять	1
наблюдения нравов	1
своей пузырь	1
время держать	1
воспоминании того	1
гниением портит	1
большими стаями	1
все охотники	1
описании каждой	1
путешествия рыбы	1
стремиться против	1
жидкость выпускают	1
подсечь и	1
возможность прорубя	1
в виде	1
вредна та	1
значительной глубине	1
рыбаков существуют	1
светла место	1
белая полоса	1
удочки об	1
рыба тогда	1
окуни язи	1
оплодотворялась и	1
полтора в	1
потом привесть	1
сожалению все	1
воспользоваться говоря	1
лесы особенно	1
что трудно	1
тут может	1
говорил если	1
не все	1
прудах имеющих	1
верховьях же	1
них совсем	1
ни бессонные	1
все написанное	1
на друге	1
воде поднимается	1
на пойманную	1
ветром я	1
любит смотреть	1
высоко тогда	1
рыбью пляску	1
на убыль	1
наблюдения этого	1
вкус сладки	1
способности вывесть	1
если беспрестанно	1
другом явлении	1
некому и	1
крючку должны	1
несчастие об	1
живет одна	1
рассмотреть его	1
поймают ее	1
сами кругом	1
дни теплые	1
те породы	1
мере скоро	1
употребляли в	1
некоторое понятие	1
образования мелкой	1
под навесом	1
которые весной	1
вещества особенно	1
месту или	1
но без	1
сверх того	1
продолжается менее	1
заметно никакого	1
трепетом сердца	1
подсекать должно	1
и летают	1
согласиться я	1
проворно ползают	1
не нужно	1
глядит на	1
наполнился водою	1
и следом	1
клев восстановлялся	1
неприметных для	1
и нередко	1
болезни крупные	1
темно-желтого или	1
воду которые	1
так рано	1
зимою дают	1
он верно	1
начался по-прежнему	1
рыбешкой нехищные	1
тринадцатое при	1
руками засыпающую	1
кольев подогнав	1
но даже	1
за сорок	1
ее там	1
еще нужнее	1
остается неоплодотворенною	1
или внутренними	1
мечущие икру	1
считаются омуточки	1
оно нередко	1
целительные так	1
мною сказанное	1
верно с	1
служит лакомой	1
скоро к	1
вырастающие из	1
способ да	1
ближе я	1
она покажется	1
воздуху поднимаются	1
глазами повторяю	1
хотя не	1
вся порядочная	1
возиться с	1
быть соразмерна	1
воду даже	1
ни пробовал	1
ярко солнечная	1
мнением рыбаков	1
появляются черные	1
и драгоценная	1
насадку но	1
самые мелкие	1
поверхностно наблюдать	1
часть туловища	1
оно недаром	1
брызги и	1
вниз итак	1
непременно в	1
большею частию	1
только берега	1
достается на	1
содержание больших	1
составляет их	1
плотва окунь	1
чего их	1
надобно долго	1
издали удобное	1
кишки и	1
много погружаться	1
внимательно то	1
терпеливо дожидаться	1
воды это	1
струя которая	1
положим что	1
тихо рыба	1
родников живет	1
уменье хорошо	1
где назначалось	1
рыб бывают	1
ибо клев	1
прорубей потому	1
меня просунь	1
справедливым много	1
всего же	1
в повести	1
чтобы соображаться	1
того и	1
на себя	1
дно закинутую	1
других губерниях.]	1
а пересаженные	1
где часто	1
да для	1
описании рыб	1
кусают их	1
однако что	1
в теплой	1
и дать	1
плотвы даже	1
проч надобно	1
бы должна	1
же реки	1
должен наблюдать	1
[я недавно	1
беда да	1
прудов в	1
и травянистому	1
воздух это	1
кровяные а	1
своих трубочек	1
рыбака приступаю	1
если производится	1
каждых шесть	1
погружается но	1
попробовать заворотить	1
боками к	1
растет очень	1
поперечнике в	1
красные черные	1
неведению сколько	1
можно получить	1
на вкус	1
прикормку разовьет	1
же до	1
такую мелкую	1
белелись точно	1
травянистому и	1
несколько времени	1
водятся эти	1
есть какие-нибудь	1
завертывающие себя	1
стоит по	1
во всякой	1
и дойдя	1
станут рано	1
становится на	1
берег все	1
неизвестных притом	1
головли и	1
посадить их	1
их до	1
согласиться с	1
глядит с	1
кажется попасть	1
совершенно сух	1
свинобойкой вероятно	1
скотоводства постройки	1
от хорошей	1
ясно и	1
и травами	1
сказывали что	1
маленьких родниковых	1
выкидывает икру	1
около них	1
же минуту	1
и обстоятельств	1
один из	1
подниматься рыба	1
россии употребляет	1
несколько дней	1
весеннею полою	1
реки ика	1
частностей которые	1
говоря о	1
причин и	1
не уйдет	1
обыкновенными рыболовными	1
состоянием погоды	1
же обрывок	1
иногда над	1
птица самые	1
тонком и	1
реках текущих	1
внутренних причин	1
вы будете	1
кольцами продетыми	1
с лишком	1
теплых в	1
его вставляется	1
держащиеся на	1
ловить неводом	1
с каким	1
его углубление	1
ее глубинах	1
крючками удочек	1
рыбы значительно	1
пронзаемые солнечными	1
пеструшки кутемы	1
испещрена очень	1
раз имел	1
утки и	1
ходит высоко	1
вынуть ее	1
сачки хотя	1
вода еще	1
не подвержено	1
то вынуть	1
с рыбой	1
лечь на	1
от всякого	1
в какую	1
опытности и	1
по удилищу	1
и полегоньку	1
воду то	1
рыбы выволочь	1
серьезно как	1
всегда несколько	1
холодную воду	1
должно на	1
половинки должно	1
удочка то	1
года но	1
рогульки и	1
смелее потому	1
ближайшие находились	1
удилище и	1
которые заблаговременно	1
края которого	1
держится под	1
но ловить	1
торчащие над	1
или переменять	1
высмотрев издали	1
рыбу сильно	1
сухопутно прыгая	1
стать к	1
брызги во	1
которых обыкновенно	1
в тени	1
часа бросил	1
имеют такую	1
она почти	1
мелкую и	1
рыбаку что-нибудь	1
не находит	1
иногда выскакивает	1
неудачным и	1
и полыней	1
начну с	1
поедет в	1
сильно всегда	1
этого важного	1
переменять испорченную	1
достать длинный	1
большой глубокий	1
эпидемия и	1
порядочной реки	1
что значит	1
золотистого цвета	1
кипело в	1
поверить несмотря	1
тихо незаметно	1
морозобитной травы	1
рыба погружается	1
рыбу иногда	1
диковинным образом	1
возьмет рыба	1
мере прятаться	1
таким же	1
сентябре до	1
попытки и	1
можно но	1
отлично берет	1
быть и	1
самый слабый	1
предоставляя на	1
свежий воздух	1
многих она	1
шум человеческая	1
одно место	1
рыба потом	1
ниже где	1
гольцы лини	1
разнообразен нужны	1
что щуки	1
в тинистое	1
в вешняках	1
щуки но	1
подтаскивать к	1
отдеванием зацепившейся	1
в подробностях	1
им по	1
им надолго	1
больших реках	1
устройства нечего	1
дни для	1
характер если	1
речках и	1
лет через	1
теплота разливается	1
преимущественно окуни	1
насаживаемых на	1
хотя слыхал	1
порода рыбы	1
так сильно	1
по полоям	1
где она	1
как сосед	1
натягивая лесы	1
в озерах	1
как например	1
совсем прозрачна	1
водяными растениями	1
до смерти	1
вся эта	1
воды в	1
выгоднее для	1
словами я	1
год после	1
гораздо гуще	1
длинное прямое	1
без наплавка	1
воде преимущественно	1
только несколько	1
утащить наплавок	1
согласиться но	1
на тонком	1
даже оторвать	1
его никогда	1
всегда загораживаются	1
сделано этого	1
меньшей гибели	1
раз мне	1
итак оставалось	1
стороны скажу	1
нельзя принимать	1
и спешит	1
описанию тут	1
погоды на	1
мое рыбка	1
по величине	1
которого однако	1
в камыше	1
что рыбак-охотник	1
что мои	1
вечером следовательно	1
траве и	1
жирна вкусна	1
в теплое	1
в иных	1
поссорившись с	1
чтобы в	1
и сентябре	1
у карасей	1
вкусы и	1
отпутывается и	1
проточный но	1
молоками за	1
и насекомых	1
хищных и	1
тут почти	1
холодным ветром	1
рыб ловлею	1
задел один	1
лодке с	1
пруду ничто	1
три удочки	1
перепрыгает по	1
тому назад	1
умеющий с	1
лесы по	1
но туча	1
галю разными	1
крючком на	1
мной случалось	1
удочек во	1
месте теперь	1
особая подсечка	1
ни ей	1
глубь и	1
я узнал	1
рыбы нет	1
удовольствием прочел	1
или животного	1
ручья вдруг	1
копаных сажалок	1
караси в	1
выводок я	1
и выуженная	1
но никакой	1
ночь или	1
хотя ради	1
совершенно неизвестных	1
закинутую же	1
и мог	1
кустами должно	1
эта отрава	1
должны повториться	1
как стеснялось	1
в оправданье	1
одной водой	1
воде весело	1
месте никогда	1
тут непременно	1
так называемых	1
начнут выскакивать	1
иных реках	1
поневоле надобно	1
от полой	1
производится на	1
это непростительная	1
похожая на	1
закидывая удочку	1
движениях особенно	1
породах собственно	1
я даже	1
надобно прибегнуть	1
икру способную	1
травы и	1
в сильные	1
именно от	1
сырым тестом	1
возвращении назад	1
растущие иногда	1
которое мнение	1
за самцами	1
или поднимается	1
натягиваемой лесы	1
частым саком	1
на обеих	1
и подводных	1
беспамятства чему	1
помещения их	1
из многочисленных	1
камыша над	1
одиннадцатое не	1
по-охотничьи насаженные	1
получают сначала	1
не круто	1
день один	1
нельзя особенно	1
в воспоминании	1
на которые	1
следовательно не	1
сказал что	1
с натурою	1
написанное мною	1
довольно большой	1
что-нибудь на	1
верхний собирается	1
попавшись на	1
тишина все	1
попробовал удить	1
даже безуспешным	1
даже ныряют	1
сторону особенно	1
виноваты эти	1
большом изобилии	1
хотя икра	1
легко сняла	1
или прямо	1
и потому	1
внутренних признаков	1
берег это	1
более налимы	1
водой пребыванье	1
с повисшими	1
язи и	1
приваженною есть	1
устроенную удочку	1
не мудрено	1
это делается	1
только самое	1
палящие лучи	1
нужнее дать	1
останется спать	1
отверстиях прорубей	1
надобно ловить	1
мутнее и	1
зерна но	1
справедливо мнение	1
раков и	1
вторые обливают	1
мутнее в	1
так прозрачна	1
где может	1
скажу все	1
наступает глубокая	1
траву или	1
выгляни на	1
народ на	1
рыбак кашлянет	1
руками и	1
и там	1
напротив ослабить	1
сидя тихо	1
своего рождения	1
такого обилия	1
трудно вообразить	1
потянув вниз	1
одурелая так	1
сладки если	1
читать весьма	1
достигающей значительной	1
себе весною	1
запутывалась или	1
предположение доказывается	1
траве рыбы	1
итак раки	1
бывает необыкновенно	1
о налимах	1
поближе взять	1
целых червей	1
и закинуть	1
береговую высокую	1
берег если	1
впоследствии несколько	1
почему он	1
вольная рыбка	1
трудно водить	1
на всякой	1
образом будучи	1
обеих сторон	1
была местная	1
стоит десяти	1
положения выведенные	1
совершенная правда	1
развесть перед	1
от характера	1
сроки я	1
москвы в	1
совершиться этому	1
кажется я	1
коряг корней	1
обыкновенного уженья	1
но охотники	1
загораживаются решетками	1
удочке запутается	1
было очень	1
берега водой	1
что посредством	1
везде дно	1
пролетит прямо	1
мимо пруда	1
поры для	1
востоке охотник	1
рыба окуни	1
головли лини	1
плавательными перьями	1
она лопнет	1
караси именно	1
когда же	1
чисто и	1
как от	1
охотники знают	1
дна на	1
и малостью	1
пищеварительный сок	1
малостью роста	1
свойство и	1
испуганная на	1
весенние путешествия	1
двадцать семь	1
сыром пришивают	1
никакой особенной	1
которая с	1
выпускают свою	1
которых напечатано	1
обыкновенно обитающая	1
место на	1
в бочагах	1
выползать до	1
этой потехи	1
ловко для	1
казани около	1
мечется тычется	1
дубинки по	1
своего потомства	1
навесы всякому	1
вообще я	1
всем ее	1
временами года	1
берега на	1
прудов и	1
или кусок	1
лучи его	1
хорошенько обогреет	1
домой и	1
подсечки подсекать	1
и бойка	1
рыба хотя	1
всякой глубине	1
но где	1
кутема и	1
если эти	1
захватит ее	1
и прохладную	1
должно отгадывать	1
удочку рискуя	1
успешно отдевать	1
продолжением лесы	1
почти равняется	1
лесе которую	1
коряг и	1
хорошенько то	1
спусках из	1
головли окуни	1
колыхнет зеленый	1
и другая	1
в верейском	1
водились караси	1
слишком высоко	1
речной глубине	1
или красуля	1
что некому	1
бойка в	1
ложится на	1
внутренней стороны	1
в поперечнике	1
покажет что	1
подсечка и	1
дожидавшиеся этой	1
вообще стихия	1
воды стрелою	1
загородку разобрать	1
окормленная кукольванцем	1
коротенькая леса	1
уженья ибо	1
есть любимые	1
что икра	1
рыба можно	1
уверяли меня	1
поверхности но	1
рыба кроме	1
ход рыбы	1
позднего вечера	1
сделать в	1
воздуха следовательно	1
вместо пиявок.]	1
одни выше	1
очевидно не	1
вода светла	1
поговорим собственно	1
мере так	1
сутки же	1
берега или	1
самки за	1
или сидеть	1
доказывается тем	1
громкими и	1
изменяет ход	1
рыбы возвращается	1
и плывут	1
молодой казак	1
зимою огромное	1
везде многое	1
сторону можно	1
выскакивает на	1
довольно беспокойно	1
знание времени	1
никакой перемены	1
воды а	1
необходимо класть	1
тем спасти	1
случае леса	1
делать надобно	1
год или	1
в которые	1
же обстоятельствах	1
опытов и	1
пищу воронам	1
переполненных прудов	1
водой иногда	1
и пузырь	1
рано особенно	1
задела на	1
из самок	1
земля помокрее	1
икра и	1
повторяют свои	1
что должна	1
не держатся	1
луговые поймы	1
рыбой которая	1
не будет	1
такая удочка	1
и продолжительных	1
тихая и	1
она истребляется	1
против нее	1
стоит под	1
рыба опускается	1
пользы не	1
звука или	1
порядок круглые	1
глубинах имеет	1
достижению полного	1
с другими	1
отплывают на	1
живущими над	1
сделать с	1
травяные и	1
и утренняя	1
и лучи	1
инстинктивное стремление	1
брать рукой	1
мелких речках	1
бывают очень	1
удилищ в	1
при мне	1
нескольку часов	1
не запуталась	1
пишут что	1
мгновенно наступает	1
рыба заклевывает	1
числе прорубей	1
как весенний	1
за что	1
что пищеварительный	1
и спешат	1
покрыты льдом	1
зеленым густым	1
она многими	1
деланы несомненные	1
трех есть	1
всеми рыбаками	1
в полои	1
рассказами их	1
невыносимы палящие	1
сильнее смешивают	1
удилище едва	1
что светлое	1
теперь удить	1
не продолжается	1
жадностью глотают	1
то неминуемо	1
живое невинное	1
место переходит	1
чистые места	1
бережно не	1
рыба голоднее	1
задеть за	1
полоса на	1
лес избежать	1
также под	1
и огромные	1
будто склеенную	1
нему боком	1
затаскивает крючок	1
поднимаются прямо	1
переломится удилище	1
тихонько развить	1
вверх до	1
лишком в	1
дано ей	1
рыбы ударами	1
спешит под	1
лишит себя	1
надобностей рыба	1
назначалось жить	1
ласки нежности	1
по течению	1
то правда	1
зеленых завертывающие	1
том же	1
дурмана не	1
окуни и	1
вдруг прекратился	1
наполненный воздухом	1
рукою но	1
их сколько	1
и плотва	1
на счастливую	1
что первые	1
случается однако	1
по дну	1
уживал с	1
этот провал	1
такая лакомая	1
многие другие	1
насадкой подстеречь	1
под кусты	1
ей свободу	1
рыбы привлечь	1
и ложитесь	1
воде и	1
заворотить ее	1
воды испытали	1
решить которое	1
лини а	1
мель всплывает	1
произвол каждого	1
его поэтической	1
икряных самок	1
таким объяснением	1
бы и	1
хотя их	1
а молоки	1
его жалом	1
могло вонзиться	1
изменению характера	1
должно искать	1
крупная сейчас	1
яички опутанные	1
ее нет	1
берегами густыми	1
рискуя даже	1
нужно неразвлекаемое	1
они могли	1
и только	1
сквозную огородку	1
вырастают новые	1
словам некоторых	1
бросьте сейчас	1
можно ловить	1
мелких и	1
берега и	1
многие из	1
кругом обросшему	1
могут обходиться	1
лежали неподвижно	1
его наплавков?	1
конца удилища	1
с отвращением	1
и язи	1
распаренные хлебные	1
лета рыба	1
или прорезях	1
делается с	1
гораздо более	1
местами считаются	1
незапруженных и	1
ночи нет	1
были наружи	1
воды лежал	1
неминуемо должно	1
одну прямую	1
смотрит в	1
как есть	1
[] самое	1
мак яички	1
сама по	1
скоро в	1
вполне этого	1
исключения породы	1
тень мелькнувшая	1
и кружились	1
все мною	1
шнурок которым	1
где-нибудь рыбью	1
или озеру	1
или лучше	1
отравители большею	1
стоять в	1
нависшим берегом	1
открытия хотя	1
в совершенном	1
прозрачна и	1
я поговорю	1
об одних	1
не беру	1
добычи столь	1
ними следят	1
вреда замечательно	1
рыба поднималась	1
менее гуляет	1
допустить известное	1
соображаться с	1
реках бывают	1
оно продолжается	1
пиявок.] все	1
мною сказано	1
ядовитые вещества	1
за неровное	1
что гибкий	1
повисшими вниз	1
кустами не	1
замечанию скорее	1
с атмосферическим	1
полдён о	1
охоту или	1
глаза в	1
перетянутый на	1
важно в	1
в ход	1
прибывают от	1
после через	1
должны лежать	1
на рака	1
глубь любуясь	1
лесу натянуло	1
осторожной пугливой	1
любит держаться	1
менее того	1
и вороны	1
раки их	1
и разведется	1
года рыба	1
или сломать	1
сильно дергал	1
ли говорить	1
самое замечательное	1
говорит сердце	1
около святок	1
серебряной то	1
сквозь проросло	1
что через	1
от внутренних	1
которые предпочитают	1
и плотною	1
рыбака прильнувшего	1
дальнейшем росте	1
верно что	1
глотают все	1
это справедливо	1
рыбы а	1
прогреваясь солнечными	1
того живого	1
переставая упорно	1
или сырым	1
прудов тех	1
лета пышет	1
мало водится	1
выше или	1
как могли	1
или подставлять	1
надобно достать	1
охотнику с	1
появлении рыбьих	1
положение дна	1
разной глубины	1
удилище негнуткое	1
ступайте с	1
нигде я	1
видишь что	1
прямую линию	1
удавалось например	1
негнуткое а	1
удилище что	1
тем оскорбляться	1
каждой рыбы	1
выметываемая икра	1
если можно	1
даже этих	1
растениями то	1
порука за	1
не оказывалось	1
близость воды	1
чего надобно	1
этом некоторое	1
родниками пускали	1
роды насадок	1
ест во	1
дело хотя	1
сачка в	1
что мало	1
иметь каждому	1
неподвижно нередко	1
вредно они	1
я уже	1
и опустить	1
чтоб превосходный	1
бывает собрана	1
живут и	1
ее вбок	1
рыба идя	1
почти единственную	1
льдом при	1
состояние погоды	1
по изменению	1
вами удилище	1
которая должна	1
надобно стать	1
холодных ключей	1
спать если	1
пескарь далее	1
берег полог	1
потом появляются	1
зрелищем я	1
доверху занесен	1
наплавков? вдруг	1
рассердясь и	1
вниз весьма	1
отвратительных гадин	1
именно на	1
разумею под	1
величины и	1
жилья человеческого	1
проточных небольших	1
меня каждый	1
язь и	1
форель выпрыгивает	1
удить очень	1
разводить некоторые	1
отражаясь в	1
малейшем движении	1
замещаются другими	1
он потеряет	1
неизвестных в	1
видеть такой	1
устремившего очарованные	1
рек следственно	1
происходил не	1
погоду не	1
плавающие кучками	1
видна со	1
берег заросший	1
отдельно я	1
рыба берет	1
уже палочник	1
где их	1
какую погоду	1
на глубоких	1
вошел в	1
пробившись более	1
десятой доли	1
и остается	1
за крутыми	1
самцов получают	1
вытаскивании крупной	1
и возвращается	1
с новою	1
дурному времени	1
крючок это	1
или запутается	1
иногда водятся	1
его неизбежна	1
работу доставляющую	1
неимением кольца	1
какая пища	1
правда что	1
мудрено избежать	1
уженье без	1
остальное пространство	1
и стояния	1
я уверен	1
впрочем очень	1
ручною приваженною	1
он наполнился	1
какой-то пьяный	1
и нехищных	1
пищи а	1
будто ветром	1
хорошо устроить	1
внимания и	1
в луговые	1
рыб которые	1
предпочтительно около	1
и нахаживал	1
иногда набежит	1
дурном месте	1
для сохранения	1
промах одиннадцатое	1
оставленное им	1
в дурное	1
рыба ходит	1
несколько строк	1
всего чаще	1
число удочек	1
удить тут	1
живут до	1
глубине воды	1
многочисленных опытов	1
первое важнейшее	1
по моему	1
бывает огромной	1
впоследствии разумеется	1
и счастливый	1
потеря его	1
я должен	1
что всякая	1
прозрачного ручья	1
любопытную картину	1
от имени	1
всегда наплавок	1
дворовая птица?	1
ничто не	1
самцы гоняются	1
окружена теми	1
овес.] привязанным	1
отденет его	1
будто сморщенными	1
очень чистых	1
прудах [из	1
и холодна	1
дни едва	1
вдобавок вся	1
но посидев	1
плохих местах	1
берегу очень	1
от рыбы	1
дней пять	1
неравные половинки	1
стайки мелких	1
ее вырвать	1
вершины рек	1
где более	1
по самым	1
дна и	1
озера и	1
по бокам	1
рыба при	1
что-нибудь не	1
и раскидывают	1
рыбе молодой	1
веществ как-то	1
затянулась и	1
в пруде	1
некоторых особенных	1
пруд затканный	1
близ жилья	1
вертящейся и	1
инфузорий неприметных	1
сильным вихрем	1
ловят ее	1
вслед за	1
оплодотворять но	1
дойду наконец	1
свою милую	1
водою в	1
вода завертывается	1
вынимать и	1
находящиеся близ	1
а сколько	1
кольцу свободу	1
мнение признанное	1
будто какой-то	1
где живут	1
которого горсти	1
наклонении нижнего	1
времена года	1
или зацеплялась	1
также важно	1
послушать внимательно	1
в кабаке	1
сдыханье при	1
которые говорят	1
чем прикормлена	1
противное в	1
нем стоит	1
хорошо загнутый	1
старая уйдет	1
луговой стороны	1
удить нет	1
родникового колодца	1
места по-видимому	1
нередко встречается	1
везде одинакова	1
тупилось надобно	1
всплескивается волнами	1
помнить что	1
были отлично	1
непостижимо своенравна	1
лишнее число	1
вода делается	1
будет свиваться	1
дать кольцу	1
это одно	1
рыба вообще	1
например по	1
наступает ненастье	1
я ничего	1
они были	1
ни одной	1
беспрестанно дергает	1
и начинала	1
даже совсем	1
султанами в	1
оно иногда	1
мне остается	1
которых не	1
нору а	1
ищет корма	1
самого рыбака	1
также песчано	1
то каждая	1
с своею	1
его гибок	1
таких невзгодий	1
далее уклейки	1
и поздно	1
от земной	1
неподвижно таким	1
протекая на	1
вообразить себе	1
слишком сильно	1
закинутых удочек	1
был доверху	1
весело мелькающую	1
трудовое занятие	1
особенно некоторые	1
котором ходят	1
взять удочку	1
нем сверху	1
сачка увидев	1
многие охотники	1
в речном	1
я нахаживал	1
в снулой	1
случалось вытаскивать	1
прочел несколько	1
бывает кажется	1
каршей коряг	1
род рогульки	1
не для	1
о которых	1
омутом пристально	1
раннего утра	1
более надобно	1
в двадцать	1
казалось это	1
будет сказано	1
уменьшалась хотя	1
она значительно	1
гостям вкуснейшие	1
сквозь окошечко	1
нашему неведению	1
к сожалению	1
замечал чтоб	1
и мне	1
удите мелкую	1
предварительно что	1
минуту окружающими	1
тень ольхи	1
помокрее начали	1
рыбаки выуживали	1
временем дня	1
хлебные зерна	1
рыбу на	1
больших прорубей	1
большая рыба	1
самые вершины	1
сажали рыбу	1
около таких	1
ранее среди	1
протоки блестят	1
застигнутая внезапно	1
стужу кажется	1
определить в	1
пребыванье в	1
вкусны итак	1
бедных карасей	1
кому из	1
двенадцатое если	1
большая я	1
не переставая	1
месте летом	1
вниз с	1
рыбу несмотря	1
думаю что	1
рыбак-охотник глядит	1
находит отраду	1
необыкновенно толста	1
не очень	1
драгоценная добыча	1
наружи и	1
осенью даже	1
небольшому озерку	1
дерев пугливую	1
белые и	1
здесь означу	1
она перепрыгает	1
прозрачна удить	1
счет разные	1
тех местах	1
рукою под	1
опытных рыбаков	1
начнет вытягивать	1
надобно преследовать	1
не поможет	1
скрывается это	1
рек начинаются	1
местопребывание свойство	1
очень немного	1
воду плеснув	1
же и	1
будет только	1
погружения себя	1
этом пруду	1
если встретится	1
хлебом же	1
которых мелкая	1
убыль рыба	1
леса от	1
при описании	1
случится под	1
лопухов попросту	1
то или	1
с одного	1
пристально смотрит	1
человека но	1
погода тем	1
и время	1
неблизко от	1
лещи караси	1
старая рыба	1
восьмое знание	1
не выуживал	1
бывает точно	1
сравнительно воде	1
как брызги	1
и пропустив	1
бочагах переходит	1
огромные щуки	1
тут иногда	1
испытывают то	1
самцы что	1
это более	1
замечено также	1
далеко проросла	1
оскорбляться я	1
следовательно питательна	1
уженье и	1
зацеплялась удочка	1
это лето	1
возможности плыть	1
дурное время	1
и вяло	1
малые не	1
травах и	1
средними удочками	1
блестят как	1
употреблять не	1
бы разводиться	1
чего немедленно	1
и прелести	1
животного по	1
достигнув старости	1
приподымая уже	1
вплоть за	1
объяснить допустив	1
зарей сходится	1
своих природных	1
места на	1
в реке	1
из одного	1
рыбу выметать	1
которая имеет	1
указывает что	1
особенно белые	1
сначала думал	1
ему и	1
они трутся	1
книзу за	1
закидывать не	1
туда караси	1
левою рукою	1
в руках	1
продолжать удить	1
кидаться от	1
сильных и	1
множество инфузорий	1
подтаскивая сейчас	1
насаженный крючок	1
лесою в	1
выгодами а	1
тащит наплавок	1
лежащий вдоль	1
одной воде	1
от внутренней	1
пузыря рыба	1
или речного	1
удить уменье	1
ветром и	1
что-нибудь захватит	1
торчащими в	1
особенно хищных	1
червячка или	1
что каждая	1
глубоких там	1
удочки хищные	1
жериха и	1
скорости и	1
надобно согласиться	1
я сначала	1
час или	1
туда объяснить	1
в серые	1
вообще не	1
держаться и	1
речек и	1
отчасти замещаются	1
темную глубь	1
держать несколько	1
телу если	1
камышами и	1
в глубокие	1
и поздний	1
свою икру	1
появляются большими	1
на большом	1
даже стоячая	1
отраду в	1
которые протекает	1
водить рыбу	1
подробности внутреннего	1
другие собираются	1
водяными травами	1
хоть белую	1
имеют маленькие	1
навивать ее	1
должна стоять	1
лошки которые	1
непримеченная самими	1
должно быть	1
я удостоверился	1
и было	1
за первым	1
бывает трудно	1
то ярко-зеленые	1
крепко что	1
ее ничего	1
на резвые	1
той куда	1
круглые более	1
на кружок	1
почти каждую	1
жаднее когда	1
соображение а	1
сильные продолжительные	1
не отличается	1
прибивает ветром	1
разумеется точность	1
говорил о	1
и крючку	1
удить предупреждаю	1
же температуре	1
зеленоватые водяные	1
можно испугать	1
недавно бежала	1
провал с	1
хотя рыбы	1
в которой	1
друге и	1
счастливые игроки	1
спать в	1
рыбка о	1
рыба разводится	1
под густым	1
точно погружается	1
ней будет	1
особенною любовью	1
всему телу	1
вся то	1
особенно когда	1
не на	1
глубоком месте	1
от усиленного	1
телу как	1
непременно сделает	1
обогреет и	1
для меня	1
тоща безвкусна	1
на медленности	1
выпустить в	1
нашего кратковременного	1
форель то	1
крестьяне что	1
погоды совершенно	1
этом уже	1
другая рыба	1
стоит поговорить	1
бежать вниз	1
годов в	1
к лодке	1
что теперь	1
лакомой пищей	1
даром и	1
глубоко ушли	1
дрогнет вода	1
всего нужнее	1
спрятаться под	1
удочка а	1
пробрался до	1
тут не	1
в мелкий	1
неводом и	1
столь приятного	1
собственными наблюдениями	1
нужны ни	1
достигнет полной	1
эту оплодотворяющую	1
окуня насадка	1
сломать удилище	1
наблюдать менее	1
удилище на	1
есть сильные	1
уженья но	1
удочку задевшую	1
совсем особенный	1
в жизни	1
их разною	1
в речной	1
потеряете и	1
низко но	1
питаются мелкою	1
уйдет из	1
нужным делом	1
я все	1
падения воды	1
них длинное	1
заклевать хорошенько	1
рыбки не	1
серебряными кольцами	1
отметинах она	1
или удариться	1
икру по	1
миллион себе	1
и пишут	1
некому лезть	1
реках больших	1
врагами для	1
в других	1
шнурке продев	1
заклевавшую рыбу	1
них были	1
временная нет	1
температуру если	1
задев итак	1
от счастья	1
долго в	1
картину рыбьего	1
возражении против	1
тяжестью [я	1
воды от	1
как удочку	1
стояния на	1
ее а	1
под мостами	1
крючки с	1
всякую икру	1
последнее предположение	1
удочка отцепится	1
на густую	1
озерах но	1
рыбы происходил	1
такое явление	1
не достигшие	1
края а	1
несравненно большая	1
оказывалось никаких	1
свободу бежать	1
крючка крючок	1
теплое солнечное	1
люблю жары	1
еще в	1
трав куда	1
способностей например	1
пути для	1
вот почему	1
имеющих течения	1
весьма также	1
помню знойные	1
охотники пробуя	1
ужасную быстрину	1
на нее	1
объяснить трудно	1
так хорошо	1
знойное летнее	1
обилием икры	1
лошки называются	1
желтые водяные	1
удочка можно	1
головль плотва	1
совершенно изменяет	1
в несколько	1
или вытащить	1
полным кошелем	1
мелкой как	1
озерах нагорных	1
рассказывали крестьяне	1
угодно недоткой	1
голоднее берет	1
когда из	1
сухое лето	1
удилища задетой	1
рыбаков что	1
имени рыбы	1
квасною гущею	1
вверх для	1
нетерпеливо дожидавшиеся	1
приподняты кверху	1
довольно большая	1
схватит в	1
часов останется	1
ненадобно кольев	1
возрасте рыбьи	1
место неглубоко	1
во множестве	1
над которым	1
окормленной рыбы	1
тень покрывает	1
не лишает	1
толстой крепкой	1
не основанную	1
сухопутно ходя	1
колес или	1
в пять	1
у которых	1
толчков свободнее	1
рыба переносит	1
сачка уженье	1
роста кроме	1
какой странный	1
травою берут	1
трех пород	1
нетерпеливые охотники	1
потом взять	1
припаянными к	1
и забрасывать	1
рыб немало	1
самку ибо	1
у его	1
высовывая рот	1
полному росту	1
разбредется по	1
иногда попадается	1
рыба поворачивает	1
и далее	1
знойные дни	1
налимы которые	1
особенно весной	1
караси могут	1
паводках случающихся	1
втыкать концы	1
тучами они	1
за крючок	1
но этого	1
и задела	1
хищные щуки	1
воды мечущие	1
[недавно я	1
я отвечать	1
изумительным обилием	1
до самого	1
в просторную	1
дня самые	1
мор от	1
рыб почти	1
с неумеющим	1
где густая	1
кольца один	1
перемены я	1
прудов рыба	1
утомится и	1
сторону впрочем	1
них снули	1
трав протоки	1
и сачки	1
при внезапном	1
препятствие и	1
за успех	1
уменьшительное от	1
наглоталась кукольванца	1
натурою рыбы	1
ежедневное трудовое	1
рыба ест	1
опускаются прямо	1
и оправлять	1
прихотлива по	1
склеенную из	1
что-то в	1
этому средству	1
должна слишком	1
девяти утра	1
задыхается зимой	1
потом черные	1
двенадцать и	1
содержит в	1
сплошным льдом	1
и крепком	1
этих пород	1
уйдет а	1
просверлены в	1
месте покуда	1
караси некоторые	1
мимо реки	1
сказать то	1
справедливо но	1
мальчишки нетерпеливо	1
сейчас надобно	1
вынимать удочки	1
тут необходимо	1
них водяными	1
камыш первые	1
обстоятельств местных	1
на задев	1
летают быстро	1
изучение нравов	1
течение какой-нибудь	1
подсечки конец	1
поемным местам	1
воде которого	1
и удочка	1
например от	1
посредством долговременной	1
с величайшею	1
и берут	1
она водяного	1
рассекая поверхность	1
для водопоя	1
весну непреодолимость	1
насадок какие	1
часть окормленной	1
человека хотя	1
мелком дне	1
рака беспрестанно	1
следовательно пропадает	1
разными притоками	1
засыпающую рыбу	1
удить целый	1
служит безвредною	1
вечером она	1
и четырнадцать	1
вечером также	1
пересадки из	1
уженье форели	1
уменье воспользоваться	1
в жаркий	1
тиной очень	1
она прилипнув	1
без всяких	1
читателей что	1
лучше чем	1
воза.] сначала	1
мнение справедливее	1
и обратно	1
мои наблюдения	1
ворона проглотив	1
или о	1
молоки сидя	1
рассмотрении я	1
охотнику делаются	1
листья стелятся	1
тихие при	1
настоящая пора	1
от осенней	1
рыба держится	1
не находящиеся	1
разливается в	1
безвредною пищею	1
образом даже	1
и слепо	1
наверх бывает	1
удочки отцепляются	1
жидкая икра	1
полои проросшие	1
сейчас попробовал	1
ровна и	1
ее плавающую	1
куда рыба	1
рукою за	1
смешны такие	1
она на	1
особенно травы	1
стаями самцы	1
плеск воды	1
или нероты	1
оправлять или	1
на быстрых	1
острый как	1
девятое как	1
поглядев как	1
заставить рыбу	1
на котором	1
желудка или	1
глубине если	1
после всего	1
этом поточнее	1
неподвижно материк	1
червей и	1
рыбаками что	1
грузилом за	1
хуже клюет	1
особенно не	1
же самых	1
первым движением	1
сказать в	1
со мной	1
только доказывает	1
последних загоняют	1
поверху и	1
имеет настоящее	1
плотами нависшим	1
оправленные крючки	1
если возьмет	1
наклонясь над	1
называемых в	1
говорят и	1
трав преимущественно	1
продолжительно только	1
рано поутру	1
появляются в	1
успех второе	1
они особенно	1
говорю самая	1
зимою не	1
карпии и	1
только солнце	1
очень неохотно	1
заря с	1
выбросит насадку	1
встретится непременно	1
наплавка иногда	1
москвы иногда	1
особенных способностей	1
идущей со	1
реке тогда	1
отцепит рыба	1
подлиннее надобно	1
маленькая рыбка	1
вымоет из	1
жалом то	1
нужнее соблюдать	1
жары только	1
делаются бледно-бланжевыми	1
которые водились	1
наплавку не	1
красули имеет	1
материке пруда	1
вода холоднее	1
задетой удочки	1
ее края	1
удобнее взять	1
правило когда	1
набежало и	1
но лет	1
по-прежнему и	1
озеро или	1
то на	1
не встречал	1
крестьяне ловили	1
наблюдения за	1
вод все	1
достигает она	1
оно уменьшительное	1
одни говорят	1
это понятно	1
месте уженья	1
резвы и	1
др в	1
ползают по	1
умирает скоро	1
удариться об	1
которыми поводок	1
высыхают уединенно	1
покуда рыбак	1
этих причин	1
дернув книзу	1
усиленного народонаселения	1
если подойти	1
сжиманья и	1
дном называемых	1
ожидая крупной	1
из-под которых	1
майская ночь	1
сама рыба	1
есть пойдет	1
видала особенно	1
а берут	1
забота ни	1
лини лещи	1
был вычищен	1
мере для	1
их нравах	1
блеснет белая	1
для одних	1
так кажется	1
с готовыми	1
уже тепла	1
и воздух	1
сторону той	1
до самой	1
насадит старательно	1
кушая траву	1
рыба делается	1
опустить в	1
начнет изливать	1
идти на	1
бессонные ночи	1
попадается снулая	1
сродную ей	1
которую в	1
из маленьких	1
когда он	1
клюет на	1
держали сначала	1
воды около	1
самец обернувшись	1
каждую минуту	1
года особенно	1
этом убедиться	1
отчасти при	1
воды полагая	1
как здесь	1
леса непременно	1
только жить	1
месте так	1
и пойдет	1
преимущественно широколистных	1
я видал	1
привязанным двумя	1
но впоследствии	1
бросается десятое	1
и защищаю	1
развить лесу	1
рыба на	1
фигуру расходящегося	1
чем вида	1
бывают яркого	1
тут сохранится	1
достигающей огромной	1
прохладную погоду	1
всегда от	1
переставала брать	1
ключами протекая	1
замечал я	1
прозрачных надобно	1
думал что	1
чайки хватают	1
сильный ветер	1
обитающая в	1
почти целый	1
хищные породы	1
дойдя им	1
такую последовательность	1
и дойду	1
вероятно это	1
к обычной	1
убежден что	1
вы ее	1
слышен издалека	1
под берегами	1
рыбы много	1
натаскивает ее	1
снулой рыбе	1
лошок []	1
берег камни	1
проросла травою	1
этому верил	1
занимаемся о	1
не удавалось	1
тащит в	1
и быстротекущих	1
гибели потому	1
круто крутая	1
совершенно даром	1
обычной температуре	1
рыба застигнутая	1
ямках и	1
бросил предоставляя	1
попросту называемые	1
для погружения	1
под себя	1
или прудков	1
и тот	1
охотнее чем	1
замечательно что	1
большом расстоянии	1
прямо от	1
впрочем что	1
в другую	1
мнение справедливым	1
дохнет от	1
вернее вечером	1
с пустыми	1
не тащить	1
пренебрегать не	1
зато нежнее	1
сердца не	1
все сказал	1
то радужными	1
дождливую и	1
все уверены	1
на цвет	1
имеет по	1
и сон	1
очевидно что	1
плотва язики	1
разниться с	1
однако никакой	1
икре кажется	1
нередко задыхается	1
дело загадочное	1
и растениями	1
попасть невозможно	1
других но	1
рыбаки утверждают	1
таким только	1
скудный кусок	1
омут реки	1
и рыбак	1
разумеется он	1
камышу на	1
к размножению	1
льдом но	1
знаем вода	1
слизь похожая	1
нет кажется	1
дурман а	1
трудовую жизнь	1
потом выкинуть	1
незаросшему месту	1
быстро подсечь	1
особенно забивается	1
случайно что-нибудь	1
правило еще	1
на востоке	1
таких любопытных	1
рыбы кипело	1
пруд старая	1
удите это	1
были деланы	1
проруби для	1
отечественных записок	1
справедливее оплодотворенная	1
и бежит	1
будто одурелая	1
становятся светлыми	1
это уженье	1
крупные окуни	1
тишины и	1
то более	1
подробностях я	1
спертая полая	1
очень можно	1
а лет	1
поддерживает рыбу	1
полдневном уженье	1
под зеленые	1
крючок и	1
как гуляет	1
обводками они	1
семь фунтов	1
никакой возможности	1
у лещей	1
брошенном вами	1
изобильна и	1
глушение рыбы	1
есть попадают	1
предпочитают уженье	1
окружных водах	1
глубоко не	1
я повторяю	1
слишком нежно	1
икры другими	1
наружных и	1
жаркие летние	1
иногда неподвижно	1
год но	1
хотя рыба	1
вытаскивании рыбы	1
лодке имеет	1
из травы	1
следующую весну	1
имя этой	1
полезны но	1
этого уменья	1
рыбу мелкую	1
с восхищением	1
глубокий омут	1
толстая только	1
размножению своего	1
только рано	1
ту на	1
камни под	1
спешивший куда-нибудь	1
берегом толстыми	1
питается тиною	1
она слишком	1
итак при	1
станете упорствовать	1
о долговечности	1
жадностью их	1
много умирает	1
всегда свежую	1
они заползают	1
плаху очень	1
часов с	1
а верхний	1
погоду держится	1
не погружать	1
странный и	1
это я	1
порвать лесу	1
корня травы	1
родниковых речках	1
умирает около	1
совсем водиться	1
было говорено	1
надобно лезть	1
пропадает искусство	1
их вершинах	1
удить наступает	1
потащит в	1
с грозой	1
загороженных в	1
воды слышен	1
опушенным хвостом	1
чистое место	1
лини караси	1
поверхности края	1
мелких мест	1
какое-нибудь препятствие	1
начнут дурно	1
настоящему рыбаку	1
что же	1
на меня	1
железное кольцо	1
шумом мельничных	1
качеству и	1
весны сохранял	1
жарко она	1
здесь добыча	1
икру даже	1
прилипнув к	1
клев вдруг	1
не проглатывают	1
к своему	1
лет а	1
мор продолжался	1
водополье вода	1
ее можно	1
посредством отравы	1
озерах лежащих	1
я помню	1
успевают в	1
спинку крючка	1
чувство страстного	1
к разведению	1
скорее чайка	1
разным другим	1
в берегах	1
их истребление	1
отвращением на	1
сам да	1
свежую и	1
проруби удить	1
острых прямых	1
как в	1
рыбьих яичек	1
должно никогда	1
в деревянную	1
восстановлялся прежний	1
не называемые	1
икру один	1
и смирно	1
немало также	1
в себе	1
подумали любезные	1
десять и	1
само собою	1
без исключения	1
я знал	1
ней лежащих	1
слепо этому	1
прыжков этой	1
допустит червяка	1
ближе наступало	1
должно и	1
в трех	1
внезапном прорыве	1
ныряют за	1
что постоянная	1
за другою	1
портит воду	1
плодовитость рыб	1
чайки и	1
утомительно пеструшка	1
и корягами	1
воронам и	1
же год	1
пугает рыбу	1
летом потому	1
бросится на	1
иметь гладкое	1
этой красивой	1
жуки плоские	1
слышит ненастье	1
это правда	1
спасаться проворством	1
почти ручною	1
убежденье мое	1
в статье	1
то место	1
без остатка	1
уходить с	1
большое уменье	1
почему все	1
вытягивать лесу	1
крупную рыбу	1
и лопухов	1
как давнишний	1
течет жидкая	1
безоблачные дни	1
рыба даже	1
как-то червей	1
нее окажется	1
такие-то породы	1
не целых	1
одного приема	1
землею песком	1
некоторого времени	1
привязывается лодка	1
иногда полезен	1
рыбе также	1
то серебряной	1
производимую средней	1
этого нет	1
сладкий и	1
воздух но	1
жирны и	1
утомится плавая	1
и та	1
чисты что	1
маленькие молодые	1
испугать ее	1
но узнать	1
более в	1
над ними	1
узнал что	1
изменился у	1
узнать настоящим	1
дерев мошек	1
это нужно	1
говорю охотникам	1
сидящих в	1
чтоб караси	1
чтобы жало	1
рыбу крыленами	1
отдыхает если	1
попало тем	1
по насадке	1
выведенные мною	1
зеленые свои	1
твердость терпенье	1
в такой	1
в шелухе	1
быстрая и	1
колодца глубиною	1
же пород	1
вредны для	1
часто случалось	1
с толстой	1
чем самцы	1
таким указанием	1
которым он	1
рыбку пеструшка	1
и живущими	1
жесткую спинку	1
темном горизонте	1
то лошки	1
обыкновенного рыбьего	1
не шлепая	1
в большом	1
в маленький	1
на навозного	1
рыб беспрестанно	1
неровное дно	1
удовлетворительно не	1
обитателей вод	1
показывается она	1
быть внимания	1
называемые кувшинчиками	1
сейчас переменить	1
спокойною гладью	1
к ним	1
вам нечто	1
гладко легко	1
меня своего	1
прудах водятся	1
недостатка продушин	1
всплывает и	1
ее удить	1
плетеных сажалках	1
любимейшие ими	1
омуточки на	1
при малейшем	1
другую это	1
а другие	1
форели пеструшки	1
вкратце удилище	1
также рыба	1
беловатая слизь	1
легонько втыкать	1
не заводятся	1
временам года	1
то непременно	1
и налим	1
бокалдины высыхают	1
вниз непременно	1
одной воды	1
первые трутся	1
она сейчас	1
глубины и	1
любят жить	1
в стерлитамацком	1
червяком и	1
мало прибывают	1
клев начался	1
них не	1
червячков падающих	1
неумеющим рыбаком	1
после вывода	1
погрозил ему	1
поверхности сверкающую	1
оторвать был	1
полдни довольно	1
точно в	1
за крутой	1
долговечности рыба	1
пеструшка и	1
сказал мне	1
окуни плотва	1
невзгодий нельзя	1
для великорусского	1
кормят? на	1
раз сильно	1
рыбы лох	1
он зашел	1
омуточке прозрачного	1
вас не	1
золотой чешуей	1
я жил	1
и камышах	1
вода бывает	1
относится говоря	1
ее подсечь	1
даже снулая	1
осенней морозобитной	1
сытного корма	1
наплавка надобно	1
подводных каршей	1
скота и	1
знаем эту	1
бывающих как	1
опытами озерные	1
тепла рыба	1
нехищная рыба	1
если чернота	1
образом но	1
влажная парная	1
на молодую	1
точность такого	1
пород сейчас	1
и сухое	1
гибельное добывание	1
фунтов он	1
но очень	1
занятие работу	1
бывают местечки	1
наплавок на	1
до трехсот	1
в тряпочку	1
впрочем рыба	1
из копаных	1
с удвоенною	1
щука и	1
нужны длинные	1
их глотает	1
силою но	1
я осторожно	1
многими опытами	1
беспамятстве забивается	1
особенно некрупным	1
на произвол	1
подогнав осторожно	1
заводятся состоит	1
пятна происходят	1
дождями дни	1
вы послышите	1
какое вылавливали	1
крючками крепко	1
удовольствием вспоминает	1
с незапамятных	1
те и	1
наплавка с	1
материк и	1
воду она	1
другие условия	1
рыбешки которая	1
оно верно	1
черные пятна	1
ловят руками	1
значительной прибыли	1
особенно тихие	1
и проходя	1
неудовлетворительно а	1
вы назначаете	1
или подведя	1
для помещения	1
народонаселения скотоводства	1
выше причин	1
каком возрасте	1
благоприятные дни	1
гуляет везде	1
продушин в	1
это золотое	1
плотною гривою	1
крючок хорошо	1
такая рыба	1
рыба услышит	1
иногда можно	1
повториться в	1
живые раки	1
породы бывает	1
куда икру	1
рыбу еще	1
явлении я	1
надобно положить	1
быть положение	1
продолжается долго	1
около его	1
хотя крошечный	1
каскада прыгает	1
воде неприметно	1
и древесные	1
рыба кормится	1
равняется умеющий	1
вид червяка	1
овсяного зерна	1
третье пропускает	1
особенно поздно	1
окуни в	1
прочим говорит	1
это была	1
потому надобно	1
сосед перейдя	1
бы воды	1
стаями и	1
притоками они	1
знает может	1
даже чавканье	1
не изменился	1
чему случится.]	1
средства как	1
порядок следуя	1
хорошо иногда	1
сух так	1
и бокалдинах	1
не нужны	1
не бывает	1
никогда в	1
потери впрочем	1
будучи сами	1
и чисто	1
с живою	1
в казани	1
камышах пруда	1
если погода	1
время так	1
голову рыбе	1
бог им	1
пород как-то	1
прежде травы	1
темноцветные листья	1
налимы и	1
собрана и	1
глазами как	1
небольшой речке	1
разными нежными	1
белесоватыми точно	1
только при	1
случится промах	1
собираются стаями	1
того ей	1
его соседа-рыбака	1
лишает эту	1
рыбу сначала	1
не пошевеля	1
а его	1
быть очень	1
красоте и	1
а молодая	1
плывут в	1
уженья что	1
сруб родникового	1
прямо до	1
будучи окружена	1
одинакова везде	1
объяснением я	1
плывущую иногда	1
наконец чем	1
знаю говорят	1
пугливую рыбу	1
всякое время	1
и казалось	1
как-то лещи	1
свиньям рыба	1
непосвященного в	1
принятию оплодотворения	1
заливаемых никогда	1
их очень	1
пойманную в	1
попадают в	1
лежат неподвижно	1
что лошки	1
подойдет человек	1
грузилом крючком	1
снет иногда	1
ничего проще	1
вершка в	1
на ужасную	1
мутна и	1
внутренними родниками	1
вода велика	1
сомынском пруде	1
на оставленное	1
как известно	1
же хотя	1
завелись караси	1
стоит иногда	1
известное предположение	1
крупные язи	1
мельником в	1
карпий с	1
в окружных	1
реках поросших	1
стороны и	1
отнесет длинные	1
теснятся вплоть	1
этот процесс	1
искусственными насекомыми	1
опускается не	1
маленький ручей	1
отцепить крючок	1
кружок [кружком	1
которому живет	1
полного роста	1
в похвалу	1
в описании	1
есть небольшая	1
которых иногда	1
другой и	1
уже никакой	1
везде надобны	1
должно употреблять	1
от движения	1
дна так	1
мудрено я	1
упорное ненастье	1
в старинных	1
насекомыми я	1
как крючок	1
двух с	1
разводиться гораздо	1
еще холодна	1
как счастливый	1
мне часто	1
травами а	1
погрузиться в	1
противоположную сторону	1
уже к	1
когда рыба	1
покажется непонятною	1
но вечером	1
болезни но	1
такую лесу	1
место то	1
порядка иногда	1
отцепила плотва	1
за удовольствие	1
следующем надобно	1
человека или	1
не сходят	1
ловили верст	1
поверхности один	1
случилось видеть	1
юрак-тау водились	1
другие удочки	1
к лесе	1
радостным трепетом	1
омуточки ямки	1
илом землею	1
редко замечал	1
с прикормкой	1
которые называются	1
каждому человеку	1
часто посреди	1
особенно окуни	1
икском провале	1
же опушенным	1
пищи все	1
то еще	1
просторно при	1
казак левко	1
забывает на	1
при некотором	1
течению а	1
побеги которого	1
кабан множество	1
часто не	1
что более	1
бывает неглубока	1
обстоятельствах мудрено	1
другие причины	1
крепко затянулась	1
говорить после	1
которым привязывается	1
внимание ибо	1
дождей и	1
в народных	1
есть проглотить	1
часов до	1
имеет болезни	1
небольшой удилище	1
теми же	1
омутистых реках	1
нужно для	1
нравах также	1
но кроме	1
насадить червячка	1
другой тоща	1
привязанное на	1
и везде	1
характера а	1
погружаться в	1
тем не	1
к звуку	1
несравненно сильнее	1
то выходит	1
значительно уменьшалась	1
мест незамерзших	1
похожи на	1
и вкус	1
икры выведется	1
станы то	1
раскидывают небольшими	1
но будет	1
года всего	1
птица всего	1
сонная стоит	1
длинный шест	1
в разное	1
сделать общее	1
заденешь за	1
икра а	1
навозным червяком	1
не выходит	1
всех сторон?	1
получить об	1
деревенские парни	1
крутой берег	1
исследовав течение	1
из своих	1
близ селений	1
хотя после	1
видал сам	1
бы вылетать	1
лоха в	1
речном иле	1
мгновенье лениво	1
селений имеющих	1
средству если	1
положении чтобы	1
по одному	1
мелким местам	1
желудках пойманных	1
яркости или	1
высокими душистыми	1
ярко-пестры но	1
росла лесная	1
устроить удочки	1
служит доказательством	1
раз крючком	1
же нет	1
глупую несвоевременную	1
к мешку	1
если сначала	1
день часов	1
дни производится	1
выуживали в	1
клюет рыба	1
и проточных	1
обыкновенно обвиняют	1
рыба дохнет	1
линию то	1
за какую-нибудь	1
которое одушевляло	1
ее молоками	1
останется и	1
резко да	1
всякая рыба	1
благоприятное для	1
более часа	1
таких ключей	1
время весенних	1
если наплавки	1
вода назначение	1
на маленькую	1
камышах а	1
о дальнейшем	1
стоящих гор	1
почти во	1
далеко на	1
последнее правило	1
непременно должна	1
прежним это	1
прорезях даже	1
прикормка очень	1
крючок небольшой	1
рыб мечут	1
речного залива	1
вверх покрывает	1
скатывается вниз	1
с мнением	1
и подсекать	1
как-то навозной	1
одно верно	1
нее много	1
времени впрочем	1
приметными и	1
слово рыбка	1
он и	1
редко и	1
время кроме	1
шестое без	1
рыб? то	1
выплывает она	1
ступайте на	1
рыбка моя	1
она длинна	1
обилия и	1
отдевать удочки	1
мною из	1
глубока и	1
тенью трав	1
полуторааршинной глубине	1
лета при	1
пятна но	1
двум палкам	1
ружьем к	1
рыб ловили	1
драгоценные часы	1
надобно подкрадываться	1
я несколько	1
третье весьма	1
стихия рыбы	1
не хищных	1
следует осторожно	1
вытащить рыбу	1
черные пятнышки	1
не самцы	1
вдруг услышал	1
от друга	1
следует погружение	1
мелькнувшая на	1
всплывает на	1
клюет одинаково	1
сажалку устроенную	1
беспрестанно сбиваемые	1
очарованные глаза	1
но согласиться	1
о процессе	1
пойдет вглубь	1
ними проруби	1
сомынский мор	1
сметливость и	1
рыбак добровольно	1
мелкою рыбешкой	1
вот в	1
правило состоит	1
все молодые	1
икру около	1
кабаке погрозил	1
они сами	1
рыбы мы	1
же лучше	1
и утащить	1
жадна а	1
соразмерна в	1
вечером о	1
таких обстоятельствах	1
что причина	1
могут дать	1
случае необходимо	1
некоторые рыбаки	1
для возвращения	1
увидит то	1
их изменяются	1
особенно крупная	1
при наступлении	1
прудков сквозь	1
гольцы и	1
озерке кажется	1
до беспамятства	1
ущерб месяца	1
часто смотрят	1
самой ни	1
этом положении	1
стараются прижаться	1
отдохнувшая потому	1
процессу.] когда	1
лодка для	1
льдом даже	1
быть довольно	1
всех ее	1
сомнения есть	1
частым и	1
вы уже	1
щурята мельник	1
как только	1
прудах проточных	1
берега низки	1
в ямках	1
было но	1
особенный характер	1
положении возьмет	1
верно рассказы	1
зеленые лопухи	1
скажу об	1
большая порука	1
их долговечности	1
обстоятельствах случается	1
но освежаются	1
нет другого	1
и вяла	1
что оттого	1
правда а	1
в движениях	1
свойственные только	1
лета в	1
под шумом	1
рыба менее	1
от примеси	1
другие ниже	1
ковер покрывающий	1
живут они	1
наконец до	1
несвоевременную насадку	1
без корма	1
в небольшой	1
осоки водяные	1
прежнее место	1
заблаговременно можно	1
мокрому следу	1
говорят они	1
лошок голец	1
породам собирается	1
можно сохранить	1
нетрудно наловить	1
удочки разной	1
бойкая беда	1
и чайки	1
наехало со	1
удилище очень	1
икру залетает	1
мною самим	1
бывает повальный	1
местах прикормленных	1
к небольшому	1
более лох	1
местечки поглубже	1
не водилось	1
высоко и	1
будет стоять	1
живого чувства	1
в икском	1
карасях я	1
случиться что	1
на тихих	1
нередко хотя	1
зато сама	1
разделяется по	1
только терпение	1
на каждых	1
червяка тихонько	1
для скорости	1
раз случалось	1
хлеба закинуть	1
поутру и	1
волосами неподвижно	1
должно брать	1
и солнечная	1
держат пойманную	1
и чистых	1
самца с	1
проникнет в	1
должен быть	1
становится летом	1
предложить дорогим	1
и глотая	1
у рыбаков	1
вся удочка	1
взяв ее	1
и способах	1
вода везде	1
вихрем с	1
иногда бывает	1
форель но	1
ни один	1
удочек всегда	1
уженья нужно	1
холодная вода	1
пошевеля его	1
сказал небольшие	1
что будто	1
это очевидно	1
их размножению	1
сдохлось зимою	1
случающихся от	1
самого последнего	1
подвержено сомнению	1
воде завелись	1
раскрытый мешок	1
бывают разные	1
места чтобы	1
кажется рыба	1
глубиною более	1
шести как	1
величины но	1
отцеплен рыбой	1
что пятна	1
огромных прудов	1
крючка отденет	1
имеют прорубей	1
свое прежнее	1
что вдруг	1
с дерев	1
говоря сколько	1
уженья раннее	1
имеет силу	1
погода стоит	1
наконец лещи	1
толстыми пнями	1
летом был	1
нередко в	1
удостоверился своими	1
и жуки	1
шла вверх	1
надобно проворно	1
и насадкою	1
имеет она	1
ключей или	1
особенную важность	1
даже привязывают	1
каких местах	1
то не	1
берег что	1
называемых прорезями	1
при совершенной	1
и самых	1
как зеркала	1
читатели что	1
особо но	1
назад или	1
весеннее водополье	1
порядочная рыба	1
на малой	1
очень высоко	1
разумеется что	1
я убежден	1
колени в	1
этого никак	1
тем надобно	1
покажется гораздо	1
мелкую икру	1
пруда какая	1
изливать молоки	1
от пересадки	1
[чтобы жало	1
уже займется	1
глубокая тишина	1
что вы	1
этих горах	1
долго не	1
оторвать и	1
в оренбургской	1
она как	1
надобно отбежать	1
и проницательность	1
кверху само	1
следовательно совершенно	1
кажется нам	1
стаями иногда	1
образом разводят	1
загнутый всегда	1
уменья надобно	1
удобное место	1
невелики без	1
и гниением	1
которую зацепилась	1
беспокойно и	1
или поднимется	1
прикормлена рыба	1
давно молодые	1
чем не	1
по причине	1
всякой причины	1
и толчков	1
себя еще	1
песком и	1
небольших родниковых	1
ни шеста	1
же в	1
которым возвышается	1
на мгновенье	1
рождения ежегодно	1
только уженье	1
густые камыши	1
проглотить насадку	1
что знаю	1
осень на	1
первый раз	1
значительною глубиною	1
лучший способ	1
дней.] при	1
но глубоко	1
медленно отплывают	1
играет и	1
свободу ходить	1
мог пожиранье	1
своих частях	1
их выудить	1
совершенная тишина	1
бывают нетолстые	1
прикормкой продолжаю	1
а здесь	1
сторону и	1
мелкие как	1
поймут меня	1
берег отцепила	1
опустите крючок	1
процессе уженья	1
хребтугом [хребтугом	1
жаркий день	1
закинуть в	1
значительно увеличено	1
пропускать время	1
будет мешать	1
удочкой на	1
наблюдение иногда	1
охотно берут	1
лопухи медленно	1
вкуснейшие и	1
движении наплавка	1
разлива в	1
очень похожи	1
теплые серые	1
в реку	1
какую-нибудь неровность	1
ее руками	1
начинаются холодными	1
лет пятьдесят	1
воды сквозь	1
есть отравители	1
предупреждаю моих	1
же породы	1
в омуточке	1
или серебряными	1
между тем	1
прибыли воды	1
ее была	1
удочки и	1
вдоль спинного	1
маленькую рыбку	1
икру способности	1
приходит в	1
был отцеплен	1
мор в	1
место несмотря	1
иначе вы	1
а рыбы	1
потехи с	1
плохо на	1
вниз или	1
надобность выкинуть	1
уже было	1
ее совсем	1
идет против	1
лежащих на	1
она одним	1
потом по	1
выкидали десятка	1
единственно от	1
скоро дрогнет	1
удилища в	1
лучше поддерживает	1
способную к	1
разнообразия этой	1
устроенные по-охотничьи	1
рыба преимущественно	1
снабжена она	1
фунтов но	1
эту икру	1
летние дни	1
вечерняя и	1
нужно ли	1
бывает жирна	1
шест вырезать	1
но сделать	1
отобрать по	1
мутной на	1
и снулая	1
особенно крутому	1
весенних разливов	1
верховье и	1
теперь испытывают	1
обыкновенного устройства	1
жабры если	1
удочек можно	1
старательно удочки	1
вечером тогда	1
замечал что	1
нередко торчащими	1
находит она	1
только можно	1
широко над	1
и причинах	1
долго снег	1
и камней	1
любопытных явлений	1
что оно	1
смотрят с	1
сначала около	1
рыбе свободу	1
свое несчастие	1
и наклонясь	1
лесе и	1
до его	1
лилии цвет	1
белые крапинки	1
разливах прудов	1
об уменье	1
прорубей будет	1
они проворно	1
страстно предавался	1
соседа-рыбака на	1
к осоке	1
человеческая тень	1
как-то под	1
но непременно	1
при одном	1
каждая рыбья	1
малой глубине	1
свиваться наплавок	1
кажется это	1
где очень	1
чтоб не	1
и послушать	1
линючего прохладная	1
залива проросшего	1
в берега	1
верно всегда	1
во всякое	1
бы ежегодно	1
что самую	1
в трубочку	1
делается мутнее	1
глубже на	1
и гадинами	1
первая хорошая	1
рыба я	1
может оказаться	1
а есть	1
времени года	1
лох по	1
самый лучший	1
и корни	1
отдеть после	1
другое на	1
то поймают	1
проросшие разными	1
наслаби левою	1
обсыхает и	1
водах неизвестных	1
счастливый игрок	1
невинное чувство	1
возможную тишину	1
ними первые	1
это живое	1
при внимательном	1
ей красные	1
сторон рыбы	1
хищных для	1
но легко	1
и должен	1
с полным	1
кошелем впрочем	1
спросить меня	1
воды чем	1
сходится итак	1
человеческого никогда	1
а из	1
друг на	1
чернота пойдет	1
потом вся	1
говорил в	1
через сутки	1
в подмосковном	1
например запутывалась	1
даже невыносимы	1
в знойное	1
таском если	1
долго водить	1
закинуть три	1
хищным оно	1
с тою	1
рыбу к	1
от старого	1
дают возможность	1
кукольванец ибо	1
вы опустите	1
мною но	1
воде действует	1
поворотом погружается	1
наплавки под	1
слитии полой	1
до крови	1
вершинах реки	1
данных очень	1
под траву	1
их благополучно	1
кольца можно	1
удочки закидываются	1
все то	1
не утаскивая	1
чем наслаждение	1
глубокие из	1
всплыв наверх	1
была поймана	1
в вершинах	1
то подведя	1
травы где	1
протекает ручеек	1
предоставляет рыбе	1
нее не	1
означением на	1
бы получаться	1
оправданье охотников	1
в полдни	1
речке как	1
по отмели	1
продолжается до	1
могли бы	1
если уколется	1
иногда вслед	1
пруду или	1
для других	1
двумя узкими	1
даже иногда	1
не столько	1
знаю почему	1
рыба тащит	1
и мутнее	1
которых они	1
пьяный солдат	1
караси когда	1
брала хорошая	1
должно подтаскивать	1
несомненные опыты	1
плавать в	1
что икру	1
охотникам и	1
и видных	1
рыбы в	1
крючку вот	1
водою древесному	1
таинство уженья	1
и внезапный	1
отчего разумеется	1
правою взять	1
итак главнейшее	1
удачу одного	1
на один	1
когда небо	1
числом рыбы	1
другой сухопутно	1
чистою и	1
значение летом	1
дай бог	1
до невероятности	1
никогда ее	1
самых речек	1
способах удить	1
гиби происходившей	1
одним только	1
зоба не	1
как замирало	1
а может	1
подсечки которая	1
уженье как	1
вверх прочь	1
выступят из	1
с ружьем	1
любимой охоте	1
и чистые	1
немедленно он	1
хлеб лучше	1
добычу и	1
рыба бросается	1
глубже мелкой	1
воздухе поверхность	1
ударами дубинки	1
настоящим образом	1
смирно стоять	1
оно встретится	1
ловили всячески	1
весной мало	1
разобрать всю	1
слыхал всегда	1
своего плаванья	1
положить не	1
наоборот рыба	1
видел лоха	1
без всякой	1
щуки большого	1
роста и	1
двумя крючками	1
догадка вы	1
в желудках	1
уженья дни	1
следует взглянуть	1
не охотникам	1
неоплодотворенною она	1
запруженной породы	1
чаще кукольванец	1
помост или	1
рыбка как	1
и обыкновенного	1
очень большая	1
позволяет место	1
гривою камыша	1
таких мест	1
с громкими	1
и водящимися	1
главное потому	1
способность к	1
весьма еще	1
после своего	1
вдруг крутым	1
сейчас заденешь	1
водиться рыба	1
ее часто	1
пород не	1
общую уверенность	1
что существует	1
стороны крючка	1
при одних	1
на реках	1
завертывается и	1
теперь поговорим	1
стороны рассыплются	1
местах куда	1
весьма легко	1
в чем	1
не толстая	1
навита коротенькая	1
наступит пора	1
мелки будет	1
черные и	1
случай убедиться	1
трав туда	1
насаживая на	1
задев крючьями	1
рыбака рыба	1
самки начинают	1
в пищу	1
самки и	1
внутренности рыб	1
хаты свою	1
минуту порвется	1
в глубине	1
знание опытное	1
сердце мое	1
и лоха	1
или выпустит	1
которых водятся	1
верст пониже	1
на длинном	1
рогульки которые	1
за корягу	1
ловить себя	1
почти каждый	1
крут то	1
раковая теперь	1
на одну	1
месту надобно	1
даже пузаста	1
выдерживает тяжесть	1
вода гораздо	1
рыб рыба	1
имея с	1
их яркости	1
затканный травами	1
один против	1
ежегодно в	1
с временами	1
с числом	1
ранке я	1
его сачка	1
рыбу под	1
в известное	1
разными травами	1
лакомою насадкой	1
тащить заклевавшую	1
важно уметь	1
сок птичьего	1
себя или	1
других устроенную	1
весьма полезно	1
гор очень	1
печеным хлебом	1
рыба обыкновенно	1
или пруд	1
точно таким	1
вычищен ранее	1
ее превосходящих	1
пятнадцатое никогда	1
теряют обраставшие	1
какая нега	1
упора натягиваемой	1
нахаживал более	1
пропускает удобное	1
клюет жаднее	1
и деревья	1
сказать продолжением	1
оплодотворенную икру	1
несчастной потери	1
которые неминуемо	1
сильна чтобы	1
хрящеватое каменистое	1
и надобно	1
холодного времени	1
вообще крупная	1
взять крупная	1
может взять	1
пору узнает	1
насадке бесконечно	1
летом как	1
времени показывается	1
что другие	1
на одном	1
вытаскивании большой	1
и уменье	1
что рассказами	1
добычею домой	1
что леса	1
были небольшие	1
тем вместе	1
поверить стоя	1
рыбы вода	1
которою плотва	1
которых дохнет	1
задают лошадям	1
пищу предоставляет	1
узнает всякий	1
количеству отравы	1
бобровой струи	1
в камыши	1
даже из	1
коряг или	1
чрезвычайно нужно	1
пища полезны	1
реке только	1
тут-то надобно	1
ее поверхность	1
рыба вас	1
возможность освежить	1
нельзя было	1
этих отвратительных	1
возвышается уже	1
весной рыба	1
в степных	1
щечную кость	1
появления щуки	1
нужна чистая	1
пойманных рыб	1
рыб питаются	1
водяные черви	1
крепкий шнурок	1
сделается мутна	1
как дворовая	1
у себя	1
фунтов и	1
а терпеливо	1
составляет уменье	1
рединки частым	1
время благоприятное	1
наплавка если	1
не до	1
удовлетворяет рыба	1
вдруг не	1
хищными врагами	1
растет ни	1
озеро кабан	1
безуспешным в	1
бывает что	1
и верховья	1
снова расстилаются	1
особенной пользы	1
течением времени	1
ключей но	1
десятка два	1
брюшком начнет	1
что содержание	1
воду на	1
нему рыбу	1
заметить не	1
такие выражения	1
летнего полдневного	1
воды падая	1
каждого читателя	1
и увидел	1
делается для	1
весной и	1
замечаний о	1
не узнаете	1
в беспамятстве	1
отбежать назад	1
по речке	1
оно ничем	1
водятся большие	1
далеком закидывании	1
лох и	1
искусство удить	1
в лодке	1
очень бережно	1
охотники которые	1
для крупной	1
вырвать траву	1
юге россии	1
берегов даже	1
рыбу там	1
поймать обломанный	1
ловить рыбу	1
реки молодого	1
б она	1
не пропуская	1
круглые зеленые	1
стоять неподвижно	1
она играет	1
одна порода	1
ни забота	1
отвесного вниз	1
спрятаны в	1
напечатано в	1
недаром снабдила	1
палкам но	1
рыбу как	1
удилища и	1
погружение наплавка	1
не то	1
то легонько	1
неминуемо должны	1
все времена	1
поросшей травою	1
и пузыри	1
на третье	1
убедился в	1
желаешь развесть	1
бы что	1
вятелями ставя	1
рыба брала	1
это гибельное	1
росту а	1
но только	1
тех пор	1
и др	1
и слишком	1
надобно тишины	1
разольются по	1
бокалдинах если	1
случилось в	1
свою.] все	1
где же	1
пруды делаются	1
стремления к	1
форель в	1
поверхность чтоб	1
то можно	1
многими плавательными	1
лодку к	1
странную фигуру	1
захватываются и	1
такая уверенность	1
ясную глубь	1
же или	1
где недавно	1
этих последних	1
одинаковом числе	1
забьет ваши	1
звуку она	1
бы кто-нибудь	1
не водиться	1
берегах своих	1
снулая как	1
доказывает что	1
и прихотлива	1
настоящую рыбью	1
опустится ниже	1
точно то	1
она особенно	1
вниз каскада	1
даже холодную	1
полезно рыба	1
самом появлении	1
высокую траву	1
на всех	1
же пруду	1
о деревянный	1
если течение	1
заключением нельзя	1
одурелую ловили	1
нее еще	1
несколько рядов	1
даже сильный	1
примеси вредных	1
четвертое охотник	1
мостами плотами	1
и придерживая	1
величины каждая	1
рыбе заклевать	1
вырвать и	1
относительно их	1
есть корм	1
же это	1
когда самец	1
прыгает снизу	1
черными пятнами	1
губернии в	1
надлежащем расстоянии	1
пробовал пробы	1
пруде когда	1
не вполне	1
этой подводной	1
травы в	1
есть время	1
из пород	1
клев и	1
тине или	1
где они	1
солнечная то	1
он зацепил	1
следуя которому	1
кусок насущного	1
виденных таких	1
и шлепаются	1
днем и	1
много уживал	1
как наплавки	1
увеличено сообщение	1
на ту	1
радужными полосами	1
а карпии	1
что никакого	1
а вороны	1
что хотя	1
свои попытки	1
от провала?	1
реке большая	1
натуральный вид	1
независимо от	1
которое отражаясь	1
и разжиманья	1
уженья выбираются	1
обыкновенно по	1
рыбу из-под	1
с холодным	1
последовательность и	1
отрав кратковременно	1
дергал удочку	1
крючка а	1
нередко бросает	1
выдерживают такую	1
что пробившись	1
глубоко и	1
который весеннею	1
сейчас выбросит	1
гадинами это	1
речках по	1
траву и	1
в дождливую	1
наглухо а	1
в самые	1
добровольно лишит	1
это делает	1
прекрасную погоду	1
раз я	1
с чистою	1
обременяющую их	1
и крупным	1
лошадям овес.]	1
должна существовать	1
должно бы	1
наблюдать очень	1
и можно	1
мне рассказывали	1
еще с	1
больше боится	1
и прыгающей	1
очевидно на	1
сон и	1
очень полезны	1
был пойман	1
любопытную сторону	1
удить но	1
конец завязывается	1
много опытности	1
особенно форель	1
должна бы	1
проглотив где-нибудь	1
речке и	1
первые выпускают	1
почти круглый	1
можно легонько	1
ходят на	1
дать ей	1
главнейшее правило	1
напечатанной в	1
в небольших	1
небольшие омуточки	1
или отцепить	1
от места	1
бросается в	1
табаку не	1
их делать	1
и цветами	1
рыба боится	1
схватил его	1
рыбью самку	1
насажена искусно	1
нельзя ручаться	1
назначение плавать	1
потом на	1
на дурном	1
вызывая из	1
всякого внезапного	1
можно ее	1
удочек за	1
саками когда	1
икра растет	1
и услышав	1
фунт или	1
иногда всплывает	1
особенно вечером	1
молоками посадить	1
прижаться или	1
разжиманья этого	1
икра во	1
никак ее	1
этому надобно	1
где форель	1
самым способом	1
то потеряете	1
отвадить рыбу	1
тащить напротив	1
находившаяся только	1
и он	1
разных водах	1
правды если	1
только образом	1
обвиняют свое	1
не знаем	1
длинная струя	1
то по	1
сама натаскивает	1
спасение если	1
чешуей своей	1
его и	1
и густой	1
известных охотнику	1
при далеком	1
дождь спрыснул	1
плотва питается	1
лишится разнообразия	1
зерна в	1
что некоторые	1
часть рек	1
таким изумительным	1
два и	1
зубов? хотя	1
из одной	1
охотники обыкновенно	1
все усилия	1
камней некоторые	1
образованного человека	1
одном озерке	1
следят другие	1
как навивать	1
в то	1
отравы производятся	1
не заливаемых	1
рыбаку охотнику-артисту	1
тени и	1
зеленый как	1
согласиться безусловно	1
на берегу	1
видеть как	1
рыбаки держат	1
самые главные	1
самцы особенно	1
тихонько к	1
это сдыханье	1
нередко убиваясь	1
в разных	1
шлепаются об	1
рыбаки уверяли	1
они происходят	1
не каждый	1
истертый в	1
десяти прикормленных	1
убедиться что	1
водятся и	1
и непроточных	1
рыб едят	1
пойдет на	1
гибнет и	1
смирно с	1
существует большое	1
водящимися около	1
ее ловили	1
подальше и	1
рыбы этим	1
недоткой в	1
прямо гладко	1
водится водяных	1
эти люди	1
и ничем	1
сверху нетрудно	1
удить ранее	1
по всему	1
неподвижно удилища	1
пешеход-крестьянин спешивший	1
теплее и	1
которые впрочем	1
там можете	1
весьма неудовлетворительно	1
наблюдать любопытную	1
окружающими ее	1
рыбами я	1
отгадать местопребывание	1
об что-нибудь	1
разные мнения	1
карасями самые	1
вышесказанными породами	1
пищу только	1
хворать терять	1
прильнувшего к	1
земляным илом	1
начинается их	1
истории в	1
с течением	1
только потому	1
таком положении	1
насадка свежая	1
прудовых затворов	1
цвет лопухов	1
повторяю что	1
насадки что	1
только порядок	1
широколистных что	1
крутому в	1
ней какие	1
можно довольно	1
и большие	1
на эти	1
других насекомых.]	1
изредка но	1
и вот	1
хотя трудно	1
снули я	1
то никак	1
полосами иногда	1
взглянуть вообще	1
там хорошему	1
солнце хорошенько	1
пожиранье же	1
ней для	1
всякому рыбаку	1
вырезными листьями	1
и портят	1
когда наступит	1
зайдя слишком	1
мы занимаемся	1
мешку завернувши	1
особенно о	1
будет уже	1
этим можно	1
два вершка	1
для приобретения	1
и льгота	1
потяжка наплавка	1
самцы теснятся	1
дальнейшие подробности	1
люди то	1
и скрывается	1
случай нередко	1
насадкою если	1
жабры и	1
и любимейшие	1
остатка скатывалась	1
имеет тонкий	1
желании рассмотреть	1
неудачны уженье	1
водою поднимался	1
старых опытных	1
даже одной	1
воде обыкновенными	1
удочки никак	1
дна шестое	1
холоднее и	1
сначала месяца	1
выметанной в	1
в пруду	1
всегда сделает	1
чище а	1
слишком низко	1
надобно тащить	1
случае рыбу	1
некотором наклонении	1
решеток то	1
невозможно как	1
продолжался дней	1
со всеми	1
же икры	1
насаженные лежат	1
даже думаю	1
реке нравы	1
что нам	1
жидкости со	1
испарения и	1
мелкой итак	1
слышу что	1
выметать икру	1
сказанных выше	1
здоровье рыбы	1
две неравные	1
прудах озерах	1
одно средство	1
порошок табак	1
кратковременно и	1
невредимы я	1
назначенном для	1
выуженная казалась	1
поименованных пород	1
рыба зимою	1
белую ручку	1
встретится какое-нибудь	1
наплавка и	1
когда надобно	1
сами его	1
плавает везде	1
боится приближения	1
зеркала все	1
на открытом	1
цветности единственно	1
через год	1
своей любимой	1
и зеленым	1
тонком конце	1
и тащит	1
водилось выкидывает	1
уженье окуней	1
истребительницы утки	1
вверх беспрестанно	1
на значительной	1
в камышах	1
и водиться	1
точно спит	1
около трав	1
рыболовных снастей	1
подгибаются под	1
боя [процесс	1
прикормленных несмотря	1
на дворе	1
язи [я	1
ерши язи	1
счастья и	1
на глупую	1
пропадает их	1
движенья рыб	1
во время	1
хуже если	1
до характера	1
нескольку месяцев	1
вдруг видишь	1
особенно лох	1
сядет на	1
уженье зависящих	1
породах крупных	1
в возражении	1
сказать особо	1
слишком резко	1
но значительной	1
в изобилии	1
сомнению что	1
закидывании удочек	1
по колени	1
наконец о	1
смеетесь вы	1
превосходный клев	1
высоких и	1
кажется ничего	1
наслаждение рыбака	1
обходиться почти	1
водяными насекомыми	1
небольшие щурята	1
иногда совсем	1
спит в	1
вдруг выводить	1
под коряги	1
брать и	1
берег как	1
кусок хлеба	1
ежегодно может	1
названных наблюдать	1
дворов и	1
пятнышки здешние	1
вертеться крючок	1
или квасною	1
и кустами	1
сообщений в	1
менее составляет	1
неподвижно устремившего	1
рыба испуганная	1
концы удилищ	1
красуля за	1
против другого	1
с девяти	1
плотвою не	1
водяные ящерицы	1
этому процессу.]	1
воде двенадцатое	1
выгодно для	1
нахаживал ее	1
болезни которые	1
вонзиться глубже	1
плотно сядет	1
убеждены что	1
кажется этих	1
удочки шестом	1
тепла какая	1
время когда	1
та изменяется	1
скоро жало	1
эти нетерпеливые	1
ловлею на	1
или она	1
себе плодовитость	1
летом в	1
расстоянии заблаговременно	1
прямо из	1
вода то	1
тинистое я	1
даже некоторых	1
если нет	1
к двум	1
пересаженные в	1
два самца	1
невозможно ибо	1
что делается	1
над синим	1
нероты выметываемая	1
и употребляли	1
песчаных на	1
половиною фунтов	1
и потянув	1
осеннему льду	1
клочьев шерсти	1
иначе мудрено	1
сквозь щечную	1
сдыхается под	1
некрупным это	1
корма например	1
со скотных	1
неумолкаемый шум	1
как мак	1
действует даже	1
не дает	1
не значило	1
теплее берега	1
великорусского крестьянина	1
или другое	1
на неудачу	1
ненастье то	1
я говорил	1
сомнения всего	1
в каком	1
которые мечут	1
той самой	1
которые знает	1
у мелкой	1
рыба умирает	1
часто в	1
иногда хватит	1
начнут прибывать	1
особенно взяв	1
меня что	1
ясные знойные	1
и количеству	1
кусочки бобровой	1
в молодости	1
покрыто чем-то	1
в нору	1
посидев долго	1
зеленый ковер	1
удобное время	1
шевелясь стоит	1
метать или	1
та же	1
уже это	1
нам по	1
особый клев	1
и соображение	1
крутыми берегами	1
бросается на	1
беспрестанно повторяют	1
движениями наплавка	1
я имел	1
середине лета	1
озеру камышистому	1
тогда и	1
сольются с	1
отвечал бы	1
и все	1
осторожностью малейший	1
гуляет вольная	1
погружается в	1
на распаренные	1
около последних	1
по две	1
нижнего конца	1
или ближе	1
явлений самое	1
поможет и	1
поудить на	1
привыкает но	1
тем оправленные	1
и усталость	1
такого порядка	1
крупных но	1
опытное собственное	1
юноши как	1
счастливую насаживая	1
молодости когда	1
высоко в	1
их мелкозернистая	1
счастливый рыбак	1
стихий с	1
холодных и	1
по себе	1
и смелее	1
трудно потому	1
речек в	1
от холодной	1
бреднем по	1
вас то	1
книжке отечественных	1
конец его	1
повальный и	1
разведению известных	1
доказательством всем	1
хотя я	1
брать хотя	1
кто знает	1
полной природной	1
истории я	1
льдом для	1
корни торчащие	1
с половиною	1
дойдя до	1
сон помню	1
глубиною особенно	1
и дай	1
суток эти	1
далеко в	1
я всегда	1
причинах неудачи	1
туловища были	1
жить такие-то	1
сверкающую то	1
этого что	1
вытекали икра	1
впрочем редко	1
малого не	1
и перетянутый	1
кожи то	1
вода действует	1
удить только	1
проигрыше так	1
также поднимается	1
судаки и	1
воде даже	1
прорубей то	1
стеснялось дыханье	1
в густые	1
недостало бы	1
рыбу которую	1
самое место	1
лесу на	1
собирается стаями	1
на грубо	1
древесные корни	1
лесу правою	1
сначала кровяные	1
самую питательную	1
всю поверхность	1
дожидаться когда	1
залетает потом	1
остается оторвать	1
даже по	1
верил но	1
рыба которая	1
жизнь и	1
щук и	1
спершиеся водяные	1
я и	1
жаркая и	1
задевшую грузилом	1
выпутаться самой	1
но делать	1
звуком можно	1
пера рассекая	1
ручку свою	1
нет изучить	1
вы постоянно	1
самым метаньем	1
и пищи	1
нежно но	1
расширяясь не	1
условия при	1
терпение наплавок	1
и холодною	1
дерганья то	1
промах это	1
свободнее вытекали	1
чего снабжена	1
сделаете промах	1
шерсти или	1
уменья нередко	1
его как	1
поймы не	1
удить не	1
рыба от	1
водятся караси	1
в проигрыше	1
реки начнут	1
отравы кукольванцем	1
должно вытаскивать	1
глаза человеческого	1
все без	1
мельник сказал	1
бросят таким	1
крошечных зеленых	1
дав крючку	1
выволок большого	1
встречал такого	1
хищными головли	1
я подошел	1
что всего	1
рыбу то	1
протоками вот	1
карасей но	1
месяцы ходит	1
мельница при	1
которого постепенно	1
только одни	1
время кажется	1
переносит их	1
завидя лакомую	1
молодого рыбака	1
в самой	1
более десятка	1
редко питающихся	1
птичьего желудка	1
изменяясь в	1
удочек если	1
почти все	1
люди часто	1
торчащие в	1
года хотя	1
то золотой	1
повести гоголя	1
беспрестанно брала	1
бывает непостижимо	1
за пятнадцать	1
опасения в	1
или наоборот	1
наблюдать возможную	1
руками тогда	1
с большею	1
самых грязных	1
покрывающихся сплошным	1
хотя все	1
сейчас удилище	1
на кольцах	1
найдете даже	1
в материк	1
многие успевают	1
пищу без	1
нагружали ею	1
деревянных сажалках	1
заключить что	1
внутренности своей	1
умею поневоле	1
сохранения здоровья	1
целые воза.]	1
могу с	1
лошок в	1
ими кушанья	1
случалось мне	1
спорить что	1
наплавок точно	1
они не	1
менее осторожности	1
величине они	1
и другие	1
цветами тень	1
утра вся	1
достает при	1
подсечки восьмое	1
всегда появляются	1
потом привыкала	1
древесному пню	1
вся рыба	1
и подниматься	1
свое определенное	1
спрятавшись за	1
об ее	1
вывесть из	1
насаживать начнут	1
следу где	1
торчат корни	1
человеческого следовательно	1
этом случае	1
даром должно	1
секунду иногда	1
очень плохо	1
для глаза	1
мельничных колес	1
корни их	1
слизью плавающие	1
время выводится	1
можно сказать	1
надобно не	1
берегами и	1
заря наилучшее	1
вероятно вырастающие	1
нечего бояться	1
важнейшее дело	1
и до	1
итак для	1
очень глубоко	1
насущного хлеба	1
на которых	1
или рака	1
не скоро	1
другим породам	1
может этого	1
но может	1
чрезвычайно изобильна	1
ее сухопутно	1
одного в	1
и времени	1
шесть икряных	1
погружается вниз	1
свое время	1
как они	1
лох бывает	1
всякой случайной	1
трав расстилающихся	1
приподниматься кверху	1
случалось смирно	1
изменения свойств	1
отравы рыба	1
нельзя сказать	1
рыб преимущественно	1
крючок воткнувшийся	1
любуясь на	1
когда подойдет	1
оплодотворяющую жидкость	1
производила бы	1
и пропадает	1
этих нехитрых	1
наступления холодного	1
обнаруживаются черными	1
вверх дальнейшие	1
слышно по	1
которые берут	1
каждая порода	1
что если	1
удочке рыбы	1
кусают и	1
рассмотрел что	1
весу то	1
самые ближайшие	1
заклевывает вернее	1
воде под	1
мы очень	1
ни труд	1
не худо	1
обрывок червяка	1
воде рыба	1
испорченную насадку	1
объяснить появление	1
весенний луг	1
руками тут	1
ушли корни	1
другого но	1
многих даже	1
общих замечаний	1
делается пьяною	1
узкими боками	1
жарче становится	1
с крупной	1
почти снулою	1
развесть у	1
беловатыми по	1
что под	1
две с	1
окажется уже	1
дождями и	1
одном месте	1
знает народ	1
заросший высокими	1
прорезями потому	1
оставя другие	1
средство заставить	1
наоборот скатится	1
увеличено рыба	1
и выкинуть	1
иметь и	1
что мы	1
или как	1
прорубей это	1
рыбаки так	1
что птица	1
подвесть рыбу	1
его своею	1
то рыба	1
бесконечно разнообразен	1
бесполезными сажали	1
полегоньку подвесть	1
ловя червячков	1
потомки и	1
рыба переставала	1
множеству подводных	1
и лишнее	1
самое трудное	1
части случится	1
деревья а	1
делается не	1
подъезжая к	1
кажется на	1
игроки иначе	1
воды волнуется	1
проросшего травами	1
повторяю вкратце	1
и предпочтительно	1
но положим	1
выпустит рак	1
огородку или	1
жить ее	1
сохранить это	1
и лох	1
рыб многие	1
после подсечки	1
прибывать и	1
местная находившаяся	1
удить первое	1
иногда дело	1
хватают ее	1
у рыбы	1
на реке	1
головы рыбьей	1
нельзя и	1
и зерна	1
изящна такая	1
по тому	1
подсечь если	1
вниз сначала	1
потеря о	1
иногда не	1
помете и	1
крестьяне употребляют	1
некоторых охотников	1
и пескарь	1
впоследствии при	1
им место	1
и долго	1
холод рыба	1
непреодолимость такого	1
берегу а	1
удить бросят	1
свойств воды	1
ни кольца	1
часто обнаруживаются	1
я два	1
можно прочь	1
толста даже	1
относятся уже	1
подмосковном селе	1
них достигнув	1
удочек ожидая	1
крепких местах	1
далее поступать	1
причин совершенно	1
мало я	1
ослабить лесу	1
прибрежной травы	1
с частым	1
поднималась вверх	1
и ими	1
на крупную	1
первые побеги	1
подкрадываться из-за	1
горсти по	1
утаскивая наплавка	1
пробы были	1
давнишний сладкий	1
своего рода	1
светлое везде	1
или бить	1
