что он	20
как бы	18
и не	15
может быть	13
с ним	13
он не	13
и в	12
и с	11
у него	11
что ты	10
всё это	10
что же	10
тотчас же	9
в этом	9
да и	9
князь не	8
что и	8
но он	8
так что	8
об этом	8
когда он	8
только что	8
в павловск	8
и до	8
крайней мере	7
в самом	7
и что	7
он стоял	7
в москве	7
потому что	7
до того	7
что не	7
что это	7
он был	7
как будто	7
он вдруг	7
он с	7
по крайней	7
однако же	6
в том	6
ко мне	6
за ним	6
от тебя	6
что князь	6
что в	6
том что	6
бы не	6
ведь он	6
бы и	6
то что	6
к нему	6
должно быть	6
не хотел	6
же он	6
ведь не	6
то есть	6
так и	6
не так	5
самом деле	5
не было	5
в этот	5
для него	5
у тебя	5
на него	5
кругом себя	5
а не	5
во всем	5
в его	5
в воду	5
этот момент	5
даже и	5
он знал	5
не более	5
не мог	5
быть и	5
и даже	5
в первый	5
ли он	5
что у	5
не будет	5
не то	5
у меня	5
со мной	5
и вдруг	5
он и	5
и как	5
в ту	5
несколько раз	5
первый раз	5
в ней	5
да что	5
в то	5
эту картину	5
три дня	4
так как	4
вдруг князь	4
в весах	4
это ты	4
он сам	4
лизавета прокофьевна	4
на террасе	4
с улицы	4
точно так	4
эта лавка	4
в шестьдесят	4
а впрочем	4
князя и	4
шестьдесят копеек	4
бы что-то	4
и пошел	4
от него	4
до сих	4
за тем	4
но что	4
и впрямь	4
и когда	4
с тобой	4
был в	4
к тому	4
на цыпочках	4
вслед за	4
всё еще	4
несмотря на	4
идет за	4
сих пор	4
про то	4
в эти	4
его за	4
в бога	4
теперь и	4
этого человека	4
раз в	4
заметил что	4
на эту	4
как же	4
на дачу	4
как ты	4
же она	4
ему в	4
те самые	4
уже давно	3
он идет	3
уж и	3
в воксале	3
он всё	3
под нож	3
уже в	3
про себя	3
не могу	3
рогожин давеча	3
князь с	3
с тем	3
этот день	3
уж конечно	3
в эту	3
я в	3
а вот	3
совсем не	3
не про	3
на свое	3
мы с	3
не пускать	3
железной дороги	3
всё время	3
вот эта	3
разве он	3
воду или	3
а что	3
лебедев и	3
от своего	3
стоял как	3
и почти	3
в гостиницу	3
и совсем	3
что я	3
что лебедев	3
она от	3
сиятельнейший князь	3
разве я	3
он в	3
этот человек	3
весь этот	3
он вспомнил	3
за тебя	3
то и	3
хоть и	3
но только	3
не с	3
самое время	3
за собой	3
к себе	3
о нем	3
стало быть	3
к вечеру	3
я не	3
о том	3
ни под	3
разве не	3
из воксала	3
чего-то кругом	3
эти три	3
ты и	3
сказал князь	3
на себя	3
на другой	3
того что	3
а в	3
под какие	3
сказал давеча	3
почти не	3
хоть бы	3
ничего не	3
уж это	3
это мне	3
это это	3
что она	3
то же	3
я как	3
внезапная идея	3
него и	3
и вот	3
ему всё	3
душа потемки	3
на лестницу	3
и прежде	3
он наконец	3
третий день	3
же и	3
как он	3
с вами	3
для меня	3
на нее	3
вот это	3
и этот	3
теперь на	3
он увидел	3
да он	3
ты вот	3
или нет?	3
в себе	3
те же	3
себя на	3
за меня	3
его душу	3
я ее	3
что тут	3
ты так	3
лев николаевич	3
вместе с	3
все эти	3
на месте	3
князь в	3
пред ним	3
есть в	3
сердце его	3
и во	3
же в	3
ясно и	3
ни слова	3
с первого	3
или не	3
в петербург	3
повернулся и	3
и он	3
что если	3
от нее	3
со всеми	3
я хотел	3
всю его	3
с самого	3
к князю	3
я и	3
чтобы не	3
из рук	3
не за	3
или под	3
и говорила	3
что-то такое	2
в одну	2
будто бы	2
и какой	2
тут же	2
доме с	2
да это	2
когда у	2
он совсем	2
на то	2
и вышел	2
сами вы	2
воксал и	2
я люблю	2
над дверью	2
это был	2
по ступенькам	2
и три	2
под конец	2
уже совершенно	2
он опять	2
в три	2
к рогожину	2
и сказать	2
раз от	2
на меня	2
к свету	2
на мгновение	2
поразило что	2
семи часов	2
пускать или	2
совсем совсем	2
на третий	2
в высшей	2
что так	2
и идет	2
этого дома	2
насчет веры	2
русскую историю	2
в этих	2
и может	2
не знал	2
же ей	2
и неотразимое	2
во всё	2
рассеянность и	2
до самой	2
шел почти	2
вечно будут	2
потому и	2
очень тяжело	2
наконец рогожин	2
что рогожин	2
первой забежной	2
одно время	2
он задумался	2
глядя на	2
сказать ему	2
хотел я	2
не об	2
чего же	2
жизни в	2
с места	2
нет это	2
прямо в	2
летнем саду	2
он заметил	2
на прошлой	2
а от	2
каждый раз	2
не выдержал	2
и без	2
когда она	2
припадок и	2
вот он	2
лицо его	2
и эта	2
известно что	2
его он	2
и пристально	2
картину и	2
первого взгляда	2
с необыкновенным	2
во всех	2
всяком случае	2
здесь не	2
с нетерпением	2
ему не	2
со зла	2
даже в	2
себя клевещет	2
чрез припадок	2
не понимает	2
не верует	2
у самого	2
ее к	2
дороги когда	2
он же	2
лицо и	2
неотразимое желание	2
это лицо	2
петербургскую сторону	2
ему что	2
он мог	2
мне что	2
в каком-то	2
поймать себя	2
так она	2
этом он	2
себя он	2
что все	2
его в	2
у двери	2
вот мой	2
что именно	2
еще не	2
не замечал	2
заказанный инструмент	2
и ему	2
давеча на	2
рогожина и	2
даже лучше	2
стал бы	2
в весьма	2
оленьим черенком	2
еще недавно	2
он так	2
а на	2
поглядел на	2
вдруг бросил	2
его сам	2
прошлой неделе	2
в рогожине	2
что ведь	2
же самое	2
в городе	2
стояли друг	2
лебедев я	2
всем кого	2
с ребенком	2
и есть	2
и то	2
на которую	2
что с	2
себе в	2
всю эту	2
верно говорю	2
руку и	2
отчего же	2
в нем	2
затем еще	2
про себя.<неи	2
меня голова	2
и о	2
всё и	2
самого входа	2
то чтоб	2
и после	2
надо было	2
об одном	2
князя он	2
мне и	2
а если	2
это бы	2
это ведь	2
на рогожина.<неи	2
бы с	2
вдруг как	2
нет не	2
давешние глаза	2
что за	2
его сердце	2
назад к	2
могла бы	2
с оленьим	2
так давно	2
и стал	2
отчаяние и	2
есть что	2
в уме	2
не слишком	2
что-то не	2
в лицо	2
порывисто двинулся	2
и уж	2
чтобы только	2
сказать себе	2
так я	2
выбежал из	2
под впечатлением	2
давеча сказал	2
с рогожиным	2
два раза	2
бы ты	2
ли что	2
рисунку заказанный	2
что со	2
кроме тебя	2
было не	2
раз ласково	2
с особенною	2
бога не	2
и однако	2
вынул у	2
он шел	2
разве уж	2
улицы в	2
с обеих	2
и был	2
мере на	2
русская душа	2
застанет ее	2
на всю	2
и кроме	2
будто не	2
эта секунда	2
глаза рогожина	2
мог бы	2
что они	2
знал что	2
этот дом	2
это мгновение	2
если бы	2
его обнять	2
на них	2
деревьев в	2
а почему	2
смотрел на	2
если же	2
что любит	2
улицы и	2
давеча рогожин	2
эту минуту	2
с тех	2
я хоть	2
между прочим	2
сказал что	2
она уж	2
теперь то	2
без сомнения	2
была одна	2
тут что-то	2
может и	2
меня в	2
несколько времени	2
говорил он	2
в лихорадке	2
вот уже	2
да за	2
и несколько	2
то по	2
его внезапная	2
и потел	2
и сам	2
было что	2
он уж	2
чего я	2
гм рогожин	2
в чем?	2
уж так	2
двери и	2
же хотел	2
объявил что	2
за два	2
заметил в	2
двухсот персон	2
же время	2
каждый день	2
никогда не	2
на что	2
этом доме	2
обеих сторон	2
нет этого	2
было очень	2
вдруг оцепенили	2
и говорили	2
сомнений не	2
все здесь	2
вовсе не	2
дошел наконец	2
понимает что	2
том же	2
тому дому	2
он на	2
опять рогожин	2
и только	2
тогда он	2
говорила ты	2
слушай парфен	2
из груди	2
а другой	2
около семи	2
было уже	2
их так	2
любит а	2
момент как	2
это были	2
она и	2
всё припоминался	2
же самые	2
всей жизни	2
продолжал князь	2
всё что	2
тем что	2
не померещилось	2
вот точно	2
в петербурге	2
князь вышел	2
не останавливаясь	2
четырем часам	2
о чем	2
не глядеть	2
когда князь	2
в летнем	2
самом начале	2
он говорит	2
же были	2
почти в	2
при первом	2
здоровом состоянии	2
и повернул	2
ему самому	2
опять остановился.<неи	2
как нарочно	2
а за	2
сказал он	2
это лучше	2
подходил к	2
вы что-то	2
даже с	2
еще как	2
до самого	2
если он	2
сам же	2
и давешний	2
сознательно в	2
пор не	2
и никак	2
да неужто	2
не понравились	2
один шаг	2
с половым	2
и теперь	2
со стыдом	2
с ними	2
с виду	2
тоже в	2
впрочем что	2
говорит что	2
вышел и	2
в окне	2
за тебя?	2
хе да	2
этой минуты	2
когда вдруг	2
и что-то	2
это я	2
но все-таки	2
всю жизнь	2
всё разрешится	2
нее один	2
в лице	2
этот предмет	2
точно такой	2
слишком ли	2
и очнулся	2
и кажется	2
тебя ко	2
она так	2
в день	2
знать что	2
у рогожина	2
обдумывать он	2
знает может	2
с большим	2
с тяжелым	2
сказал рогожин.<неи	2
рогожин вдруг	2
вдруг опять	2
большим любопытством	2
по одному	2
его номер	2
это действительно	2
смотря на	2
хоть я	2
уехала в	2
и ни	2
он помнил	2
и вечно	2
на площадку	2
всем этим	2
в здоровом	2
наконец до	2
лавка и	2
чтоб их	2
было бы	2
и сердце	2
тому же	2
и бросил	2
ли ему	2
день переезда	2
ну прощай	2
хотел его	2
но в	2
молча и	2
во всяком	2
в числе	2
и сознательно	2
будет непременно	2
племянник лебедева	2
в черном	2
не говорила	2
с горькою	2
да как	2
лежавшего и	2
его с	2
и они	2
что делать	2
тебя и	2
ту минуту	2
ее и	2
и объявил	2
с чувством	2
глаза их	2
ее так	2
в чем	2
не пускал	2
была в	2
по рисунку	2
по которым	2
заметил князь	2
смотреть на	2
к четырем	2
этот мрак	2
ты говоришь	2
и лебедев	2
у себя	2
на виду	2
ты как	2
не стал	2
в коридоры	2
со стола	2
его что	2
в белом	2
вниз по	2
пожалуй бы	2
к чему	2
о как	2
быть он	2
еще с	2
свой крест	2
не как	2
впрочем он	2
тем чтоб	2
схватил его	2
она тебя	2
князя не	2
себе и	2
он князь	2
человека этого	2
которого он	2
себя и	2
и по	2
князя.<неи да	2
ним на	2
за границей	2
чуть не	2
то самое	2
два дня	2
самую секунду	2
правую руку	2
его на	2
время когда	2
всю свою	2
же опять	2
время и	2
уже несколько	2
тем и	2
да на	2
за обедом	2
кто знает	2
высшей степени	2
себя в	2
что всего	2
в самый	2
оба стояли	2
он уже	2
ведь ты	2
рук и	2
вам не	2
это болезнь	2
у вас	2
с половиной	2
за руку	2
ту самую	2
вскричал князь	2
он про	2
на петербургской	2
даже кажется	2
виду и	2
очень рад	2
он подумал	2
и разгонял	1
в падучей	1
встретились да	1
не перевез.<неи	1
эту настойчивость	1
тебя лучше	1
показал ему	1
рогожин с	1
невозможно оправдать	1
теперь страсть?	1
же я	1
по лестнице	1
все мучения	1
он только	1
его сердце).<неи	1
и невозможность	1
ее коли	1
и порывисто	1
говорит ничего	1
в их	1
скопцами пожалуй	1
приходил наяву	1
кроме того	1
скажет рогожину	1
стола подле	1
любит ей	1
и отчего	1
понятие о	1
главнейший и	1
эпилептическом состоянии	1
отправился свой	1
же мог	1
у своей	1
сделать такое	1
билось от	1
безмерно преувеличил	1
пугал своего	1
сознательно поймать	1
опять забыв	1
в полнейшее	1
раз говорил	1
тебя выходя	1
давешний павловский	1
теперь любит	1
убьет хаоса	1
и были	1
кажется об	1
приятным и	1
и так	1
краска стыда	1
самые глаза	1
верует одно	1
сильнейшее впечатление	1
она может	1
по одной	1
для комплекту	1
не хотелось	1
князь человека	1
в такое	1
хочет силой	1
что видится	1
вид почти	1
горячо охватил	1
желание его	1
иволгин находился	1
больного спустилось	1
да дай	1
россии выношу	1
никак бы	1
как услышал	1
совершенно седая	1
опозорить боится	1
вдруг остановился	1
такого лебедева	1
стало ему	1
очутился на	1
и улыбнулся	1
воксала смущенный	1
каждому внешнему	1
вечером я	1
вопрос рогожину	1
другом.<неи он	1
другой стол,<неи	1
ужас за	1
несколько часов	1
один у	1
которых видно	1
сильно уж	1
ужас имеющий	1
неожиданного но	1
хе-хе говорят	1
проговорил:<неи так	1
же быть	1
входе в	1
преувеличил всё	1
придут-с если	1
вижу в	1
любви но	1
кто?<неи а	1
чтобы ехать	1
одной каморке	1
выводе то	1
побродить продолжал	1
мрачно сказал	1
филипповне филисова	1
ему это	1
человек должен	1
отец бы	1
ручку замка	1
господи прости	1
в прохожих	1
вершков в	1
шаг но	1
недавнем чрезвычайно	1
ней почтительна	1
верует что	1
в длину	1
начинал как	1
затем он	1
желание почти	1
и пятьсот	1
тебе сниму	1
знал куда	1
родного брата	1
видит во	1
любопытство соблазняло	1
обежал лежавшего	1
и держась	1
она сознательно	1
внезапного воспоминания	1
взволнованный колена	1
языком чем	1
было сегодня	1
губах его	1
ты говорю	1
читали друг	1
историю стал	1
неслыханного и	1
отношениях?<неи по-братски	1
из сада	1
идея теперь	1
задумчивости<неи да	1
здесь вертится	1
себе присвоили	1
родней уже	1
воксале царскосельской	1
далее через	1
странно было	1
каменная темная	1
последнее отречение	1
же однако	1
ноне не	1
уже у	1
бы книги	1
от беспокойного	1
сейчас эти	1
тонкую и	1
ему чего	1
семейству карточку	1
на этот	1
примочку и	1
портреты архиереев	1
на стул	1
бы умиротворялись	1
меня на	1
этим а	1
в дверь	1
при вас	1
теперь? неужели	1
чрезвычайно доволен.<неи	1
коли так	1
нем не	1
всех приключений	1
заключается чpез	1
епанчины а	1
крест не	1
приходят мгновенно	1
поздно почти	1
эта поврежденная	1
да ничего	1
мне.<неи и	1
прибавил он	1
не беспокоить	1
наружности вид	1
недоверчивость прежняя	1
не увидит	1
ты листы	1
и кидаясь	1
трехсот человек	1
был одним	1
это состояние	1
оставляла лица	1
генерал тотчас	1
картины сказал	1
серьезно разумеется	1
неба завидит	1
и генерал	1
его волю	1
даже у	1
соловьева прочел	1
креслах сидела	1
встретит их	1
в пятидесяти	1
тебя найти	1
разверзлась и	1
точно как	1
а тебя	1
давеча когда	1
беспрерывная ошибка.<неи	1
бытия всего	1
довольно что	1
сверху парфен	1
по стенам	1
его вынул	1
повторял он	1
вдруг заговорил	1
сегодня в	1
только сейчас	1
вам?<неи вы	1
секунду оба	1
чем парфен	1
обличитель и	1
предосторожности как	1
нашем русском	1
заговорил опять	1
ворота он	1
становилось очень	1
а какое	1
видно большого	1
горячо вскричал	1
вещи и	1
не стоит	1
своего племянника!<неи	1
чай пили	1
только приостановился	1
остановился обдумал	1
во-первых он	1
холод душевный?	1
a рассказ	1
моей любви	1
мгновенной остановки	1
забыли куда	1
осторожно сзади	1
племянник стало	1
наконец на	1
мне как-то	1
теперь только	1
так дурно	1
сюда пойдем	1
долго глядела	1
свету он	1
этот пот	1
которым и	1
ты давеча	1
словами никогда	1
высшее бытие	1
сознавая своих	1
дошел до	1
ты русскую	1
миллиона а	1
воротах новый	1
обернулся.<неи два	1
на нашем	1
о котором	1
невы он	1
утра и	1
раздавлен и	1
от кого-нибудь	1
сама торопит	1
твоих достоинствах	1
потом уже	1
посмотрели друг	1
мог допустить	1
красного дерева	1
что лев	1
я тебя.<неи	1
вставало так	1
точь-в-точь как	1
и смутная	1
никак невозможно	1
у нее	1
бродила на	1
страстность внушает	1
это та	1
бы под	1
прямо на	1
парфен свой	1
спросить там	1
болезнь я	1
такие что	1
которой начинался	1
архиереев и	1
опустил их	1
ему еще	1
ганса гольбейна	1
привел и	1
одна картина	1
одну секунду	1
намерением придала	1
говоришь ведь	1
сюда сказал	1
новых людей	1
давай к	1
теперь к	1
хотел разрешать	1
вырвался из	1
предуведомили что	1
мучительного пути	1
князь до	1
детское выражение	1
заодно теперь...<неи	1
и тебе	1
само собой	1
все жилища	1
неужто чтобы	1
сознание его	1
князя ножик	1
сейчас сейчас	1
лебедева а	1
останавливаясь хотел	1
него из	1
и узнал	1
на тротуаре	1
воротился опять	1
как отца	1
почтительна как	1
его обнимать.<неи	1
и держать	1
ниши не	1
можно выйти	1
причинами но	1
понравились эти	1
умиротворялись разом	1
этого не	1
с своими	1
и составляло	1
в рассеянности	1
этом сидя	1
какое жалкое	1
филисова приняла	1
солдату была	1
мелькнуло перед	1
с двумя	1
ним произошла	1
тебя спросить	1
россию он	1
возвращаться теперь	1
кем-то припадке	1
воду кинулась	1
здесь точно	1
солдат в	1
пужалась чего	1
стоял сейчас	1
произносит такие	1
объяснил он	1
день подойти	1
рогожина? а	1
замком протестовал	1
сверкнули на	1
стало за	1
проговорил тот	1
серьезно и	1
немедленно хотел	1
руки крепко	1
что заметил	1
что гости	1
сердится потому	1
таинственные кривляния	1
так тяжело	1
может пропасть!<неи	1
свадьбу сама	1
покое послушно	1
говоришь что	1
иван дмитрич	1
бессловесною с	1
скором времени	1
чрезвычайно парадоксального	1
бы уж	1
сюда?<неи нет	1
господи впрочем	1
поздно на	1
более секунды	1
князь сначала	1
идет теперь	1
действительность ощущения	1
жить когда	1
о другом.<неи	1
венца убегала	1
спустился вниз	1
чаще всего	1
стояла с	1
не дрянь	1
крест-от что	1
петербург и	1
головы до	1
не приходил	1
желая так	1
он ей	1
вдруг чрезвычайно	1
лицо особенно	1
на шее	1
себе что	1
своими дочерьми	1
всякую беглую	1
тебе?<неи да	1
всякий раз	1
заявить что	1
что-то внезапно	1
глубочайшее огорчение	1
нетерпения но	1
князе давешнего	1
него интерес	1
придала оттенок	1
и чай	1
успел пролиться	1
нее? ведь	1
у лебедева	1
их возвестить	1
восторженного молитвенного	1
читал таких	1
женщина верю	1
себя.<неи он	1
эти туманные	1
родителю за	1
для вас	1
купил.<неи а-а	1
женщина лет	1
обратно в	1
в следующую	1
снурке которых	1
мистическое надо	1
бог ведь	1
до первой	1
и ужинали	1
и идея	1
рогожина рогожин	1
и истинно	1
рассуждения ни	1
разговоре с	1
кричали и	1
гостиницы к	1
верю сегодня	1
ее лицо?	1
был даже	1
лебедев хоть	1
этих воротах	1
диалектическую часть	1
что-нибудь в	1
и засмеялся	1
подслушивает что	1
что выйти	1
хаос какой	1
впечатление внезапного	1
у старшей	1
я остановился	1
был тоже	1
и захлопнул	1
и выставил	1
мебелью в	1
их тамошних	1
названого брата	1
князь пристально	1
епанчиной-с и	1
это всё	1
хотя и	1
рогожин точно	1
больше чести	1
места кланяется	1
это генерала-с	1
месте при	1
то разве	1
если в	1
и дачу	1
пошел прежнею	1
носи.<неи поменяться	1
состояния мгновения	1
выдержал взял	1
неизбежного удара	1
наконец он	1
сначала растворял	1
три с	1
сряду без	1
а савельев	1
мельком взглянул	1
тем самым	1
воспоминания особенно	1
сжимая протянутую	1
благословила значит	1
ты за	1
неужели там	1
бога радость	1
прощай да	1
чувством поцеловала	1
кажется что	1
друг на	1
редкость хорошо	1
бы воспламенялся	1
это здешнее	1
хотел не	1
отдал ему	1
тебя? как	1
внушает ее	1
даже честный	1
говорил во	1
больше чем	1
этакой любви	1
от меня...<неи	1
но неужели	1
рогожину дождаться	1
себя хоть	1
он смотрел	1
птицыны? у	1
действительно высший	1
адрес он	1
виноват лизавета	1
страдание захватили	1
небось я	1
знать его	1
стул у	1
падавшего затем	1
всё за	1
востролицая женщина	1
из-под венца	1
таких вещах	1
старушка постарше	1
что наверно	1
всем страсть	1
с себя	1
даже генерал	1
третьего и	1
чисто разве	1
после припадка	1
из вагона	1
есть на	1
самосознания а	1
хотя внутренно	1
давления мгновениями	1
значит и	1
все-таки как-то	1
мог разглядеть	1
хотел оставлять	1
все двери	1
два давешние	1
мне разъяснял	1
чем? говорил	1
комнаты по	1
демону!<неи но	1
говорила она	1
чепце с	1
в тот	1
вид человека	1
на аукционе	1
князя.<неи чего	1
доставляло удовольствие	1
к ней?	1
совершенное детство	1
но сейчас	1
ощущения все-таки	1
и несуществующие?	1
захотелось проверить	1
чтоб окончательно	1
взял билет	1
же успевал	1
нет уже	1
форме около	1
ним в	1
захватило князя	1
видом с	1
вздрогнул вдруг	1
как дважды	1
черным большим	1
белом чепце	1
карточку он	1
изукрашена на	1
прочим о	1
сердечных слов	1
нему и	1
холодной чистоты	1
же глазами	1
подумал поднялся	1
меня...<неи а	1
судить он	1
последнее судорожное	1
заслужить ее	1
усмехнулся.<неи чей	1
прощай до	1
чего бы	1
филипповна еще	1
наполнила его	1
тяжелом недоумении	1
я хочу	1
условию итак	1
вернее как	1
и спросить	1
и пойти	1
весьма хороших	1
по познаниям	1
пошел туда	1
вдруг обернулся	1
радость когда	1
внезапному соображению	1
опить шел	1
что казалось	1
позвольте вас	1
из гостиницы	1
когда приятель	1
к цыганкам	1
племянника!<неи а	1
туча поглотила	1
подавая руку<неи	1
белом чистом	1
как-то странно	1
померещилось ли	1
он упорно	1
ведь летел	1
деле было	1
того понравились	1
как может	1
чувство полноты	1
сейчас о	1
из номерных	1
оставлять его	1
пусть всё	1
сторон а	1
медленно начинался	1
тоже видимо	1
того боится	1
разом разрешались	1
припоминал что	1
в павловске	1
читать? а	1
маленькая востроглазая	1
вы князь	1
душу князь	1
казалось было	1
матушке была	1
о боге	1
и начат	1
батюшкой покойным	1
когда вздумал	1
как-то чудно	1
так ее	1
перешли через	1
наведываться известно	1
и от	1
этому очень	1
упал навзничь	1
настасья филипповна	1
вот должно	1
сильно? правда	1
только за	1
очень давно	1
самых первых	1
филисовой здесь	1
беспорядочно убьет	1
рогожин руку	1
пришел ганя	1
что больше	1
женой твоей	1
это сам	1
белых чистых	1
с ровным	1
значит в	1
неи неиiv<неи	1
потемки если	1
другой приходит	1
дверь ему	1
ты хорошо	1
чем прощай...<неи	1
меня!<неи всё	1
так то	1
друга приятели	1
он непременно	1
так уж	1
ждал тут	1
дней филисова	1
секунду что	1
распустить а	1
разбитой головы	1
волнении чего	1
позвонили у	1
верить а	1
страстности и	1
нельзя разрезать	1
в книгах	1
нестерпимый прилив	1
и обернулся.<неи	1
каторгу улетел	1
несчастный человек	1
кто сознательно	1
этажей по	1
по своей	1
с лезвием	1
бы в	1
удовольствие лебедеву	1
этой лавки	1
негодование коля	1
часто извергом	1
без особого	1
так очень	1
рогожин прямо	1
очнулся но	1
быстро промелькнул	1
половина третьего	1
ищут только...<неи	1
зла выйдет.<неи	1
то конечно	1
этот смех	1
стал ему	1
лицо.<неи глаза	1
не явился	1
я приближаюсь	1
довольно много	1
ведь мы	1
быть это?	1
я почти	1
почти точь-в-точь	1
если только	1
черными лентами	1
тридцать сряду	1
с упреком	1
да болезнь	1
вниз обежал	1
что держите	1
князь вам	1
лет за	1
и строгим	1
если эта	1
бытие а	1
два года	1
этом говорили	1
справедливо он	1
головах висел	1
вскричал он	1
из самых	1
но действительность	1
самые нет	1
вероятно была	1
переезд на	1
что прежняя	1
не отходившему	1
выхода он	1
нечто такое	1
к дому	1
я только	1
впрочем ведь	1
они идут	1
ясной гармоничной	1
теперь всю	1
ненормальные и	1
делай читай	1
князь невольно.<неи	1
лучше даже	1
в весы	1
дочь матушка	1
шерстяном платье	1
не ответил	1
гостиной у	1
особенным отвращением	1
генерала иволгина	1
меня значит	1
задрожали глаза	1
не веруют	1
бросил картину	1
нем вспомнил	1
христианства разом	1
родного сына	1
очень ученый	1
вот так	1
мне за	1
террасу где	1
поставлено чтобы	1
не выживешь	1
может то	1
молча вязала	1
и позвонили	1
старался не	1
воспоминаниями и	1
наискось на	1
с которой	1
но подтвердилась	1
любит вот	1
на этого	1
хотел быть	1
дня чуть	1
отнюдь отнюдь	1
него огромное	1
смешной я	1
пропадает вера	1
я!<неи ты	1
стоил всей	1
одна вещь	1
просьбы князя	1
не его	1
возвестить так	1
мрак рассеян	1
прибавил:<неи вот	1
да мало	1
один знающий	1
и людей	1
оправдалась и	1
уме было...<неи	1
была на	1
рогожин хотя	1
его вдруг	1
кружится а	1
прежде она	1
чистом чепце	1
обыкновенно останавливают	1
больше не	1
опять оглянется	1
необычайное слово	1
разом все	1
секрет?<неи ваш	1
так серьезно	1
себя самого	1
бы остановить	1
если смеешь	1
вероятно их	1
сама пожелала	1
покойным он	1
скамеечку подле	1
спать но	1
же целью	1
всего вернее	1
известно какая	1
вздоры говорит	1
детский смех	1
так ты	1
человека как	1
точь-в-точь она	1
мне под	1
синтезом жизни?	1
помер потому	1
напишу какие	1
ну что	1
тобой одно	1
минуту так	1
говорит не	1
да двуперстным	1
время самоощущения	1
рогожин непременно	1
мышкин мы	1
размера осьмиконечный	1
лестнице.<неи лев	1
кривляния лебедева.<неи	1
такое предположение	1
его билось	1
сердце).<неи к	1
разгонял всех	1
гроза кажется	1
принимать даже	1
хотя глаза	1
и тоже	1
я из	1
в больших	1
рогожин чтобы	1
наверно убеждена	1
мне припомни	1
минута ощущения	1
и хотелось	1
да может	1
поняла моих	1
скажу что	1
сомневаться не	1
вместе сердце	1
али насмехается	1
рад побратаемся!<неи	1
вышли еще	1
сходились а	1
беспокойством и	1
же ясно	1
и сама	1
адресу известившись	1
встретились с	1
раздражавшийся с	1
ее любишь	1
окончательно убедиться	1
и опять	1
сообщить?<неи низок	1
последние два	1
не захотел	1
эта вещь	1
разглядеть картину	1
мучительное любопытство	1
почти невозможно	1
стала сумрачная	1
и веры	1
видел кругом	1
был не	1
рогожиным близко	1
захотелось теперь	1
созову всех	1
надбавляя сумму	1
в знак	1
с таким	1
готова была	1
все-таки боец	1
пускать его	1
говорить сверх	1
комнату похожую	1
нет-нет и	1
которую теперь	1
не поняла	1
завидев рогожина	1
быть еще	1
так вдруг	1
напряжении и	1
но при	1
могу разрешить	1
ширины и	1
моей стороны	1
откушать у	1
мной говорил	1
почему бы	1
нас по	1
азартен в	1
была к	1
он очутился	1
как болезнь	1
на прощаньи	1
же не	1
отнюдь я	1
рогожин чрезвычайно	1
вот она	1
было следить	1
и отдаться	1
при входе	1
время молчали	1
уверяю вас	1
настроении почти	1
веру ему	1
говорите скорей	1
куда угодно.<неи	1
про это	1
так не	1
не понимаю	1
висела одна	1
тут ли?	1
прежняя горькая	1
становится понятно	1
задыхаясь проговорил:<неи	1
рогожиным нет	1
припоминался теперь	1
на дороге	1
размаху ударившись	1
почти соблазн	1
с черными	1
епанчиной а	1
к половине	1
ты что	1
бессознательное движение	1
каменную ступень	1
павловск по	1
и вынул	1
предложил я	1
же ускорил	1
припадок приходил	1
лукьян тимофеевич	1
ему стало	1
гаврила ардалионович	1
теперь оно	1
гостиница эти	1
и негаданное	1
через неву	1
убийстве наделавшем	1
воспламенялся его	1
молча взял	1
хотел видеть	1
уж верно	1
своих с	1
едва узнал	1
ища ни	1
тебе книги	1
пути с	1
вам несколько	1
за шутку	1
совсем и	1
и вопрос	1
порывом напрягались	1
вся сгорбленная	1
его оставить	1
иными домами	1
эти мгновения	1
площадях на	1
князю и	1
ему тотчас	1
и шесть	1
стояли пред	1
и тем	1
быстро вырвал	1
полгода может	1
руками лебедев.<неи	1
помню о	1
тогда всё	1
он мучился	1
какие рассуждения	1
дням здесь	1
к старости...<неи	1
ворот в	1
не промолвит	1
пред самым	1
из нашей	1
они и	1
с людьми	1
оглядел его	1
да во	1
мое заключение	1
болезненное и	1
будет гостеприимен?<неи	1
вздумал воротиться	1
лебедева на	1
сорвалось невзначай	1
сад был	1
ударившись затылком	1
особенно изукрашена	1
руками как	1
пальцы в	1
русском сердце	1
на мешках	1
надо предположить	1
что привлекла	1
дай же	1
чрезвычайно заинтересовавшее	1
бы как	1
войдет ей	1
красотой дает	1
всем заодно	1
сказал подтверждает	1
желала бы	1
зла и	1
с странным	1
наверно кто	1
и будьте	1
это да	1
кстати спросил	1
всё человеческое	1
заношенной ленточке	1
да об	1
странно то	1
парфен коли	1
но разве	1
же разве	1
ни читал	1
пошли темные	1
мрака давления	1
новый нестерпимый	1
ним прежде	1
террасе что	1
взгляде кругом	1
почувствовал самое	1
собралась толпа	1
себя-с.<неи а	1
потерянную веру	1
давеча упомянул	1
одно из	1
дрожь этот	1
с любопытством	1
заключил аглаи	1
состраданья нет	1
ничего так	1
же если	1
по прежней	1
парфен ты	1
садясь к	1
точно желаете	1
теперешнюю любовь	1
мнителен и	1
которое может	1
гостиницы.<неи от	1
решил он	1
вот эту	1
бежала а	1
умел выразить	1
и к	1
подумать можно	1
наутро я	1
самоощущения в	1
вскричал рогожин.<неи	1
ничего-то ведь	1
идея пришла	1
потемки и	1
видом что	1
не умел	1
наконец свезены	1
мечтаться князю	1
куда пришли	1
дальше их	1
толпа целая	1
сам по	1
я? продолжалось	1
наяву когда	1
так бы	1
одном недавнем	1
подле твоей	1
которой он	1
руку.<неи князь	1
глаза чтоб	1
ты!<неи говоря	1
такой жалости	1
предполагал запросить	1
много много	1
и высшего	1
день приходит	1
в которую	1
может здесь	1
примирения и	1
за книгой	1
ли? почему	1
было потому	1
что даже	1
он хохотал	1
не верите?	1
вы кажется	1
убеждения этого	1
даче-то я	1
москве сходились	1
с одним	1
разговоры нередко	1
на глаза	1
за ручку	1
он отвертывался	1
не окажется	1
вниз в	1
именно он	1
мучаете мне	1
значит есть	1
не станет	1
только припадок	1
бросался и	1
оно и	1
него нового	1
словами и	1
это болезненное	1
и подслушивает	1
от которой	1
буфетные комнаты	1
итак если	1
сада единственно	1
свой тебе	1
креста князь	1
не ища	1
нам говорит	1
выразить потому	1
бы ничего	1
на молитву	1
мной всё	1
своего дачного	1
и придут-с	1
шуму и	1
же идеей	1
страсти доводишь	1
в голову	1
шесть человек?	1
напрягались разом	1
свое владение	1
всё не	1
кушая чай	1
нахлынувших в	1
гармонией красотой	1
какой сумбур	1
гости лизавета	1
мешках своих	1
чрезвычайно странном	1
радость вдруг	1
другом почти	1
эти часы	1
грех скоро	1
давно бы	1
сама так	1
бы взял	1
прежняя недоверчивость	1
ей теперь	1
не выдумаешь	1
и светло	1
друг князь	1
искажается лицо	1
времени спустя	1
минуту было	1
и знавшие	1
он устремился	1
разрешались в	1
тому допустить?	1
прибежала назначь	1
малейшего выхода	1
ему к	1
к может	1
парфен я	1
еще прежде	1
каком-то исступлении	1
гостей сперва	1
душевный? потому	1
этом не	1
бродил без	1
границей видел	1
какой иногда	1
перевез его	1
она это	1
это странно	1
царские дни	1
заметив хотя	1
страсть-с этакие	1
назначавшаяся внаем	1
не вставало	1
бог знает	1
стоить всей	1
всего яснее	1
идея он	1
деле эта	1
на редкость	1
оцепенили всю	1
маханием рук	1
тогда с	1
то я	1
было скатерть	1
около двух	1
не бедный	1
дом ходила	1
не преступление	1
что иногда	1
сосчитались оказалось	1
смущенный и	1
ножик с	1
этим прежним	1
на себе	1
в свою	1
сказать давешним	1
взгляда заключить	1
так тороплив	1
бы спорить	1
дверь за	1
на каждом	1
ее назначавшаяся	1
идет он	1
к вагон	1
ее тогда	1
расспрашивала ты	1
совершенно бессознательное	1
дачу на	1
накорми ее	1
ни-ни говорит	1
же? усовещивал	1
говорила недавно	1
хотелось отвязаться	1
жить у	1
и наступил	1
прождала целое	1
все ясно	1
беглую черту	1
исчезнувшего рад	1
углу гостиной	1
да садовый	1
даже странно	1
со всем	1
угодно и	1
осмелься выразить	1
неправда сама	1
сказала вот	1
пожалуй куплю	1
же воротился	1
непременно теперь	1
что кричит	1
с неверующими	1
ближе к	1
не решаясь	1
павловск для	1
думать почти	1
почти детское	1
друг в	1
сомнения замахал	1
христопродавца подожду	1
лицо у	1
за которую	1
день говорит	1
византийского рисунка	1
бытия не	1
большой так	1
встречает рогожина?	1
но вдруг	1
знает что	1
только поднял	1
всё ищет	1
непременно уехала	1
стороне улицы	1
смерклось лизавета	1
воксала и	1
и забудет	1
достаточная рассудочная	1
матушки говорит	1
вечеру и	1
взглядом человек	1
дверь и	1
таившийся в	1
подойти к	1
бормотал он	1
которых он	1
будем жить	1
али мысли	1
не спохватился	1
сказать что	1
по-видимому доставляло	1
уже не	1
как стоял	1
весах по	1
это то	1
голову оглядывал	1
и должно	1
был совсем	1
пошли вместе	1
князь мельком	1
вижу шатается	1
продолжавшиеся как	1
видел ведь	1
встретиться ну	1
хотелось поскорее	1
него пропадает	1
ну вот	1
рассердилась на	1
пьяные и	1
то как	1
как сказал	1
мгновенно в	1
длину и	1
чудовищность унизительность	1
рогожин? он	1
вами будет	1
тоже успел	1
меня поразило	1
гостиную разгороженную	1
дачу к	1
вагон он	1
действительно красота	1
час назад.<неи	1
проговорил рогожин	1
мучения свои?	1
чудно как	1
имел утром	1
меня всего	1
отдай мне	1
книгу у	1
одному и	1
не отгонять	1
особенною же	1
губы его	1
шагов.<неи как	1
свою рассеянность	1
князь успев	1
жизни? эти	1
князь явится	1
свой вопрос.<неи	1
целая лужица	1
точно меня	1
это кого	1
мы свояки	1
думаешь...<неи я	1
ты в	1
чем? о	1
мрак идиотизм	1
сколько ни	1
что желала	1
и ужасный	1
прочесть хочешь	1
ни на	1
дал примочку	1
хотелось быть	1
выйдя из	1
таком тяжелом	1
ей в	1
этот нож	1
видимо желала	1
разумеется он	1
тяжело он	1
копеек не	1
проговорив про	1
засмеялся истерически	1
и медленно	1
того он	1
так раздавлен	1
стал замечать	1
на его	1
с его	1
ним и	1
за день	1
усмехнулся на	1
раза вырывают	1
ждали к	1
раз сосчитались	1
же ты...<неи	1
но была	1
и да	1
он поймал	1
весьма счастливо	1
гостиницу но	1
друге чтобы	1
ласково и	1
а теперь	1
переманили.<неи идут-с	1
все деревья	1
наверно же	1
смутная потерянная	1
без памяти	1
такой ужас	1
свой шкапчик	1
человеку не	1
быть далеко	1
мрак и	1
прокофьевна рассердилась	1
на неву	1
пролиться опрокинувшийся	1
пред рогожиным	1
в руке	1
с головы	1
его названого	1
увидел в	1
чем во	1
улетел если	1
таиться и	1
оставить ему	1
землях таких	1
князь выйдет	1
почему-то ему	1
во гневе	1
же вид	1
я вышел	1
наконец какое	1
почел за	1
была небольшая	1
обвинял он	1
мог сказать	1
впоследствии уже	1
же ты	1
расставаться с	1
были в	1
достоинствах иначе	1
вышли им	1
отвертывался чтобы	1
безмолвно оборачивался	1
у бога	1
маленьким ребенком	1
же тут	1
он нашел	1
заключала в	1
колебания о	1
быть ведь	1
давеча видел	1
принял посетившего	1
голову она	1
изумлен он	1
его возвращается	1
давеча спросил	1
сомнения заключалась	1
с описанием	1
решаясь на	1
скрываясь скорей	1
какие проступки	1
это кричит	1
мгновениями как	1
много говорит	1
сказала почти	1
воксале он	1
ничего можно	1
же какие-нибудь	1
парфен сказал	1
целом сегодняшнем	1
прапорщичьего чина	1
ощущение жизни	1
оставил его	1
себе обращался	1
уходит другой	1
ж что	1
какое милое	1
относительно своего	1
говорить пробормотал	1
трем часам	1
видеть другое	1
зеленых деревянных	1
необыкновенная перемена	1
однажды зашел	1
приехал обратно	1
павловск к	1
моих отношениях	1
вы вашим	1
страшный невообразимый	1
так сильно?	1
друга ведь	1
увидел только	1
давеча говорил	1
мысль пришло	1
это несмотря	1
сам князь	1
страшными впечатлениями	1
вспомнилось что	1
немедленно вслед	1
так поняли	1
день она	1
наклонен был	1
преобразилось он	1
были глаза-то?	1
вас говорить	1
нее такое	1
сам хоть	1
ему было	1
растерзанном виде	1
все беспокойства	1
него какая-то	1
была у	1
страшного вопля	1
ему случалось	1
приняты надлежащие	1
сама ко	1
не желая	1
твой отец	1
стал да	1
приходит а	1
расшибся или	1
висел перевезли	1
движение так	1
же из	1
вас над	1
перемена он	1
как говорил	1
бога?<неи да	1
самый день	1
и более	1
мог отыскать	1
и думаю	1
ли я	1
выразить всю	1
на противоположном	1
подумал князь	1
бы стоить	1
за диалектическую	1
случайно услышав	1
давеча у	1
бы тут	1
пор с	1
причин от	1
самого скажи	1
существо эта	1
какой же	1
ему.<неи а	1
самых пор	1
целью теперь	1
напоказ в	1
но ему	1
как обвинял	1
невыносимо новый	1
скажи же	1
дерева с	1
это самое	1
копия я	1
и круглым	1
стыда почти	1
не рогожин	1
эту трудность	1
неужели рогожин	1
мог да	1
пробирался обратно	1
поскорее отклонил	1
демона? нечто	1
не высшее	1
одно только	1
хочу жить	1
припадке он	1
надул глупого	1
ушибов нет	1
минуту как	1
и хлынуло	1
в третий	1
рублей давал	1
право вы	1
дожидаться кушая	1
одного шага	1
хотя еще	1
проступки и	1
нашла же	1
прочел ничего-то	1
она в	1
вспомнил как	1
не скрываясь	1
давешний николаевский	1
постукивая себя	1
так беспорядочно	1
причислено к	1
случае нечего	1
пойдут бог	1
почти без	1
собой но	1
бывает и	1
никогда прежде	1
поклонами для	1
он теперь	1
за собою	1
шести вершков	1
благослови его	1
князь довольно	1
узнали о	1
биться об	1
москве во	1
по-приятельски по-видимому	1
инструмент и	1
называете это	1
ступенькам которых	1
хотел спросить	1
купил при	1
находился у	1
впрямь того	1
зачем-то человек	1
принимаешь для	1
ей-богу лебедев	1
вышли на	1
бог вас	1
радость и	1
и бросив	1
но главное	1
никогда-то никогда	1
черном шерстяном	1
отличная копия	1
деньги молча	1
благодаря случаю	1
он несколько	1
слишком будет	1
мой большой	1
найти всякого	1
что взятый	1
у нее?	1
и окончательной	1
ступить из	1
рогожина на	1
подходит ко	1
этот демон	1
то говорить	1
лебедева которого	1
надлежащие меры	1
судорог тело	1
губах вижу	1
вздрогнул и	1
религиозного чувства	1
надвигалась хотя	1
скамье под	1
впечатление невольно	1
убийстве жемариных	1
лавкой ножовщика	1
и сумрачно	1
еще до	1
преследовало и	1
теперь понимает	1
ехал по	1
сел дожидаться	1
ничего обдумывать	1
дальше внезапную	1
быть неясно	1
ты человек	1
увидит ее	1
очень понравилась	1
и особенная	1
что твоя	1
кого увидит	1
готова шампанского	1
не имею	1
я брошу	1
лебедев несколько	1
злобною досадой	1
если хочешь	1
лебедев же	1
меблированные старинною	1
сел бы	1
оставил что-нибудь	1
о тебе	1
и часто	1
опять было	1
maman сердится	1
ней только	1
года точно	1
но старушка	1
поморщился и	1
послушно и	1
спросил ее	1
в совершенно	1
бог его	1
князь намекал	1
веруют а	1
сердцах заключается	1
жгучее мучительное	1
баба женой	1
здоровым приятным	1
быть одному	1
разрешилось наконец	1
лавка он	1
словом.<неи князь	1
слово что	1
жильца беспрерывно	1
весьма скором	1
себе глаза	1
другом провидением?	1
к филисовой	1
как о	1
напоказ свой	1
деле делать	1
горькая и	1
и благословение	1
было ясно	1
быть на	1
не оставляла	1
напряженного внимания	1
разгадывать в	1
хотел ответить	1
бы молча	1
тобой этой	1
сгорбленная и	1
перво-наперво надо	1
двуперстным сложением	1
другой уж	1
это заметишь	1
гостиницы как	1
кажется с	1
ли им	1
прослушал парфен	1
предположение вскричал	1
лавки не	1
на аукционах	1
на небо	1
случился припадок	1
сада прямо	1
покраснел и	1
ни одному	1
епанчины узнали	1
о ней	1
тоже павловские	1
подозрения иметь	1
сомнения которые	1
верить в	1
если вы	1
один с	1
случилось непременно	1
кивнула ему	1
того в	1
молния ум	1
в руки	1
совсем необразованный	1
что-то припомнил	1
это слишком	1
скорее обдумать	1
всё хотелось	1
веря да	1
жизни самосознания	1
было около	1
улица вот	1
и настойчиво	1
подтвердил вдруг	1
всех домашних	1
сообразил очень	1
быть единственный	1
случаются иногда	1
одну кондитерскую	1
же сказал	1
прокофьевна встала	1
оказываетесь еще	1
повел князя	1
сообщить желаю	1
тысячелетие россии	1
засмеялся князь.<неи	1
свой вопрос	1
двумя дверьми	1
другой находящийся	1
решился благодаря	1
лихорадке бьется	1
женой тому	1
бы русскую	1
только страстность	1
очень старая	1
иволгин обещавшийся	1
и задумчивый	1
на нем	1
верно твоя	1
могло бы	1
хлопот в	1
ней признаки	1
есть говорит	1
свадьбе пожалуй	1
его давеча?	1
атеизмы не	1
непоколебимо поставлено.<неи	1
вопрос ее	1
этой картины	1
исчез человека	1
а совершенно	1
как нарушение	1
князь сейчас	1
всё ты	1
у ней	1
утро ждали	1
петербург как	1
одну минуту	1
она могла	1
падучую один	1
пока шагал	1
о болезни	1
едва поверил	1
залила разом	1
и епанчина	1
а только	1
привлекла его	1
чем прежде	1
лезет мы	1
я бесчестен	1
задумался между	1
не решался	1
глядеть на	1
стал обдумывать	1
столбе оказалось	1
но удобная	1
и ничего	1
того убийцы	1
стоите теперь	1
вещь заключала	1
атеисте он	1
болезнь и	1
этих пьяных	1
воспоминания насчет	1
шутил а	1
тебя будто	1
вошел к	1
на многих	1
больше подтвердил	1
точно бывает	1
понятно необычайное	1
покажь-ка сюда.<неи	1
засмеявшись но	1
по-братски и	1
обеду к	1
а секрет	1
лишь только	1
давно уже	1
наставлено несколько	1
был совершенно	1
какое до	1
князь право	1
был пуст	1
половине четвертого	1
давеча взять	1
почти этими	1
вот у	1
сниму ты	1
скопил да	1
такую глубокую	1
и швырнул	1
и солгал	1
обратно из	1
четыре разные	1
невыносимый ужас	1
он вполне	1
показали но	1
сходились братски	1
куда-то исчезнувшего	1
ним родней	1
этом столбе	1
князя в	1
человека в	1
бесчестно виноват	1
собой и	1
другая чистенькая	1
князь стал	1
ног.<неи а	1
серебряный всего	1
что может	1
самый припадок	1
вдруг всё	1
его чисто	1
вырывают из	1
он почти	1
другой.<неи в	1
смотреть пробормотал	1
какой-то необыкновенной	1
перевезли сюда?<неи	1
с прежнею	1
вышел обратно	1
квартире почти	1
а генерал	1
своего страшного	1
начел это	1
в нише	1
воротах и	1
прошло вдруг	1
самой этой	1
что выйдя	1
клевещет у	1
припадка князь	1
значило бы	1
заприметит такая	1
чего и	1
вот что	1
и дюбарри	1
там встречает	1
а ему	1
эту муку	1
меня собирается	1
очень понятно	1
не пьяные	1
прощай...<неи не	1
различаю искренно	1
одного человека	1
самым в	1
кричит за	1
ними в	1
иначе быть	1
им потому	1
и самосознания	1
для многих	1
никакого поскорее	1
видно не	1
гостиницу весы	1
говорю и	1
отдохнуть в	1
когда я	1
любви твоей	1
вдруг наполнила	1
встал со	1
будет вероятно	1
день меньше	1
степени гармонией	1
хотел завтра	1
переезда состоявшегося	1
необыкновенным светом	1
другой этот	1
в бога?<неи	1
давеча эта	1
знаешь это	1
как тотчас	1
особое странно-раздражительное	1
беспокоить князя	1
брат тогда	1
был изумлен	1
еще слишком	1
опять уже	1
этими же	1
чем впрочем	1
дочерьми.<неи пускать	1
прежней болезни	1
мысль в	1
же секретное?	1
напротив должно	1
к матушке	1
судорожно устремляется	1
знает ведь	1
что всё	1
что ли	1
очень дурной-с	1
иногда прелестные	1
довел любопытство	1
демон привязался	1
голова так	1
вы не	1
прежде этот	1
не заметив	1
ожидал ли	1
о приключившемся	1
одним с--м	1
что опасности	1
остановился на	1
хочешь? изволь	1
не в	1
дому и	1
будто знал	1
простая баба	1
россии замечательнейшего	1
тем хе-хе	1
беспрерывном искании	1
подле нее	1
к рогожину?	1
рук этот	1
бабу с	1
неужели твои	1
секрет на	1
николаевич крикнул	1
один совсем	1
фантазия как	1
занятии уже	1
и слушая	1
по россии	1
к креслу	1
мысль христова	1
вами секретное	1
прибавил тот	1
к венцу	1
чему ты	1
это разве	1
и весь	1
ты опять	1
слабыми в	1
глаза но	1
ему головой.<неи	1
от этой	1
многие ведь	1
на половине	1
нового в	1
есть главнейший	1
но чаще	1
ли будет	1
царскосельской железной	1
он начинал	1
было можно	1
судить по	1
а то	1
хочу чтобы	1
теперь тем	1
нетерпением спешил	1
желтом снурке	1
со слезами	1
его демона?	1
войдя с	1
душевное настроение	1
огромное сердце	1
тебя отрекалась	1
он читал	1
да нет	1
даже красивая	1
которую он	1
это ревность	1
думаю нет	1
торжествовала но	1
особенное внимание	1
старая даже	1
брату семену	1
него же	1
великий человек-с	1
что одно	1
прыщик этот	1
отвращение опять	1
мог судить	1
я знаток	1
руку вот	1
нет? всех	1
о припадке	1
нельзя было	1
воксала железной	1
ему записке	1
за ними	1
которого князь	1
всю душу	1
для рогожина	1
того дело	1
там и	1
и положил	1
что всю	1
ними немедленно	1
толпе когда	1
предчувствия и	1
многие по	1
руси ничего-то	1
нему сам	1
был у	1
его казалось	1
князь бросился	1
очень трудно	1
наверно что	1
домах была	1
нечего было	1
отправились на	1
давеча почему-то	1
для осмотра	1
пред этим	1
нас с	1
случилось что-то	1
баловство теперешнее	1
его дрожали	1
малейших причин	1
верю!..<неи затем	1
эту женщину	1
и проговорив	1
разрешится как	1
почему ему	1
мысли другие	1
принимать кого	1
такая же	1
грозовая туча	1
месяцев и	1
за родного	1
он как-то	1
когда убедится	1
вор был	1
точно секрет	1
рогожину и	1
была и	1
вздор это	1
какое почти	1
нужна да	1
а станет	1
видел же	1
человек без	1
оказывается в	1
прибавил потом	1
узнавал свою	1
бы очень	1
завидит что	1
рад всем	1
ступил уже	1
приживалка и	1
душу оно	1
постой старушка	1
уважаю это	1
придут кто	1
москве они	1
часто говорил	1
неслыханное и	1
бы давая	1
увидать в	1
всеми известиями	1
с нежным	1
разверзлось пред	1
чему впрочем	1
сам хотел	1
известий но	1
действительно он	1
и я	1
хотел давеча	1
от ушибов	1
я поняла-с	1
отнюдь нет	1
анализировать и	1
обрадовался что	1
его знает	1
рад самому	1
же самый	1
деньги? вздор	1
вышел не	1
жилища аллаховы	1
одном занятии	1
ступенькам террасы	1
давеча ко	1
но вы	1
впрочем в	1
находилась другая	1
малейшего перерыва	1
уверены что	1
тебя тоже	1
а хочешь	1
невозможно потому	1
мгновениями сильно	1
поражен теперь	1
говорю матушка	1
из сердца	1
за своими	1
такую мысль	1
не рассудил	1
картиной.<неи вот	1
человек расшибся	1
останавливаясь в	1
вы давеча	1
же заметил	1
уже и	1
всеми чертами	1
жизни впрочем	1
ножик и	1
теперь встретить	1
о князе	1
шкапчик который	1
и князя	1
странно что	1
во все	1
быть к	1
его еще	1
идиотизм стояли	1
высочайших минут	1
рогожин уже	1
упреком и	1
вероятно прибавил	1
радости бога	1
обедали и	1
ровным себе	1
о радости	1
решился сходить	1
сейчас к	1
особенное.<неи чрезвычайное	1
еще молодая	1
так тяжела	1
убеждена но	1
вопрос.<неи на	1
телом князю	1
особою внезапною	1
удивился но	1
этаких гостеприимцев	1
парфен и	1
в тяжелом	1
растворял дверь	1
потому ли	1
неи неиvi<неи	1
первую от	1
не низость	1
ее тоже	1
их встретились	1
в длинные	1
сидя на	1
и скорее	1
пред другом	1
грешник пред	1
слово услышал	1
читай я	1
прокофьевна торжествовала	1
стороны когда	1
собой проговорив	1
не верю!..<неи	1
что надул	1
этом же	1
пройдя несколько	1
умом к	1
но тогда	1
обедать.<неи к	1
будет этакой	1
всё мне	1
где гаврила	1
в родню	1
с голоду	1
своего слушателя	1
момент можно	1
как давеча	1
как судья	1
известием.<неи отчего	1
она всё	1
ее в	1
его созерцательном	1
лоснящеюся перегородкой	1
в уездной	1
потел назад	1
ускорил и	1
грудь а	1
город ему	1
догадаться о	1
то уж	1
улыбка бродила	1
настроение так	1
смотря направо	1
ну довольно	1
чужая душа	1
крест пропивать	1
явится по	1
что-то уж	1
ты...<неи князю	1
но которого	1
кажется нарочно	1
вкопанный на	1
видится само	1
тосковала душа	1
вас какая-то	1
москве рогожин	1
вещь эта	1
окном он	1
он выбежал	1
весах сказали	1
подтвердилась ли?	1
свое родное	1
бросил а	1
князю разве	1
часов еще	1
непременно сегодня	1
объятие последнее	1
одной лавки	1
часам может	1
мне кричит	1
разума и	1
встречи имел	1
осклабившись а	1
рогожин шел	1
он человек	1
дачу купил.<неи	1
и но	1
забыть не	1
не похожий	1
не наверно	1
день все	1
глядеть направо	1
тебя бог!<неи	1
князь что	1
следил за	1
похожий вопль	1
вообразить такой	1
а давеча	1
князя пойти	1
он доволен	1
раз мысленно	1
различил что	1
ведь все	1
невообразимый и	1
дурно думает	1
отвращением не	1
это болезнь?	1
будто предчувствовал	1
смеешь в	1
этой вещи	1
ради христа	1
n дом	1
знал? дивишь	1
прежде? лебедев	1
лезвием вершка	1
к которой	1
всякое предчувствие	1
улыбаясь это	1
человек так	1
этих высочайших	1
воду иду	1
заперся и	1
вера этот	1
террасы епанчины	1
человек не	1
и холод	1
его ему	1
я еще	1
он встал	1
террасе собралось	1
я сюда	1
билет на	1
очень подозрительно.<неи	1
мрачно и	1
она у	1
состоянии была	1
давно строенных	1
охватил его	1
что их	1
внимание на	1
помнил только	1
сбегал по	1
в любви	1
ссоры ни	1
прежде вот	1
веруют? нам	1
своего сердца	1
знал когда	1
черенком странный	1
мрачное мучительное	1
ведь и	1
материна радость	1
боец он	1
из стены	1
услышав разговор	1
какой грех	1
городе он	1
углубление вроде	1
генеральша была	1
ведь она	1
присутствие этой	1
что ты!<неи	1
парфен если	1
тем сюда	1
дня не	1
генерала-с действительно	1
сегодня явившийся	1
твой крест	1
вышел за	1
ведь садовый	1
разрешить но	1
не застал	1
идея его	1
пришла ему	1
вот лебедев	1
пораженный известием.<неи	1
меня себе	1
человек был	1
этот товар?	1
потому-то и	1
допрашивал князь	1
они вышли	1
смеется в	1
долг засмеяться	1
чулок обе	1
выкрикивал он	1
и непременно	1
и русская	1
ему записку	1
день назначает	1
слушая орган	1
его была	1
убил эти	1
среди грусти	1
вместо того	1
новой земле	1
прежде не	1
дачного жильца	1
по понятиям	1
бывало с	1
прохожих ни	1
скоро бы	1
без ног	1
может эта	1
и исчез	1
в голову...<неи	1
в табельные	1
или вина	1
наконец весьма	1
хотя это	1
узнав по	1
бы кто-то	1
поставлено.<неи как	1
отвечал лебедев	1
совсем на	1
именно об	1
топающий на	1
говорили с	1
с пьяных	1
лавку и	1
еще раз	1
проходил рогожин	1
почти насмешливая	1
как твой	1
круглым лицом	1
вот говорит	1
предчувствию и	1
прежнею дорогой	1
глаза глядят	1
собственно для	1
угодно.<неи без	1
к обеду	1
лучше бы	1
сумрачно наживая	1
или был	1
долго сходился	1
повел я	1
начало жалости"?	1
прямо ввел	1
человек таившийся	1
испужается али	1
мгновенно и	1
что свояки	1
границей вот	1
это без	1
в таком	1
ревность что	1
вечно будет	1
бы надо	1
террасе войдя	1
тебя стало	1
одна степень	1
даже нечто	1
возможность говорить	1
действительно надвигалась	1
купи барин	1
захлопнул за	1
кинулась верно	1
светом все	1
за рубль	1
как с	1
очнулся только	1
на петербургскую	1
а крест	1
рогожин покатился	1
въехал в	1
жил мне	1
внушает страдание	1
точно увериться	1
дочерьми не	1
знаешь ты	1
он за	1
дай я	1
у нас	1
разговор о	1
минут назад	1
вас спросить?	1
холодно и	1
приехал два	1
неужто ты	1
в результате	1
убьет то	1
дороге и	1
женщина вся	1
его мозг	1
было несколько	1
от одной	1
вечеру вокруг	1
так внезапно	1
через комнаты	1
пропивать уж	1
трус повторил	1
туда вместе	1
замечал до	1
он взял	1
всего этого	1
ведь со	1
секунды с	1
коли выйдет	1
матушка как	1
окончательной причины	1
старые бы	1
раздражительною насмешкой	1
же там	1
этого христопродавца	1
сознательный момент	1
я это	1
образил себя	1
про вздоры	1
лукаво и	1
больного с	1
не пускали?	1
он пошел	1
ужасно побледнел	1
не зарежу	1
одному счастливому	1
что те	1
удовольствием принял	1
самого одиннадцатого	1
вынул двугривенный	1
припоминался ему	1
он себя	1
знак удовольствия	1
вот и	1
тебя? но	1
нише прячется	1
и спросил	1
гостинице что	1
тех самых	1
невольно.<неи а	1
ли? не	1
генерал же	1
он даже	1
ногами бросался	1
в скамеечку	1
этого длинного	1
другое мрачное	1
груди в	1
все волнения	1
часов сад	1
самая секунда	1
ты тяжело	1
нож ожидает	1
прямо вниз	1
еще идя	1
себя рассуждаешь	1
едва слышным	1
пьяных и	1
ней а	1
вопрос он	1
не веруют?	1
этом? бормотал	1
и дочерей	1
ярким последствием	1
можете никакого	1
из этих	1
вызовом формулируй	1
что ли?<неи	1
страстно верить	1
мне на	1
усмехнулся проговорив	1
не подошел	1
под замком	1
ее уважение?	1
почти вплоть	1
светом озарился	1
сама утверждает	1
негодованием и	1
совершенно другого	1
как относительно	1
глядишь заметил	1
каким-то особенным	1
останавливаясь за	1
вы стоите	1
рогожина!<неи и	1
преступление ли	1
молодка? я	1
бокам за	1
боится а	1
там его	1
истинно религиозную	1
в пятистах	1
под силу	1
дома это	1
бы пожалуй	1
уже два	1
не начало	1
около головы	1
прежде сколько	1
непростительно и	1
шел бледный	1
поднялся наверх	1
бога на	1
двинулся идти	1
заинтересовался в	1
лимонных и	1
спрашиваешь и	1
самого на	1
молнии и	1
бы пошли	1
по условию	1
домами на	1
однажды рогожину	1
она до	1
предметах что	1
было как	1
с краской	1
уверял что	1
и спросить-то	1
про покойника	1
понимает хе-хе	1
обедом что	1
давеча? нет	1
он решился	1
беспрерывно проходили	1
окажется значит	1
площадку князь	1
остановился вдруг	1
туда к	1
обратно но	1
он конвульсивно	1
ступень и	1
или в	1
сегодня задачу	1
от всего	1
случилось в	1
он это	1
я вовсе	1
бы чем	1
становлюсь такой	1
новая внезапная	1
держите под	1
убеждение?..<неи убеждение	1
минуту спустя	1
мгновение необыкновенная	1
результате лизавета	1
его своим	1
затем явились	1
по окончании	1
провидением? сострадание	1
его взглядом	1
темных в	1
раза она	1
впечатлением одного	1
пересилило он	1
казалось что	1
ни малейшего	1
этом и	1
особого напряженного	1
спустя князь	1
он хоть	1
он остановился	1
трудно в	1
и глядела	1
минуту когда	1
ведь иначе	1
и застанет	1
особа известная	1
твоей стану	1
они часто	1
руки со	1
что эта	1
меня вот	1
всё расспрашивал	1
иволгина в	1
по оставленной	1
оживляясь под	1
книг всё	1
гостеприимен-с?<неи слишком	1
припоминаемая и	1
выживешь а	1
судьбу твою	1
не стать	1
москве одно	1
на улице	1
окне лавки	1
самый первый	1
настойчиво захотел	1
ну ожидал	1
дело что	1
весь третий	1
сходились с	1
что войдет	1
в мотивах	1
и ловить	1
разговоров но	1
несколько шагов.<неи	1
нож идет?<неи	1
безумная ревность	1
стоял отупение	1
этому страдательному	1
недель шесть	1
сам пойдет	1
рогожин пройдя	1
на мысль	1
небольшую комнату	1
уже один	1
него прежде	1
себя страшно	1
который они	1
обещавшийся быть	1
секретах заговорили-с	1
вы думали	1
мере мгновениями	1
степени непосредственного	1
и собралась	1
с негодованием	1
впрямь пожалуй	1
припомни как	1
оставленной ему	1
неужели не	1
сначала было	1
москве разыскал	1
время как	1
на бисеpном	1
силой воротить	1
двинулся с	1
недавнего настроения.<неи	1
он вовсе	1
конец у	1
книгу на	1
им даже	1
на голубой	1
липой что	1
ей не	1
давеча что	1
хлынуло на	1
слушателя до	1
ужасные предчувствия	1
улице он	1
голосом пойдем	1
как ни	1
промолвит ни	1
вот князь	1
день сбегал	1
посетившего его	1
ардалионович и	1
известить что	1
более усиливалось	1
хотел тебя	1
и ищет	1
разве у	1
расчету лебедева	1
страстных отречений	1
причины страстные	1
лучше потому	1
не писавший	1
направо и	1
и последнее	1
как мрачно	1
говорил а	1
прилив стыда	1
теперь за	1
радости и	1
двугривенный отдаю	1
кто он	1
исступлении вскричал	1
своим? князь	1
чрез четверть	1
что триста	1
смотрю она	1
же что	1
устремился к	1
впечатление князь	1
прощай проговорил	1
ее наконец	1
чтобы показал	1
разом но	1
этой нише	1
времени князь	1
как? остановился	1
он отворил	1
секретарши филисовой	1
еще вера	1
то мне	1
он рогожина?	1
захотелось пройти	1
будет сюда	1
можно было	1
настоящее насущное	1
как-то рассеянно	1
сделал благослови	1
в павловске!<неи	1
хотел сказать	1
бы всё	1
еще осуждать	1
секунда была	1
рекомендуя ему	1
сам привел	1
вы их	1
того горячо	1
боится.<неи князь	1
расспрашивал а	1
и пролилась	1
вы запретили	1
и увидев	1
постояльца смятение	1
глаза уже	1
князь бродил	1
перекрестках улиц	1
есть n	1
матери к	1
да от	1
ему руку.<неи	1
чего-то выжидал	1
как младенцем	1
встретить рогожина	1
нее как	1
князя тотчас	1
оглядывал комнату	1
рогожин.<неи зачем?	1
карточка возбудила	1
так опрокинулся?	1
парфен не	1
высоту она	1
тоже заметь!<неи	1
половым в	1
были знакомы	1
с князем	1
останавливался значит	1
и преувеличил	1
сильной задумчивости<неи	1
болезненном настроении	1
чем разумеется	1
время переменился	1
приобрел вместе	1
лебедев что	1
падучей производит	1
протестовал князь	1
осуждать бог	1
точно без	1
усиленным вниманием	1
выискался что	1
вот увидите	1
скоро однако	1
выйти ей	1
друг пред	1
оно захватывает	1
рогожине могло	1
глубины человек	1
как вкопанный	1
время чувствовал	1
вполне сознает	1
да потому-то	1
же производит	1
вдруг перекрестилась	1
эта баба	1
приехал и	1
связанное со	1
нечто мистическое	1
немного впереди	1
нему по	1
по другой	1
душу ненормальные	1
пот холодный	1
не два	1
отвращением припоминал	1
имел он	1
на скамье	1
уже был	1
неиv<неи было	1
всех обожает	1
едет на	1
сильным впечатлением	1
филисова была	1
спросить-то хотел	1
теперь он	1
лица если	1
голову...<неи но	1
этом легче	1
постарше ее	1
мозг и	1
не знаешь	1
он ступил	1
что-то действительное	1
смешиваю как	1
рогожину так	1
деньги-то небось	1
запросить с	1
конечно этот	1
довольно простой	1
он давно	1
такое в	1
улыбку заприметит	1
нежным упреком	1
начат и	1
станет подходить	1
трудно анализировать	1
под самым	1
глубине ворот	1
его беспокоившее	1
неужто уж	1
к генеральше	1
сам не	1
можно отдать	1
доходило а	1
же это	1
я на	1
ней прежде	1
встала и	1
красота и	1
стало ужасно	1
за стол	1
стоит больше	1
и поменялись	1
честный и	1
и нежно	1
вилась около	1
пожелала ну	1
одной двери	1
листы?<неи да	1
впереди князь	1
копеек один	1
генерале но	1
что вот	1
ганя которого	1
эти замечания	1
в теперешнем	1
замечать в	1
пробормотал он	1
рогожин на	1
и поскорее	1
это время	1
и принимать	1
он опить	1
почему же?	1
шутку пусть	1
секунда в	1
угодно уверяю	1
каким звонил	1
пока князь	1
которые я	1
ней? a	1
узнав что	1
что для	1
лебедев усмехнулся.<неи	1
уме было	1
большой ум	1
она прождала	1
будто смешиваю	1
кажется даже	1
останавливался иногда	1
высшего самоощущения	1
нет вот	1
внезапною идеей	1
легко мог	1
отвязаться он	1
второго этажей	1
за всю	1
вниманием всматривался	1
князь сошел	1
оставив карточку	1
теперешнем его	1
за всем	1
слишком слабыми	1
только страстности	1
товар выставленный	1
усмешкой прослушал	1
этим тебя	1
так дай	1
пять заметили	1
тобой совсем	1
говорю что	1
удара ножом	1
даже оценил	1
настасью филипповну.<неи	1
отдаленный гром	1
тут чудного	1
вся сущность	1
руку взял	1
и говорят	1
жаром и	1
он там	1
ярким светом	1
страсти что	1
был тогда	1
мотивах ссоры	1
вдруг почувствовал	1
на дебаркадере	1
о здоровье	1
скорей даже	1
состояние одним	1
ничего нельзя	1
соответственной ширины.<неи	1
одна только	1
противоположном тротуаре	1
всему семейству	1
на русском	1
предмет что	1
в ворота	1
когда тоже	1
думает о	1
всё было	1
до чрезвычайно	1
которому она	1
грусти душевного	1
и какая	1
он улыбнувшись	1
демон шепнул	1
кланяется кажись	1
но опять	1
встретились и	1
обнять но	1
довольно того	1
это? кто	1
и хоть	1
прежним его	1
будут не	1
он прибавил	1
близко от	1
дома ведь	1
болезнь всё	1
и судороги	1
уже шел	1
не подходит	1
пятьсот предложил	1
места после	1
подошел теперь	1
она была	1
засверкали и	1
при начале	1
вскричал вдруг	1
шее в	1
выйдет так	1
не видал	1
том и	1
воспоминание прошло	1
переезда в	1
самому лебедеву	1
делать парфен	1
только пред	1
допустить? известно	1
очень часто	1
стол это	1
женщину почти	1
и востролицая	1
одному внезапному	1
ему вдруг	1
лебедеву лебедев	1
отрекался рогожин	1
как вы	1
но кажется	1
душно...<неи почему-то	1
городу побродить	1
совершенно в	1
третьего дня	1
задумчивый несколько	1
отчаяния приковал	1
подумал об	1
кстати изверг	1
свояки вы	1
очень недавно	1
сердце радость	1
эти давешние	1
потел но	1
людей разгадывать	1
он давеча	1
почему с	1
мучительно напрягаемым	1
было различить	1
ты до	1
меня коли	1
замерло сейчас	1
свою мысль	1
много вынес	1
секрет.<неи и	1
дал если	1
ребенку недель	1
каком-то припадке	1
часам он	1
после этого	1
ужасом смотрел	1
там оставили?<неи	1
принимать его	1
пили часов	1
в одно	1
кто? это	1
сама хозяйка	1
высший синтез	1
пейзажи на	1
мне от	1
ревность парфен	1
племянника да	1
увидите а	1
ту секунду	1
нет ни	1
вот я	1
негаданного и	1
собой оставил.<неи	1
шести часам	1
яснее и	1
вечеру явился	1
пор как	1
начало самый	1
от хашиша	1
крест рогожина	1
прощай и	1
ему показали	1
мне не	1
всегда точно	1
пошел вниз	1
отрекалась и	1
при себе	1
мало ли	1
зарезал приятеля	1
впечатлением внезапной	1
недавно много	1
бы теперь	1
мне вот	1
ты видел	1
возбудила в	1
некоторых твоих	1
убеждение его	1
которую вероятно	1
в прошлую	1
полный мрак.<неи	1
всего своего	1
отец в	1
листы что	1
потому именно	1
момент мне	1
же странная	1
князю бы	1
тремя дочерьми.<неи	1
пойдет туда	1
что особа	1
день после	1
замечать чтоб	1
хоть обниму	1
рогожин мгновение	1
себе да	1
заложил в	1
утверждает она	1
тебе как	1
пьяных глаз	1
какая-нибудь приживалка	1
головы вселяла	1
невнятно пробормотал	1
минуты вот	1
вела в	1
положил его	1
в большую	1
крепко крепко.<неи	1
лебедеву подумать	1
заговорил было	1
маленькая старушка	1
сорока и	1
приходил доктор	1
но ведь	1
неотвязный и	1
тоске смотря	1
пожалуй точь-в-точь	1
забежной площадке	1
свидания с	1
разгороженную лоснящеюся	1
не накорми	1
ведь знает	1
тело больного	1
быть всё	1
рассказать невозможно	1
кажется действительно	1
какая безумная	1
уже овладевшее	1
и пусть	1
вспомнил теперь	1
дошли уже	1
опомнившись извини	1
самым высшим	1
сказали ему	1
совсем о	1
за несколько	1
меня всеми	1
с именин-то	1
чьи же	1
слов в	1
серебром он	1
груди его	1
уже до	1
князю во	1
загорелись он	1
разговору сидит	1
усиливалось гроза	1
боге как	1
барина и	1
болезни князя	1
душу это	1
результат если	1
аглаи ивановны	1
записку в	1
мрачное заволокло	1
на портрет	1
входа под	1
и это	1
рос и	1
я этому	1
я говорит	1
деревом в	1
секунду то	1
только предчувствием	1
так же	1
пойти туда	1
новая странность	1
перенесли в	1
почитает это	1
бы искать	1
первого этажа	1
дача лебедева	1
опять опустил	1
лебедева без	1
говорил совершенно	1
стоял по	1
увидать эти	1
но чужая	1
сегодня сказал	1
стало ты	1
страдание оно	1
павловск с	1
узкая и	1
любопытством спросил	1
сидел забывшись	1
время испужается	1
искривленною леденящею	1
отходившему рад	1
стенам было	1
россии так	1
редким и	1
кажется крикнул:<неи	1
более одного	1
поедет в	1
к трем	1
отрекся же	1
уверившись что	1
время их	1
так тот	1
до пятнадцати	1
петербургской и	1
князь вдруг	1
дает неслыханное	1
им же	1
прежнею же	1
день хотя	1
большого размера	1
много для	1
мой ответ	1
следовательно если	1
и деньги-то	1
было а	1
там у	1
братом он	1
и пробегали	1
совсем для	1
так ведь	1
им отворили	1
сурово меблированные	1
хотя с	1
и между	1
было на	1
жалость не	1
изъясняли так	1
его внимание	1
всего чуднее	1
так неужели	1
это копия	1
докончил он	1
уже были	1
ты совсем	1
смятение разрешилось	1
и хотел	1
хочешь или	1
тоску нагоняете.<неи	1
напасти не	1
конечно невыносима	1
памяти выбежал	1
если уж	1
птицыных и	1
быть какая-нибудь	1
сердца прочь	1
его губах	1
дверью тоже	1
цыпочках к	1
картина над	1
холодный этот	1
предчувствия князя	1
с грудным	1
настасье филипповне	1
достаточными причинами	1
насмешкой останавливаясь	1
иначе и	1
часов вечера	1
сильно любит	1
что прощай	1
кувшин с	1
об ученых	1
ему захотелось	1
говорила тебя	1
николай ардалионович	1
с злобною	1
ни где	1
и преступления	1
дня четыре	1
самый результат	1
кого угодно	1
большую залу	1
его поднялась	1
лебедеву даже	1
отречение рогожина	1
шаг одну	1
и сердечных	1
мысль ясно	1
сгубит я	1
ему через	1
которого мрачно	1
беспокойства как	1
и беспрерывно	1
думали кстати	1
оно внушает	1
если рогожин	1
вместе в	1
действительно выставлена	1
так даже	1
куплю ни-ни	1
своей дороги	1
одном этом	1
баба сказала	1
тебя убежала?	1
петербурге случаются	1
очень скоро	1
ребенок ей	1
прежнее все	1
состояния а	1
хотел было	1
сознает свои	1
рогожин убьет?	1
укажу.<неи неи	1
вдруг он	1
под видом	1
наживая да	1
мимо и	1
после такого	1
успев догадаться	1
головы дал	1
стола наконец	1
но один	1
летнего сада	1
плечами садясь	1
с неба	1
обниму тебя	1
упомянул сам	1
похоже было	1
они дошли	1
решительно осердилась	1
копия с	1
выходя разве	1
человек все	1
больше тоску	1
это вовсе	1
какие он	1
всякого кроме	1
небось сильно	1
от конвульсий	1
остановился.<неи покажь-ка	1
домашних под	1
двугривенный и	1
с искренним	1
туда на	1
а мне	1
человека во	1
радость всякий	1
князю дача	1
затылком о	1
часам коля	1
перегородкой из	1
тротуаре скрестив	1
ничего ведь	1
совершенно пассивно	1
входил к	1
человек доходило	1
часа являлся	1
детство она	1
чувством постукивая	1
страстно эту	1
ним вдруг	1
платком на	1
приключилась бы	1
крикнул:<неи парфен	1
часто даже	1
однако ж	1
парфен есть	1
в тебе-то	1
страдать и	1
нее сильнейшее	1
от дома	1
у солдата	1
свидание иметь.<неи	1
раза как	1
едем кричит	1
лестнице ближе	1
а насчет	1
этакие известия	1
понравилась впрочем	1
но должно	1
на руси	1
начинался самый	1
и разбитому	1
его со	1
что довел	1
небо на	1
явился князь	1
ему братом	1
она вся	1
и осторожный	1
стал соблюдать	1
противно и	1
кого-нибудь верить	1
после мгновенной	1
не существует	1
человека душевное	1
из этого	1
осьмиконечный полного	1
жильца расслабленному	1
удивила меня	1
же отправился	1
двоюродным оказываетесь	1
таинственности князь	1
переночевать а	1
нет состраданья	1
заклад что	1
ты любишь-то	1
повернул от	1
гонялся за	1
они производили	1
и задумался.<неи	1
печки в	1
невозможно везти	1
причина почему	1
странность он	1
она убеждена	1
захотел увидать	1
ты родного	1
всем этом?	1
теперь...<неи да	1
одну ступень	1
ужаса сопряженного	1
убеждений которые	1
чина и	1
от коли	1
доводишь вот	1
бывает материна	1
не скрывался	1
уже отдаленный	1
много могло	1
к небу	1
все-таки дошел	1
и потом	1
в гостинице	1
поняла-с имя	1
настойчиво попросил	1
многих же	1
читал и	1
обнять его	1
да чего	1
приятели напились	1
спустилось по	1
действительно не	1
птицын тоже	1
в полном	1
обнял князя	1
в два	1
по лицу	1
твою сгубит	1
идет так	1
опять коля	1
вниманием и	1
уже поздно	1
так думал	1
до страсти	1
несомненно мне	1
опять узнавал	1
чем им	1
в это	1
вещах с	1
в виде	1
и взял	1
любопытством разглядывал	1
без них	1
по матери	1
ты?<неи оставь	1
ехал парфен	1
забывшись под	1
мне одному	1
ты меня!<неи	1
день о	1
я был	1
часам в	1
лестнице и	1
что трудно	1
из таких	1
парфен едва	1
всех сейчас	1
ужасно захотелось	1
как это	1
упорно следил	1
платочком молча	1
саду когда	1
на таинственные	1
лебедев стал	1
парфен говорю	1
другом в	1
раз сегодня	1
захватил в	1
князь скрывался	1
возвращаясь в	1
ему наконец	1
и относительно	1
мне сказал	1
тебя как	1
во что-нибудь	1
набережной невы	1
вынес он	1
самые предосторожности	1
уходя предуведомили	1
сюда как	1
скамьи и	1
ненормальное если	1
виде того	1
замечания и	1
почти пред	1
мрак в	1
наконец вдруг	1
внимание даже	1
давал а	1
же иволгин	1
коля заметил	1
главное то	1
ли для	1
коле крепко	1
вагоне проговорил	1
сверх того	1
как отец	1
неиiv<неи пошли	1
меня чудная	1
гадкий и	1
страдающий взволнованный	1
будет и	1
и она	1
сегодня чрез	1
не нужно	1
у матушки	1
один в	1
глядит на	1
стены надо	1
в русскую	1
находился в	1
и разговоров	1
свет и	1
обе они	1
мысль мысль	1
о боже	1
николаич давно	1
купцов охотник	1
настроения.<неи вот	1
хорошо воспитанный	1
у князя.<неи	1
же теперешнюю	1
через площадку	1
она давно	1
они должно	1
около толстого	1
совокупности его	1
пускал к	1
родню тотчас	1
теперь надо	1
уехать но	1
с тремя	1
и всю	1
к ней	1
непременную уверенность	1
этого убеждения	1
рогожин до	1
тоскующему и	1
подумал не	1
что уже	1
всего за	1
это? тут	1
к другой.<неи	1
любовь так	1
и обедали	1
мрачных и	1
рогожин не	1
лицо о	1
наскоро спросил	1
в комнаты	1
князь уже	1
унизительность этого	1
ему а	1
цыпочках еще	1
с особою	1
на перекрестках	1
идет минуту	1
произвело на	1
которую предполагал	1
их в	1
и расставлены	1
за плечами	1
наметился возвел	1
здорового человека	1
его лицо	1
родном отце	1
павловск то	1
имеющий в	1
скучно я	1
крадущимися шагами	1
кого-нибудь таиться	1
благословите говорю	1
было справедливо	1
никакого подозрения	1
пусть-с да	1
прости ради	1
этими наблюдениями	1
это баловство	1
через пять	1
ли? но	1
далеко не	1
до четырехсот	1
таких редких	1
фантастически вспоминал	1
виноват во	1
только мучаете	1
этакой гостеприимен?<неи	1
даже удивила	1
этого всего	1
мной не	1
имел по	1
крест парфен	1
глаза к	1
конечно его	1
предчувствие что	1
как минут	1
на человека	1
въезжал в	1
дверь просовывал	1
становится это	1
отдаться всему	1
разрешится с	1
послушною и	1
тоже ему	1
удесятерялось в	1
которых ничего	1
к шести	1
у иного	1
спросил князь.<неи	1
неделе брату	1
что николай	1
спросил с	1
бросив князя	1
тут в	1
гостиницу наткнулся	1
как раз	1
этим крестом.<неи	1
поднялась и	1
уж слишком	1
поместительной при	1
убеждение в	1
не сознавая	1
не убежал	1
цыпочках медленно	1
обидное негодование	1
нож проговорил	1
есть?<неи даже	1
которую не	1
пятнадцати до	1
еще страшнее	1
неву он	1
то говорил	1
разговор который	1
эти существа	1
он попросил	1
несколько дней	1
слышал о	1
наверх и	1
не жалость	1
сама спохватилась	1
успев разглядеть	1
более шести	1
выдумаешь ха-ха-ха	1
вот сказал	1
опять по	1
такое впечатление	1
начале лета	1
с--м в	1
ему уж	1
поменялись он	1
гольбейна а	1
гостиница и	1
и глядишь	1
с каким	1
эффектом который	1
взгляду он	1
нет? вдруг	1
а потом	1
бы знать-то	1
виноват пред	1
вопрос которому	1
уединение скоро	1
самого утра	1
мгновении впоследствии	1
он спросил	1
но рогожин	1
так он	1
твои деньги?	1
горькою молитвой	1
тот наконец	1
надо будет	1
террасе довольно	1
он спустился	1
убеждена и	1
него поспешно	1
деньги полюбил	1
который никакою	1
теперь всё	1
буду сам	1
жалости"? разве	1
человек то	1
точно опять	1
душно похоже	1
и перессорилась	1
направо он	1
самого рогожина	1
и неприлично	1
ним опять	1
раза набожно	1
дрожали и	1
хотел только	1
по наружности	1
стать я	1
разве решено	1
несчастного человека	1
и проблески	1
эпилептикa магомета	1
руку с	1
тот осклабившись	1
неужто не	1
ему давеча	1
трудность и	1
тогда вcё	1
идет?<неи с	1
еще судорожно	1
ты она	1
бы сиятельнейший	1
этих шесть	1
полового это	1
более этот	1
дороге он	1
опасности от	1
лебедев.<неи князь	1
голова что-то	1
крикнул сверху	1
и выходить	1
теперь у	1
уверяли что	1
куплены батюшкой	1
он хотел	1
вопль вырывается	1
на пол	1
понимать окружающее	1
человека различаю	1
подожду еще	1
вступали иногда	1
и негаданного	1
видимо не	1
не упоминая	1
него не	1
конечно в	1
друг с	1
нарочно этот	1
ступень рогожин	1
беспредельному счастию	1
себе переманили.<неи	1
усмехнулась мне	1
николаевский воксал	1
себе обедать.<неи	1
знать-то дал	1
поглотила вечерний	1
раз когда	1
опять на	1
надо ее	1
чтоб ее	1
в записке	1
вселяла недоумение	1
свезены на	1
услышал вчера	1
тут безумство	1
целью с	1
здешнее забыть	1
которой они	1
бросил на	1
уж два	1
кого видел	1
недавно в	1
матушки руку	1
до ног.<неи	1
без самомалейшего	1
вырывается из	1
друг друга	1
воротился и	1
купленная говорит	1
что-то припоминая	1
он сюда	1
теперь как	1
ухо сообщить?<неи	1
лебедев с	1
даже что	1
говорит я	1
настоящий оловянный	1
портрет разглядывала	1
атеизмы и	1
секрет как	1
сюда.<неи опять	1
ведь тогда	1
подходит тут	1
же некоторые	1
он ее	1
как бывает	1
теперь сомнения	1
принял больного	1
варя и	1
и готова	1
не пошел	1
бешеная улыбка	1
вдруг заключил	1
время пока	1
выйдет князь	1
русском свете	1
ним крестами	1
пред лавкой	1
замахал руками	1
еще утром	1
говорит али	1
же есть?<неи	1
и припадочно	1
были расположены	1
эти коридоры	1
когда похвалил	1
их увидать	1
шагах от	1
давно друг	1
какой трудно	1
с самым	1
мучила князя	1
мне хе	1
счастливо по	1
очень с	1
сперва пришел	1
страшнее воды	1
меня почитает	1
не русская	1
уже садясь	1
убежала тогда	1
рогожина? он	1
меньше двухсот	1
узнал и	1
ужинали и	1
что старые	1
привязался к	1
человека узнал	1
разве может	1
его что-то	1
с раздражительною	1
и слышал	1
могло оправдывать	1
называет его	1
товаров то	1
бога он	1
буду а	1
невозможно он	1
лестницы очень	1
я матушкину	1
ясно читали	1
до мучения	1
рад кто	1
что этот	1
дня генерал	1
самого переезда	1
генерала? подскочил	1
его всё	1
его заложил	1
носить буду	1
этом совсем	1
ей вдруг	1
и знал	1
оценил в	1
по получасу	1
и бессловесною	1
некоторое время	1
заинтересовавшее его	1
записке что	1
дачники генерал	1
изверг ровно	1
своими скопцами	1
различили падучую	1
ввел князя	1
ним будет	1
весах и	1
полное сознание	1
тут непременно	1
епанчина князь	1
понятно этот	1
филипповну.<неи сама	1
оборачивался пробирался	1
который теперь	1
же точно	1
неделе в	1
брошу вашу	1
бессловесный рос	1
хотелось что-то	1
спросил князь	1
он было	1
обдумать непременно	1
гневе вышла	1
вы племянник	1
в трауре	1
пускали? час	1
невыносима раздумывая	1
состоянии он	1
голоду бы	1
ты всё	1
производили на	1
деревьев он	1
и тысячелетие	1
доктор приглашенный	1
начинал страстно	1
с кем-то	1
душу впрочем	1
ты пожалуй	1
и сказала	1
судорожное объятие	1
угасло мгновенно	1
должна же	1
бросил лавку	1
комнаты какой-то	1
какие атеизмы	1
лестница как	1
эта любовь	1
эпилептическое состояние	1
поменялись парфен	1
в полшага	1
же до	1
я всё	1
тебя во	1
генерал для	1
болезненного состояния	1
поглубже одной	1
и некоторое	1
леденящею улыбкой	1
картина гольбейна	1
ты того	1
гром становилось	1
несомненно может	1
лебедев несмотря	1
был неглупый	1
назад.<неи это	1
да азартен	1
улыбнулась им	1
в мучительном	1
тогда под	1
во весь	1
если глядит	1
противоположной той	1
сердце и	1
пред окном	1
маленькая слабость	1
обращалась и	1
рогожина засверкали	1
известия признак	1
мысль от	1
с водой	1
на прямой	1
моменты эти	1
он чего?	1
что опять	1
и трус	1
ты...<неи рогожин	1
по смерти	1
безумия тогда	1
и секрет.<неи	1
минуты без	1
площадку лестницы	1
знал почти	1
удивлением заметил	1
очень темно	1
и потому	1
свою правую	1
поменяться крестами	1
приманка он	1
к каждому	1
движений поступков	1
рогожине то	1
во всей	1
лебедев рекомендуя	1
даже смешивает	1
что человек	1
докладываясь рогожин	1
его опять	1
этот портрет	1
их пошли...".<неи	1
низкого предчувствия	1
новый? разве	1
эта лестница	1
ждать известий	1
рогожина.<неи что	1
в шагах	1
только меня	1
по целым	1
судья а	1
тебе руку...<неи	1
сошел одну	1
же предчувствие	1
руками и	1
теперешнее скоро	1
перемену всякую	1
успевшего однако	1
своего рождения	1
ее слугой	1
это было	1
тамошних сходок	1
в котором	1
вчера мне	1
же солдату	1
обожает но	1
это надо	1
ученый и	1
интерес что	1
городе генерала	1
и будем	1
пробормотал князь	1
раздумывая об	1
ее упирались	1
бывает необыкновенно	1
россии больше	1
только...<неи князь	1
совершится свободно	1
по сердцу	1
куда идет	1
как мы	1
говорят же	1
исказила его	1
хотя смех	1
поспешно вошел	1
своим братом	1
впрочем какой	1
засел бы	1
здесь пересмотрел	1
пятнадцати в	1
что вечно	1
вседовольный прыщик	1
вдруг по	1
разрезаешь? спросил	1
свете верь	1
времени больше	1
приостановился рогожин	1
малейшей когда	1
быть? как	1
нож и	1
что грешник	1
это припомнил	1
их всех	1
было смотреть	1
нем много	1
он останавливался	1
часы.<неи рогожин	1
него но	1
к свадьбе	1
ты? вскричал	1
сильные страсти	1
я сложу	1
когда же	1
были именно	1
очевидно произвело	1
какое безобразие	1
стороны так	1
как от	1
эту самую	1
на даче-то	1
другого она	1
я ни	1
который тот	1
хождением на	1
за двугривенный	1
станет ее	1
дни светлые	1
тогда от	1
что-то наскоро	1
поцеловав у	1
единственный закон	1
очень понятными	1
большим платком	1
если ты	1
не понял	1
себя за	1
нет рогожин	1
ловить его	1
тут стоя	1
заинтересовался да	1
об заклад	1
часы не	1
и крест	1
пойдем лев	1
огорчение и	1
там колю	1
ты мнителен	1
на князя	1
так окончательно	1
чpез час	1
коля перевез	1
еще больше	1
решительный и	1
свободный вход	1
нетерпением смотря	1
напрягаемым вниманием	1
закон бытия	1
могло быть	1
теперь мрак	1
тоже этот	1
веру под	1
желал бы	1
теперь принимаешь	1
рисунка я	1
надоевший музыкальный	1
тут поместиться	1
жалости правда	1
он яснее	1
и высказал	1
таких книг	1
с настоящим	1
подтвердил он	1
забежной площадки	1
входа на	1
оставь проговорил	1
лебедев махая	1
полное разума	1
воды со	1
с необыкновенно	1
безумство с	1
такого мрачного	1
мать горя	1
я приехал	1
его оценке	1
для этой	1
сходить в	1
не захочешь	1
стоял и	1
припадке даже	1
быту совсем	1
покойника расспрашивала	1
состояние его	1
туч вдруг	1
а какая	1
мгновение вдруг	1
если минута	1
потерянная улыбка	1
воспоминание чрезвычайно	1
слова не	1
совсем становлюсь	1
продолжалось может	1
и искажающие	1
виду он	1
вы точно	1
уж там	1
князь лишь	1
которым уже	1
свой оловянный	1
ему она	1
человеческое и	1
первых моих	1
внезапные воспоминания	1
я может	1
испуганно шептал	1
впрочем если	1
сострадание есть	1
он находился	1
пускать птицыных	1
себя с	1
что снял	1
же ее	1
они вступали	1
никого топал	1
совсем как	1
безумия? гм	1
ты носи.<неи	1
им и	1
князь тотчас	1
я рад	1
всем другие	1
благословила постой	1
тебе реестрик	1
парфен горячие	1
с минуту	1
князь но	1
все уже	1
собственно самая	1
той из	1
у печки	1
рогожин.<неи слушай	1
говорил с	1
что-то наконец	1
она не	1
на ухо	1
эк ведь	1
но для	1
не докладываясь	1
себе это	1
я да	1
картину да	1
небу перекрестился	1
ходить он	1
ошибка но	1
замечал ни	1
сложила пальцы	1
недоумение сам	1
чаю и	1
говорили не	1
за всё	1
делать на	1
и князю	1
солнце было	1
чудная задача	1
душевный мрак	1
генеральши епанчиной	1
странно спрашиваешь	1
давешним предположением	1
до свиданья	1
ты не	1
машинально сжимая	1
той окончательной	1
моих слов	1
ней в	1
картину не	1
нему окончательно	1
бросился на	1
ни встречался	1
иногда на	1
венцу идет	1
поднял свои	1
имени вопрос	1
запретили мне	1
говорят с	1
успел взяться	1
вечера узнав	1
черту в	1
что-то преследовало	1
ивановны боится.<неи	1
же нет?	1
серебряные на	1
шагах в	1
был рад	1
колю если	1
всю истину	1
любовался на	1
и поехавший	1
лебедев пораженный	1
два миллиона	1
человек действительно	1
рассудочная в	1
в сибирь	1
аукционе когда	1
знал у	1
с намерением	1
расставлены лебедев	1
как молния	1
причины и	1
оказалось что	1
вспоминать про	1
и сострадать	1
правда мать	1
еще родителю	1
отречений как	1
если их	1
свое чрезвычайное	1
чрез десять	1
ему сегодня	1
матери племянником	1
дважды два	1
быть теперь	1
хотел поворотить	1
за низость	1
вашу дачу	1
дом коллежской	1
просовывал голову	1
кошмар!".<неи была	1
припадком ему	1
звук своего	1
павловске.<неи неи	1
сказал подумал	1
полутемноте у	1
она изображала	1
что пойми	1
разве ты...<неи	1
без цели	1
люблю смотреть	1
одному скучно	1
гостинице переночевать	1
коля оставил	1
генерал иволгин.<неи	1
князь несмотря	1
рогожин видит	1
переменить один	1
вспомнил и	1
испытал почти	1
немыслимо почти	1
разрешать нахлынувших	1
проговорив свой	1
полшага глубины	1
известил князя.<неи	1
и рассказать	1
относительно князя	1
поминутно и	1
но это	1
улыбнулся по	1
никого.<неи во-первых	1
в трактире	1
какое бывало	1
вас и	1
эта картина	1
опять пересилило	1
почему-то заперся	1
это поглубже	1
отношения к	1
четвертого и	1
же ножик	1
человека человек	1
прошлую ночь	1
князь удивился	1
как тебя	1
рук князя	1
всеми другими	1
не докончил	1
бы пусть-с	1
такие страсти	1
прелестные дни	1
и откушают-с	1
над кроватью	1
и никогда-то	1
самый последний	1
нему осторожно	1
себя.<неи лестница	1
надо крепко	1
прочим как	1
до половины	1
того же	1
князя.<неи вы	1
он все-таки	1
и похудел	1
бери же	1
бы вы	1
с отвращением	1
новый нож?	1
получасу простаивает	1
есть я	1
я вам	1
надо делать<неи	1
в какое-то	1
молча один	1
это он	1
это напряжение	1
пропадает и	1
находился князь	1
отказался откушать	1
душа его	1
место.<неи я	1
ты безмерно	1
но хоть	1
и сколько	1
предчувствием той	1
опять пошли	1
очень странное	1
и конечно	1
он сомневаться	1
перекрестилась что	1
по молитве	1
не что	1
коля со	1
убежал ли?	1
полюбила только	1
выразилась то	1
твоя жалость	1
какое-то высшее	1
этих деревьев	1
увидеть и	1
николаевич сказал	1
подтвердилась и	1
с ганса	1
подумал он	1
мысли на	1
шел теперь	1
без малейшего	1
им разрезаешь?	1
иду скорей	1
едва время	1
они уже	1
такое что	1
иметь не	1
смешал ли	1
тут смеясь	1
на террасу	1
видеть лицо.<неи	1
тревогу следовательно	1
неожиданно отвечал	1
значит сама	1
тут всё	1
махал руками	1
ты бы	1
спросил себе	1
будет гостеприимен-с?<неи	1
глубокую такую	1
ходила осматривала	1
у окна	1
пятьдесят рублей	1
неглупый парень	1
летел же	1
держась за	1
пойдем перешли	1
самосознания если	1
как теперь	1
всё разом	1
дрянь еще	1
лестницу он	1
ленточке но	1
да вот	1
но уж	1
его преобразилось	1
ардалионовича? пускать	1
проблески были	1
нуждаясь в	1
значит эта	1
свою потерянную	1
сам ты	1
что-нибудь верить	1
у себя-с.<неи	1
одна новая	1
отдать всю	1
и часа	1
но эти	1
наткнулся на	1
ее люблю	1
ясно вспомнил	1
нашептывания его	1
взбежав на	1
младенцем стала	1
честное слово	1
ним случилось	1
про тебя	1
парень солидный	1
уверенность что	1
его задрожали	1
же стало	1
впрочем и	1
товар? ведь	1
образе этого	1
четвертого их	1
желаю а	1
почти бессменно	1
почти здорового	1
не поминутно	1
чести я	1
обедом об	1
князя улыбнулась	1
правда вот	1
рогожину тот	1
уже ступить	1
я ведь	1
в книгу	1
отвернулся подошел	1
глазами буду	1
прячется зачем-то	1
деревья были	1
разные встречи	1
проходить людей	1
знаток небольшой	1
прежде о	1
князя перенесли	1
спохватится я	1
может что	1
демон прогнан	1
давно я	1
знает ли	1
князь по	1
себя всё	1
хохотал так	1
любит смотреть	1
не поедет	1
она другого	1
может бог	1
но не	1
словом самосознания	1
князю любить	1
подглядел в	1
лестницу сердце	1
убеждением проговорил	1
гостеприимен-с во-первых	1
оценивал в	1
заключить было	1
почти немыслимо	1
ней буду	1
не ждать	1
тут хоть	1
являлся опять	1
всё более	1
могу сейчас	1
цельное и	1
посинелых губах	1
и притворил	1
помолчав рогожин	1
то неожиданно	1
воспитанный человек	1
понял вечером	1
чувствовал необыкновенную	1
чувства ни	1
поворотить назад	1
я тебе	1
припадки эпилепсии	1
тебя что	1
коля появился	1
семейству лебедева	1
входе с	1
воротить свою	1
цинически-откровенно сделать	1
что надо	1
этот знаешь	1
же на	1
что они-с	1
не сюда	1
убеждение что	1
спросил рогожин	1
парфен всё	1
весы куда	1
обдумал и	1
странная по	1
хороших отношениях?<неи	1
нуждался в	1
и полового	1
яснее хотел	1
глупого барина	1
шесть будет	1
медленно крадущимися	1
на вопрос	1
опять усмехнулся	1
что попадалось	1
голубой крепко	1
стало очень	1
картину вскричал	1
князь обращает	1
сам и	1
с удовольствием	1
того соблазнили	1
говорит известно	1
дома непременно	1
так позвольте	1
другой дом	1
то стало	1
разве садовым	1
сюда ехал	1
парфен семеныч	1
мне стало	1
оставлять рогожина	1
с дачей	1
переменился и	1
толстого каменного	1
секретное? отнюдь	1
слон движений	1
на беспрерывном	1
своего семейства	1
счастливому обстоятельству.<неи	1
только мужа	1
совсем будто	1
целое утро	1
дому на	1
что кажется	1
виде подходит	1
себя почти	1
пол и	1
отношениях в	1
поднял руки	1
генеральше епанчиной-с	1
теперь непременно	1
кажется отличная	1
желание захватило	1
дней несколько	1
в павловске.<неи	1
в выводе	1
давеча отрекался	1
хозяйка дома	1
по бокам	1
прошлого года	1
последний сознательный	1
прежде хотел	1
соблазняло его	1
другого теперь	1
с каждым	1
тем уже	1
сейчас от	1
его дела?	1
эти были	1
страсть? оно	1
даже обидное	1
проверить стоял	1
своих слов.<неи	1
он заговорил	1
утром в	1
увидала что	1
и умом	1
чувством очень	1
говорит точно	1
числе вещей	1
и ждал	1
решался он	1
начала а	1
мной так	1
совершенно смерклось	1
этого князь	1
предположить что	1
таким видом	1
всякую перемену	1
была гостиница	1
он прибавил:<неи	1
половины четвертого	1
разглядывал товар	1
внимания но	1
еще пуще	1
признал в	1
один предмет	1
непременно встретит	1
в кого-нибудь	1
пошли...".<неи рогожин	1
сама напишу	1
лицу его	1
не садилось	1
даже может	1
дома но	1
дачу сказал	1
читал еще	1
собой оба	1
время стоял	1
человечества о	1
князь заметил	1
он сегодня	1
бывало же	1
и точно	1
бросился вниз	1
же его	1
это одно	1
князь немедленно	1
припомнил как	1
что про	1
него каждый	1
говорить с	1
теперь что	1
на минуту	1
зарежешь и	1
себе по	1
поутру-с но	1
уже называет	1
когда уже	1
что генерал	1
обстоятельству.<неи коля	1
павловске!<неи да	1
прочь вырвать	1
по сообщенному	1
был близко	1
в летах	1
комнаты было	1
а стало	1
на лестнице	1
человек непременно	1
даже он	1
на набережной	1
уж ты	1
пассивно не	1
ни малейших	1
это же	1
еще поутру-с	1
не оставь	1
комнату висела	1
этих мрачных	1
пролилась в	1
правда он	1
страдать он	1
по городу	1
другого боится	1
рогожину прямо	1
чьи это	1
гармоничной радости	1
и царские	1
и поздно	1
жить я	1
часть своего	1
князь дошел	1
князя затем	1
тоже за	1
познаниям и	1
замка ждал	1
желала заявить	1
не виноват	1
и тотчас	1
давая знать	1
быть да	1
русскую душу	1
него почел	1
без сердца	1
смех всё	1
своего младенца	1
другом с	1
необыкновенным жаром	1
почти половина	1
набожно перекрестила	1
крови около	1
и мне	1
рогожин едко	1
стоял почти	1
окружающее коля	1
ли в	1
даже это	1
потемки вот	1
переехал лебедев	1
знал такого	1
было этих	1
свету рогожин?	1
наклонила в	1
вас? вы	1
выставил ему	1
успевал сказать	1
эта дрожь	1
откушают-с князь	1
с вызовом	1
а тут	1
насмехается да	1
напрасно девицы	1
рассматриваемая уже	1
думал ее	1
я слыхивал	1
дома он	1
эти глаза?	1
такое предприпадочное	1
таких же	1
князь про	1
но крестьянскому	1
другого.<неи да	1
тебе пора.<неи	1
ног и	1
где именно	1
эти шесть	1
он прилеплялся	1
но взбежав	1
день тысячелетия	1
расположены номера	1
той которая	1
площадку первого	1
уж одно	1
составляло по	1
так прямо	1
смеясь начала	1
лестница на	1
здесь по	1
тяжелым удивлением	1
смерти родителя	1
ним ярким	1
сходился с	1
давеча так	1
слыхивал и	1
так хотелось	1
минута в	1
странно вдруг	1
низок чувствую	1
и воротился	1
он сидел	1
замечательнейшего человека	1
иволгин.<неи епанчины	1
рогожин за	1
он но	1
только настоящий	1
же убийстве	1
душа это	1
с одного	1
садилось дошел	1
который вырвался	1
нише тоже	1
были те	1
забыть настоящее	1
со скамьи	1
давно оставившей	1
давешний племянник	1
своего вывода	1
помнил это	1
копить и	1
ощущения припоминаемая	1
да разве	1
отдаленное предвещание	1
кончить всё	1
до глупости	1
не вор	1
отворил дверь	1
вот иду	1
как въехал	1
шатается по	1
отгонять никого.<неи	1
крест тут	1
почему же	1
свои? разве	1
и поражен	1
он однажды	1
минуту остановился	1
подошел к	1
сколько я	1
всех кому	1
ты странно	1
недавно он	1
и восторженного	1
да я	1
всё лицо	1
ему хотелось	1
царскосельской дороги	1
особенно сопряженные	1
вагона николаевской	1
словом ни	1
предмету и	1
тысячелетия россии	1
есть же	1
что-то особенное.<неи	1
любить страстно	1
вдруг прервался	1
на мостах	1
к дарье	1
молчал с	1
а приехал	1
невзначай пугал	1
особенною целью	1
спорили даже	1
вдруг где	1
с женой	1
нередко кричали	1
его прежней	1
князем о	1
могло проходить	1
то в	1
поскорее пошел	1
проговорив едва	1
тот взял	1
уже он	1
или по	1
бежать за	1
улыбнувшись видимо	1
приключений князя	1
в вагон	1
болезненного нетерпения	1
найти? так	1
судьба твоя	1
семенычу уж	1
минуту коля	1
вырвать ну	1
хотели вместе	1
рождения смотрю	1
кому угодно	1
до болезненного	1
цыганкам едем	1
так цинически-откровенно	1
именно тут	1
никак не	1
его все	1
человек представляется	1
своему демону!<неи	1
иначе значило	1
она со	1
тимофеевич вы	1
улыбкой чьи	1
глядят в	1
в белых	1
ним согласился	1
непременно пойдет	1
убедится какое	1
первая старушка	1
я усмехнулся?	1
уж в	1
стал понимать	1
он такого	1
твоей она	1
в карете	1
скрывался а	1
как вдруг	1
опить случилось	1
иное как	1
настоящим ученым	1
лавки и	1
площадки крест-от	1
да мучительное	1
утром ехал	1
ведь страсть-с	1
разумеется в	1
номер он	1
рогожин поцеловав	1
из купцов	1
аглаи сорвалось	1
его к	1
болезнь? решил	1
с редким	1
на каторгу	1
свет озарил	1
существует ли	1
и полюбила	1
что припадки	1
снятого со	1
ему до	1
князя.<неи в	1
князь за	1
которая стояла	1
нему никого	1
похвалил да	1
в которой	1
я брат	1
вспомнил что	1
уездной гостинице	1
делать с	1
ее не	1
шесть месяцев	1
ищет чего-то	1
глаза смотрел	1
не глядя	1
неиvi<неи дача	1
бы то	1
князя очевидно	1
будто чего-то	1
в тоске	1
ревнив потому	1
впрочем за	1
такое слово	1
вся точно	1
есть известная	1
такую тонкую	1
что теперь	1
пять минут	1
опиума или	1
более и	1
уже непоколебимо	1
аршин в	1
вовсе как	1
вашем наведываться	1
со встретившимся	1
не можете	1
заметил дурного	1
и которую	1
быть причина	1
верь мне	1
убежала? она	1
из нее	1
наблюдениями и	1
деле сейчас	1
человек положенных	1
прервался разговор	1
перед ним	1
секрет сообщить	1
взял нож	1
и допустить	1
выходной двери<неи	1
чрез те	1
два это	1
был много	1
картину за	1
заключение это	1
внезапной мысли	1
новый.<неи ну	1
припадков его	1
биения и	1
благословение его	1
будет почтительности	1
лихорадке теперь	1
любишь-то ее	1
и другое	1
мгновение ярким	1
несколько из	1
светло разве	1
него на	1
человек-с вы	1
но какое-то	1
пройти в	1
сердца и	1
слыхивал что	1
что вслед	1
следовало бы	1
что времени	1
чувством вырвалось	1
скорей допрашивал	1
лебедев топающий	1
лебедева но	1
надо чтобы	1
насмехайся и	1
смотреть теперь	1
идут на	1
боже какой	1
бы меня	1
он хочет	1
ну да	1
он повернулся	1
почти от	1
однако в	1
доволен что	1
бы опозорит	1
копеек серебром	1
мрак чрез	1
лицо? да	1
рогожин даже	1
время был	1
кидаясь от	1
мне сама	1
серебряный вижу	1
было рассердиться	1
соблазн вдруг	1
и насладившись	1
так оставлять	1
отце и	1
слова о	1
будет так	1
дачу и	1
кидается что	1
вокруг него	1
седая и	1
еще в	1
своего демона	1
знакомы князь	1
спросить многие	1
продолжавшемся но	1
состояла его	1
ему чьи	1
на посинелых	1
допустить ведь	1
по деревянному	1
выразить это	1
озарил его	1
того оживляясь	1
милое лицо	1
какие тебе	1
что настасья	1
задачу ну	1
да в	1
пришло что	1
говоря князь	1
взял его	1
способен к	1
прятаться засмеялся	1
этого она	1
карточку князя	1
не способен	1
вскричал наконец	1
покатился со	1
вдруг потянул	1
нем нет	1
допустить что	1
реестрик сама	1
рад парфен	1
передать его	1
была минута	1
завтра идти	1
он таков?	1
книги не	1
старушка прежде	1
князь отшатнулся	1
ожидал да	1
довольно здоровым	1
коридоры и	1
ли даже	1
с моей	1
именно поразило	1
это переменю	1
наступил полный	1
несколькими шагами	1
самой выходной	1
озарился мрак	1
рассеян демон	1
крестом.<неи носить	1
ему тогда	1
тот что-то	1
ожидает да	1
снимая его	1
самое полное	1
и ревнив	1
свои руки	1
и вспоминать	1
нее руку	1
и делай	1
как барана	1
себе такой	1
семену семенычу	1
уж долго	1
были еще	1
небольшой но	1
кричит этот	1
племянником двоюродным	1
был всего	1
мысль такую	1
вход к	1
пробормотал помолчав	1
семеныч сильные	1
он ясно	1
уже очень	1
почти детский	1
ищет кругом.<неи	1
были приняты	1
родная дочь	1
слово о	1
хоть сегодня.<неи	1
много читал	1
верует а	1
лев николаич	1
под предлогом	1
крепко обнял	1
в начале	1
если самый	1
и быстро	1
зарежу невнятно	1
в конце	1
несколько картин	1
за плечи	1
филисовой с	1
почем знать	1
на душе	1
во время	1
явился около	1
неверующими и	1
он бывает	1
который у	1
за мной	1
оправдывать ужасные	1
спросить веруешь	1
ум есть	1
досадой схватил	1
явились варя	1
увидел? точно	1
и сомнений	1
чистоты холодно	1
переменять так	1
часто сходились	1
эти моменты	1
перевез.<неи неужели	1
этом хаос	1
рогожин и	1
была для	1
в воротах	1
скорей свадьбу	1
из-под ворот	1
человек этот	1
хотелось расставаться	1
ведь бог	1
был усмехнулась	1
часа четыре	1
меры примирения	1
правда ты	1
павловск что	1
твоя уступаю	1
за этот	1
весов он	1
человека хотя	1
говорила почти	1
отклонил лебедев	1
предположением своим?	1
явились вдруг	1
рад коле	1
дни и	1
он бросил	1
книгах пишут	1
и спорили	1
где находился	1
человек вздохнул.<неи	1
смех после	1
самое говорила	1
такой рассеянный	1
преступления и	1
самом входе	1
говорю молодка?	1
жизненные силы	1
почему она	1
чего? существует	1
чуднее то	1
рогожина сведением	1
с довольно	1
но как-то	1
опередил епанчиных	1
знаком он	1
овладевают всем	1
и обратно	1
пошли чрез	1
ребенком при	1
почему лебедев	1
дороги те	1
была каменная	1
приключившемся с	1
мать и	1
пошел от	1
и безмолвно	1
необыкновенно секретным	1
туда ведь	1
спросить? и	1
садовым нельзя	1
ты свои	1
никакой такой	1
него часы.<неи	1
воротиться да	1
но парфен	1
формы ножик	1
изображала спасителя	1
идут-с идут-с	1
коридоры первого	1
бесчестен повторял	1
идею ему	1
высказал но	1
и каждый	1
сопряженного со	1
ну как	1
ее увидать	1
и кстати	1
минут через	1
одной новой	1
князь при	1
уже конечно	1
князь сел	1
после всего	1
плачет смеется	1
страстная душа	1
во-первых никакой	1
князь подходил	1
узнает всю	1
и кончить	1
каморке ложиться	1
кроватью в	1
опрокинувшийся кувшин	1
него к	1
слугой братом	1
более пятнадцати	1
разложенных напоказ	1
как а	1
и мы	1
выжидал но	1
он любил	1
разбитому телом	1
с этим	1
и десять	1
говорят и	1
узнал так	1
она ничего	1
стыда залила	1
перед другом	1
деньги копить	1
момент сам	1
это нравилось	1
было выразить	1
самоощущения и	1
я укажу.<неи	1
своей гостиницы	1
и второго	1
кричит как	1
овладевшее им	1
вдруг опить	1
аукционах куплены	1
каждым словом.<неи	1
слабость но	1
беспокойтесь я	1
всматривался во	1
что к	1
тотчас лезет	1
беспокойством но	1
судороги овладевают	1
наделавшем шуму	1
видя что	1
как об	1
как ее	1
впрямь не	1
обращался он	1
князь родня	1
с поездом	1
иметь.<неи для	1
хаоса этого	1
брат князь	1
убьет? вздрогнул	1
его замерло	1
смотришь теперь	1
вопросов что	1
позвонил и	1
их здесь	1
князь подавая	1
знает какой	1
всеми этими	1
невзначай за	1
дачей и	1
у другого	1
глаза-то? и	1
молитвенного слития	1
копеек конечно	1
пошел же	1
садовый разве	1
что есть	1
чрезвычайное неотразимое	1
внезапную свою	1
сообщенному в	1
еще третьего	1
говорит в	1
всем телом	1
уступаю помни	1
забыл это	1
один встает	1
чтобы было	1
и явился	1
темная узкая	1
кого вы	1
пропасть!<неи пропадает	1
рогожин убьет	1
появился на	1
предмет с	1
почти отчаяния	1
него уж	1
человек даже	1
дрогнуло в	1
только деньги	1
похудел затем	1
с ним?	1
и могла	1
самая падучая	1
что ж	1
как-то фантастически	1
внезапного ужаса	1
такие приговоры?	1
самое бывало	1
это ему	1
говорили когда	1
тяжелом смущении	1
глубоко уважаю	1
к лебедеву	1
бессменно даже	1
он тогда	1
возвращается это	1
князь снял	1
глаза и	1
но уже	1
рогожина который	1
к двери	1
другой день	1
выношу есть	1
вас лебедев	1
демона еще	1
видом которым	1
с мучительно	1
ему был	1
и кто	1
оба забыли	1
явился коля	1
горячие слова	1
вот эти	1
не заметил	1
садовый нож?<неи	1
порастратил неужто	1
три раза	1
июня прошлого	1
опять увидел	1
ардалионович вышли	1
подле книги	1
давешнего постояльца	1
и убежала	1
религиозную мысль	1
верую ли	1
вдруг покраснел	1
вывода что	1
состоявшегося уже	1
но вышел	1
самым припадком	1
бежала тогда	1
не ожидал	1
черенком нескладной	1
гостиницы эта	1
не одна	1
осмыслит и	1
родное дитя	1
крестами хочешь?	1
к лестнице	1
при тебе?<неи	1
выдержал и	1
простит он	1
отшатнулся от	1
коля имевший	1
дала знать	1
известная не	1
рогожиным и	1
дня часы	1
вспомнил лебедев	1
рогожину что	1
довольно странная	1
нет замахал	1
какое невинное	1
замахал лебедев	1
секрет сами	1
точно не	1
неи неиv<неи	1
силы его	1
вдруг захотелось	1
родителя и	1
останутся там	1
ум сердце	1
в вагоне	1
степень почти	1
эта болезнь	1
что буду	1
ж чрез	1
половым именно	1
это уже	1
пробегали в	1
улыбка всё	1
дома ответила	1
прежнее место.<неи	1
чрезвычайно искажается	1
когда опять	1
можно впавшая	1
мостах однажды	1
идут-с и	1
какое симпатичное	1
с усиленным	1
соображению отказался	1
него уже	1
непременно проверить	1
может ли	1
надел и	1
простой формы	1
колей было	1
в сутки	1
назад в	1
было судорожное	1
надеешься? вот	1
мучительном напряжении	1
оценке этой	1
казалось оба	1
руку князя	1
князь поморщился	1
тяжело мне	1
довольно долго	1
было довольно	1
я давеча	1
мере очень	1
вагон чтобы	1
пять лет	1
за слово	1
эти глаза	1
и прятаться	1
скатерть переменить	1
есть такие	1
разрезать листы?<неи	1
к аглае	1
ли вам?<неи	1
наверно за	1
тут так	1
теперь нужна	1
оставил.<неи да	1
имею ни	1
взять его	1
и стоил	1
дня рад	1
желаете секрет	1
все жизненные	1
о что	1
какой кошмар!".<неи	1
задумался.<неи что	1
матушкину правую	1
ее увидеть	1
четырехсот доходил	1
голову.<неи матушка	1
пришли и	1
обращает особенное	1
него утром	1
она первую	1
известно ли	1
того другого	1
доволен.<неи известие	1
и скажет	1
про это?	1
шагу то	1
я подле	1
собою дверь.<неи	1
различить над	1
место по	1
никакою силой	1
в целом	1
и приводил...<неи	1
сейчас дала	1
веруешь ты	1
говорю тебе	1
не беспокойтесь	1
выражение и	1
силой он	1
князь.<неи глядя	1
только необыкновенным	1
точно пужалась	1
сюда я	1
одно мгновение	1
но вот	1
тот до	1
до поверки	1
крепко заношенной	1
мог вообразить	1
так набожно-набожно	1
разыскал неправда	1
нетерпения вдруг	1
что могло	1
рассудок и	1
знающий человек	1
утром честное	1
напряжению совершенно	1
перекрестился и	1
на отцов	1
же комнаты	1
минут или	1
то хотя	1
сущность христианства	1
взглянул на	1
странный и	1
бы так	1
однако гадкий	1
назначает а	1
у аглаи	1
застал дома	1
упоминая о	1
отворю и	1
описанием всех	1
коридоры весь	1
николаевич мышкин	1
припомнил и	1
снял свой	1
то это	1
вот каково	1
напились чаю	1
этот давешний	1
высшим синтезом	1
странное что-то	1
иду я	1
предметы и	1
вышла из-за	1
и вилась	1
большой друг	1
неприлично объяснил	1
эпилепсии собственно	1
приятеля с	1
магомета успевшего	1
говорит так	1
и такую	1
меня когда	1
лицо правая	1
день когда	1
особенная причина	1
все просьбы	1
по расчету	1
полсекунды но	1
птицыны ганя	1
прокофьевне непременную	1
рогожина сострадание	1
признак очень	1
впавшая в	1
этот как	1
барана и	1
совершенно уверен	1
и надежды	1
он садился	1
было что-то	1
им вполне	1
рогожин они	1
замечая своей	1
остановить затем	1
вырвал из	1
уж была	1
каково она	1
страстные причины	1
и князь	1
вертится и	1
сюда сюда	1
спустя на	1
наблюдателю вообразить	1
нож?<неи да	1
твоей матушки	1
вот веришь	1
сутки лет	1
он выходил	1
поклонилась рогожину	1
как в	1
этою карточкой	1
савельев иван	1
лет сорока	1
молитвой господи	1
а знает	1
сознание довольно	1
невозможно по	1
разом выразилась	1
имевший свободный	1
внутри этого	1
тоже к	1
начале припадков	1
в высоту	1
хорошо сказала	1
поступков взглядов	1
половой с	1
портрет долго	1
выставленный в	1
опять и	1
окончательно судить	1
выказывалась молча	1
смотрел и	1
в князе	1
научит самого	1
очень душно...<неи	1
много-много что	1
спорить в	1
христова простая	1
день с	1
тогда потому	1
двери<неи как?	1
конца лестницы	1
верил своему	1
спустя он	1
рогожину? ему	1
бог!<неи он	1
за этою	1
много хлопот	1
надо скорее	1
по беспредельному	1
прежней дороге.<неи	1
ясно поставлено	1
верному предчувствию	1
чрез час	1
минут серьезно	1
сущность религиозного	1
гот вышел	1
да надо	1
нет никакой	1
присвоили что	1
барин крест	1
последствием этих	1
формулируй осмелься	1
обожает и	1
сложил благословите	1
было роковым	1
лебедев принял	1
может произойти-с	1
секунду обозреть	1
низость ли	1
мне очень	1
оправившимся он	1
чтобы теперь	1
живой человек	1
буду я	1
в бреду	1
дня они	1
самую минуту	1
потемки а	1
осведомлялся не	1
ощущаемому пожалуй	1
чего ты?<неи	1
тебя невозможно	1
часы серебряные	1
не понимал	1
неотразимое убеждение	1
сострадать когда	1
какой почти	1
придет и	1
болезни он	1
взглядов что	1
комплекту таких	1
и слабых	1
всем этом	1
встает уходит	1
она любит	1
было наставлено	1
дело?<неи не	1
на все	1
был мало	1
лебедеве глубочайшее	1
мысленно надбавляя	1
полное ясной	1
говорит верно	1
которой ему	1
несколько смущала	1
хотел всё	1
и особое	1
спрашивать то	1
совсем новый.<неи	1
свою дверь.<неи	1
петербурге почем	1
какая однако	1
все сомнения	1
братом а	1
вещь на	1
чувствует себя	1
солгал но	1
мы дальше	1
и краска	1
свои деньги	1
брата в	1
руке у	1
что лукьян	1
любовь за	1
меры князя	1
что думаешь...<неи	1
душе потемки	1
засмеяться и	1
подходите ко	1
торопит день	1
когда в	1
вперед конечно	1
родня это	1
на полчаса	1
порыв горячо	1
и сквозь	1
князя какие	1
конец перешел	1
этим окном	1
цыпочках а	1
его беспокойством	1
и всеми	1
так со	1
понимал точно	1
какие-нибудь снились	1
точно в	1
предвещание грозы	1
князя от	1
коллежской секретарши	1
какими же	1
третий раз	1
понравились ему	1
выражения казались	1
да не	1
вас не	1
конце этого	1
этой книги	1
него самого	1
не доказывает	1
как я	1
прощай же	1
только всем	1
этой напасти	1
если на	1
первом подозрении	1
мере чрез	1
чертами лица	1
какая до	1
не застанет	1
не спохватится	1
вещей разложенных	1
совершенно другого.<неи	1
бросился вслед	1
пересмотрел дрянь	1
дрянь говорит	1
табельные и	1
коли судьба	1
забыть из	1
самому низшему	1
собирается это	1
но очень	1
мучительное воспоминание	1
темно но	1
уже будет	1
хорошо стал	1
больная она	1
до трехсот	1
искать чего-то	1
пусть мы	1
истерически ему	1
него как	1
у дома	1
рогожин его	1
взял твой	1
изволь парфен	1
жизнь с	1
персон за	1
сам входил	1
вдруг с	1
непременно рогожин	1
он мрачно	1
давно продолжавшемся	1
и обернулся<неи	1
поехавший вместо	1
теперь точно	1
и отдал	1
князь взбежал	1
спросил настасью	1
с ужасом	1
самому следовало	1
тебе не	1
двери противоположной	1
сейчас может	1
лавкой в	1
махая руками	1
не надеешься?	1
она мне	1
наблюдавший всякую	1
мне купи	1
мучения теперь	1
по наблюдению	1
этом ведь	1
князь позвонил	1
случае коле	1
ничего-то я	1
помнил начало	1
совершенно как	1
коля не	1
ее когда	1
дорогой вперед	1
утра уехала	1
только объяснить	1
сейчас увидел?	1
в этой	1
она возможность	1
начале у	1
карточкой напрасно	1
успевать ясно	1
и судорог	1
старшей дочери	1
вошли в	1
что давеча	1
безобразие и	1
это может	1
померещилось и	1
припадок эпилепсии	1
встретившимся маленьким	1
он наклонен	1
князь вздрогнул	1
вашим беспрерывным	1
промелькнул и	1
ответить но	1
понимаю я	1
глаза загорелись	1
вчера едва	1
чепце должно	1
о много	1
вдруг отворил	1
николаевской железной	1
какая-то беспрерывная	1
это была	1
руки и	1
крепко.<неи да	1
себе даже	1
ни было	1
осердилась на	1
и помер	1
извергом его	1
молитву становится	1
на гостиную	1
время он	1
глупости надоевший	1
кадках что	1
матушка сказал	1
мрачного недавнего	1
конвульсивно чуть	1
познакомился я	1
окне ему	1
к самому	1
вырвалось у	1
двери к	1
нормального состояния	1
спросил верую	1
всех всех	1
бесчеловечностью да	1
эта вот	1
его слон	1
я обрадовался	1
и опозорить	1
тогда же	1
бедный но	1
случай придут	1
и хотели	1
у этого	1
именно этакой	1
князь судорожно	1
меня сделал	1
рассеянно всё	1
книгу и	1
и возмущающие	1
как-то раз	1
глаза? но	1
скоро старенькая	1
он убил	1
потемки для	1
при самом	1
времени засел	1
он нет-нет	1
будут скользить	1
пожалуй зарежешь	1
смущала его	1
крест а	1
более как	1
подняла свою	1
под липой	1
мгновение продолжалось	1
сторожить там	1
сейчас купить	1
них много	1
уже падавшего	1
вопрос князя.<неи	1
тогда ему	1
он разом	1
нее находилась	1
говорю потому	1
поездом отправились	1
границей-то жил	1
проверить действительно	1
решено что	1
опозорит и	1
на прежнее	1
прохожего чтобы	1
дела? генеральша	1
чудно стало	1
человек вскричал	1
как не	1
тогда в	1
на площадях	1
точно давеча	1
думает что	1
а все-таки	1
соблазнили его	1
нагоняете.<неи князь	1
в разговоре	1
попадалось ему	1
сострадание осмыслит	1
их веру	1
смущении только	1
увидел сейчас	1
неясно или	1
князь рассеянно	1
вершка в	1
это совершится	1
ничего-с маленькая	1
дотоле чувство	1
опять вышли	1
остановился в	1
впечатлением был	1
возвел глаза	1
всего того	1
захочешь ты	1
двери отворю	1
лебедева? разве	1
и хождением	1
верите? ну	1
сторону ему	1
его а	1
непременно связанное	1
беспокойного нетерпения	1
заходящее солнце	1
вздрагивал на	1
мучительное он	1
скоро стало	1
не замечая	1
тебя сильно	1
совершенно те	1
его ощущение	1
слезами сказать	1
опять верил	1
что иное	1
как живой	1
проговорил тут	1
притворил дверь	1
взгляд которых	1
чей секрет?<неи	1
здраво мог	1
небольшая но	1
мы в	1
давлением сильной	1
лебедев лебедев	1
вы меня	1
известие сообщенное	1
двух с	1
ему вспомнилось	1
чистых чехлах	1
он желал	1
одним словом	1
взятый билет	1
стал дожидаться	1
какое-то внутреннее	1
уже к	1
тут была	1
листы.<неи это	1
совершенно растерзанном	1
оловянный крест	1
повернул назад	1
чтоб он	1
оправдалась ли?	1
говорит парфен	1
понятиям в	1
слития с	1
ведь это	1
было со	1
не веря	1
них без	1
все об	1
лучше всего	1
комнату точно	1
генерал вслед	1
вдруг пришлось	1
что однако	1
уж до	1
иногда с	1
до весов	1
низко поклонилась	1
мне всегда	1
князь лев	1
долго его	1
меня парфен	1
этого глубоко	1
эта гостиница	1
шагами чтоб	1
часов до	1
рогожина он	1
эти молнии	1
князю вдруг	1
надвинувшаяся грозовая	1
на улицу	1
было иначе	1
она думает	1
спасителя только	1
он мне	1
тебя на	1
исчезает как	1
оцепенили рогожина	1
особенно болезненном	1
из-за стола	1
я готова	1
доходил а	1
мной к	1
и пейзажи	1
сообщенное колей	1
каждом шагу	1
и мучительного	1
веришь или	1
всего человечества	1
была конечно	1
тебя благословила	1
невозможность совершенно	1
парфен молчал	1
пред иными	1
теперь да	1
ноги ее	1
приняла эту	1
всех давно	1
иначе бы	1
переменю говорю	1
ужасный демон	1
прощаньи странный	1
только страстная	1
нарочно хотел	1
князь да	1
говорил сам	1
попросил какого-то	1
картину я	1
что действительно	1
он долго	1
гольбейна сказал	1
стремглав бросился	1
даже слишком	1
кругом.<неи но	1
тут уже	1
лебедев вы	1
ними все	1
и неожиданного	1
о таких	1
так надо	1
одним из	1
прежде обращалась	1
мы засмеялся	1
павловский воксал	1
только несчастного	1
он испытал	1
секунды никогда	1
ни прохожих	1
лестницу одного	1
осматривала и	1
всего выкрикивал	1
и птицыны?	1
комнаты и	1
прельстился эффектом	1
котором давеча	1
под давлением	1
думал с	1
заключалась ошибка	1
он непростительно	1
с беспокойством	1
непременно должна	1
мгновение спустя	1
слабых сердцах	1
и молча	1
саду было	1
мучился когда	1
пожалуй и	1
соблюдать и	1
креслу так	1
а по	1
трактире за	1
наконец не	1
золотой и	1
одно убийство	1
понятными хотя	1
произойти-с что	1
он стал	1
дом так	1
ведь уж	1
только она	1
этом вопле	1
младенца улыбку	1
первом взгляде	1
бы стал	1
сейчас уверял	1
сознательно помнил	1
мне казалось	1
а сами	1
горячих и	1
веры с	1
целковых купленная	1
сказал рогожин	1
дороги обдумывать	1
вспомнил об	1
вышел он	1
что нашла	1
рогожин.<неи забыл!<неи	1
да листы.<неи	1
на стол	1
ровно каждый	1
книги перво-наперво	1
всматриваться в	1
странным убеждением	1
чудного что	1
и тут	1
меня спросил	1
и на	1
инструмент у	1
идти за	1
усмехнулся? а	1
мрак.<неи с	1
давно не	1
никакой не	1
не успел	1
порывчатость но	1
рассеянности опять	1
парадоксального вывода	1
пятистах шагах	1
сидит без	1
и всё	1
она а	1
беспокоившее ему	1
обольщающий вид	1
ведь ноне	1
и смешной	1
веры я	1
шепнул ему	1
вы свой	1
тебя сгубить	1
несовершенно машинально	1
странный ты	1
под деревом	1
причина достаточная	1
часть ее	1
тебе-то теперь?	1
и бред	1
какого-то прохожего	1
что снятого	1
в углу	1
без того	1
начале ворот	1
наконец замечать	1
же различил	1
одну только	1
краской в	1
хочешь так	1
вот в	1
как родная	1
лучше всего!..<неи	1
в лебедеве	1
слова и	1
полчаса и	1
случаю прикупить	1
но оправдалась	1
опять он	1
бы эта	1
в некоторых	1
которую даже	1
окна одной	1
ученым буду	1
дождаться его	1
вдруг разверзлась	1
силу у	1
насущное но	1
значит ощущает	1
она идет	1
сегодняшнем образе	1
вдруг упал	1
другие причины	1
действительное и	1
ехать к	1
коля тотчас	1
свиданья не	1
какая-то приманка	1
оставь тебя	1
вышел по	1
не знал?	1
много слыхивал	1
припоминая впрочем	1
выходил из	1
поспешил в	1
князю ужасно	1
павловские дачники	1
не снимая	1
он легко	1
петербургской стороны	1
князя эта	1
спросил меня	1
твоя мать	1
насмешливая улыбка	1
высшего бытия	1
как кто?<неи	1
пред припадком	1
подозрении что	1
упреком смотря	1
и эпилептическое	1
старушка еще	1
скрывался теперь	1
оставить ее	1
сказать наверно	1
быть только	1
нежно кивнула	1
может еще	1
когда женой	1
видно было	1
павловск иначе	1
конечно никак	1
сам от	1
поцеловала много	1
с поклонами	1
дом его	1
извини брат	1
целым дням	1
приводил...<неи когда	1
и сторожением	1
как еще	1
лебедева вот	1
время было	1
деревянному тротуару	1
и низко	1
день был	1
а пожалуй	1
рогожин крепко	1
самые взгляд	1
чтоб известить	1
удобная и	1
говорит хочу	1
будущего своего	1
у генеральши	1
сумрачная весь	1
другой же	1
и познакомился	1
симпатичное какое	1
секретным видом	1
несколько горячих	1
их там	1
неожиданно подтвердил	1
снял с	1
и сурово	1
генерал сообщил	1
он поднял	1
этот же	1
и гаврилу	1
засмеялся но	1
дом родственницы	1
похожую на	1
но во	1
а значит	1
знал в	1
сквозь двухсот	1
везти выламывать	1
сердце это	1
оставили?<неи невозможно	1
многих потемки	1
повязанная платочком	1
того не	1
и жгучее	1
все-таки лучше	1
ворота с	1
выйти вот	1
в чрезвычайном	1
себя сегодня	1
полноты меры	1
иногда бывает	1
всё про	1
рогожин а	1
лебедева была	1
и оценивал	1
видел странно	1
ним идут	1
лицом но	1
снились ему	1
сейчас сказал	1
говорят они	1
внезапно обнаружившееся	1
если рогожину	1
оправдать достаточными	1
поверки был	1
вопле вдруг	1
существа этих	1
были наконец	1
эту книгу	1
мало знаком	1
у той	1
не задыхаясь	1
свою мрачную	1
поймал потом	1
разве к	1
там нет	1
жизнь то	1
такой же	1
хочешь скажу	1
люблю нет	1
же про	1
мотив племянник	1
они говорят	1
и беспокойстве	1
верить о	1
остановился.<неи в	1
стыдом со	1
взгляда видно	1
горя перенесла	1
его более	1
окончательно и	1
давно имел	1
да почему	1
только ее	1
подскочил лебедев	1
старинною мебелью	1
расслабленному тоскующему	1
было с	1
а во-вторых	1
даже повернулся	1
о я	1
длинного и	1
ему надо	1
положенных совершенно	1
иногда невзначай	1
ты я	1
жизнь на	1
нарочно и	1
сгубить и	1
было...<неи это	1
картины у	1
беспрерывно себе	1
будто дрогнуло	1
имя настасье	1
шел немного	1
в последние	1
чтобы все	1
же сам	1
князь остановился	1
лестнице с	1
чрезвычайно пристально	1
и вещь	1
лебедев обожает	1
скоро не	1
что вы	1
долго не	1
не кидается	1
же ведь	1
билет в	1
она как	1
вдруг подтвердилась	1
тот день	1
рука его	1
была особенно	1
ли не	1
мгновения эти	1
даже нуждался	1
перешел и	1
сам лебедев	1
слышным голосом	1
довольно поместительной	1
на квартире	1
вспоминал о	1
внутренно чувствовал	1
действительностью? ведь	1
пойдет и	1
будет по	1
они посмотрели	1
тяжелым чувством	1
внешнему предмету	1
тебя? с	1
и страстных	1
чистенькая старушка	1
всех землях	1
того верует	1
иногда неотвязный	1
другими страшными	1
молчали первая	1
крест серебряный	1
руку сложила	1
остановился пред	1
земле новых	1
ответила ему	1
выламывать из	1
вдруг засмеявшись	1
за долг	1
надо прочесть	1
без разговору	1
этом убийце	1
для нас	1
даже к	1
и страдание	1
родственницы лебедева	1
зачем? разве	1
обернулся<неи а	1
убийце он	1
старушка завидев	1
разом вспомнил	1
ним от	1
таких что	1
семьсот человек	1
кто их	1
и почему	1
что-то разверзлось	1
ее дома	1
бы бежать	1
для чего	1
дороги он	1
любопытство своего	1
внаем была	1
сюда возвращаться	1
странная эта	1
и разве	1
гаврилу ардалионовича?	1
того прельстился	1
не едет	1
его и	1
лестницы и	1
матушка со	1
девицы уверяли	1
записке адресу	1
это великий	1
опять идти	1
взял со	1
жалкое существо	1
конечно она	1
убийцы о	1
сходились и	1
залу здесь	1
же день	1
и направился	1
один из	1
начинал всматриваться	1
так распустить	1
тротуаре у	1
много гостей	1
забыл!<неи сюда	1
существует в	1
солидный и	1
уже чрез	1
отыскать дом	1
и научит	1
которых было	1
спешил уехать	1
согласился он	1
нужно ли	1
душу и	1
едко усмехнулся	1
себе с	1
пошел из	1
кто-то другой	1
я вынул	1
набожно-набожно вдруг	1
должен сильно	1
останавливать он	1
соперник рогожину?	1
мгновение заходящее	1
старости...<неи насмехайся	1
шептал лебедев	1
и который	1
рассуждаешь ну	1
сердцу князя.<неи	1
уж сам	1
вздохнул.<неи я	1
спальня в	1
внушать теперь	1
чай и	1
внутреннее непобедимое	1
разом лицо	1
лизавете прокофьевне	1
же плачет	1
грудным ребенком	1
досталось то	1
водой эпилептикa	1
стоял уже	1
сидела маленькая	1
его одна	1
вопля который	1
смеху он	1
некоторые различили	1
увериться хотел	1
потом давеча	1
и отделаю	1
самым сильным	1
вообразить и	1
уже имел	1
площадке в	1
два крестьянина	1
князю возбуждал	1
оставившей его	1
вот точь-в-точь	1
убегала значит	1
во всякое	1
чехлах не	1
ребенком баба	1
будет ребенок	1
жестокостью бесчеловечностью	1
улыбка исказила	1
не нуждаясь	1
почти удесятерялось	1
истину и	1
страсть всё	1
тороплив и	1
наверно стало	1
братом другом	1
же деревьев	1
его у	1
куда и	1
осмотра разбитой	1
князю что	1
боится совершенно	1
совершенно цельное	1
конечно было	1
сейчас всё	1
удовольствия голову.<неи	1
увидит с	1
машинально куда	1
пробормотал лебедев	1
но наверно	1
ним быть?	1
и жить	1
была спальня	1
рассудил пожаловать	1
напряжение ненормальное	1
засмеялся он	1
созерцательном состоянии	1
вcё прежнее	1
вот один	1
не исключая	1
почтительности если	1
первый звук	1
ошибся в	1
понравились с	1
близко сходились	1
стол,<неи ты	1
ему так	1
четверть часа	1
строенных домах	1
самые вдруг	1
лавка существует	1
не придет	1
лице какими	1
ногами вероятно	1
а из	1
чрез минуту	1
десять минут	1
волнение был	1
которой вся	1
нравилось ему	1
странно-раздражительное настроение	1
чем хоть	1
старенькая женщина	1
вот картина	1
всеми разумеется	1
рассердиться за	1
и невыносимый	1
в генерале	1
теперь ясно	1
черном повязанная	1
свободно и	1
уже князь	1
петербургской он	1
конвульсии и	1
легче чем	1
персон и	1
он ужасно	1
он бросился	1
единственно с	1
надежды полное	1
выходить куда	1
ней безумия?	1
за границей-то	1
и страдать	1
виду не	1
слабый страдающий	1
иного еще	1
потребность уединения	1
они-с к	1
необыкновенной холодной	1
простаивает у	1
переходящее в	1
мере изъясняли	1
уж наверно	1
сама как-то	1
давшего ему	1
для свидания	1
низок низок	1
картин всё	1
рассеянный и	1
уже на	1
плечи и	1
этого брат	1
быть причислено	1
и будет	1
ума не	1
купить новый	1
заволокло на	1
пьяный солдат	1
он часто	1
сильный для	1
с будущего	1
говорит а	1
по-видимому они	1
же уже	1
с размаху	1
чрезвычайное волнение	1
судорожно и	1
бога или	1
подозрительно.<неи никакого	1
вдруг неотразимое	1
следить за	1
к вам	1
устроит вместе.<неи	1
нашел ее	1
подтверждает это	1
вышел гот	1
глазах и	1
с искривленною	1
стала без	1
слишком может	1
он порывисто	1
дебаркадере царскосельской	1
был довольно	1
не приключилась	1
книги когда	1
полюбил что	1
как-то становится	1
приближаюсь точно	1
ему князю	1
одним только	1
братски сходились	1
идеей отчаяние	1
ответ сущность	1
сюда воротиться	1
разъяснял если	1
все-таки несколько	1
даже надолго	1
первого взгляду	1
перекрестила князя	1
что-то кружится	1
ней князь	1
уже никакого	1
в новой	1
дожидаться и	1
им как	1
шагал махал	1
бреду разве	1
той минуты	1
своего жильца	1
несколько померанцевых	1
раз как	1
пристально наблюдавший	1
необыкновенным порывом	1
ребенком какое	1
тогда перед	1
пуст что-то	1
пришлось сознательно	1
взяться подняла	1
уважение? а	1
полное и	1
люблю теперь	1
свои отношения	1
трудно наблюдателю	1
них ногами	1
нашей россии	1
об атеисте	1
мне баба	1
ты сейчас	1
что maman	1
скользить атеизмы	1
нее когда	1
необыкновенно рассеян	1
сказала так	1
приходит о	1
его душу?	1
человек князю	1
обозреть все	1
отрекся он	1
беспокойстве и	1
скорее на	1
в креслах	1
сильно страдать	1
вроде ниши	1
до этого	1
он здраво	1
да глаза	1
и поспешил	1
ее ведь	1
больная женщина	1
у вас?	1
пятидесяти наискось	1
дачу под	1
садясь на	1
но сам	1
почти уже	1
идет туда	1
тем спасли	1
перста и	1
нарушение нормального	1
впечатлениями той	1
кричит да	1
это тоже	1
знал это	1
одного раза	1
довольно хорошо	1
была маленькая	1
в особенно	1
музыкальный мотив	1
что останутся	1
смех странно	1
наблюдению ее	1
доканчиваешь прибавил	1
он узнает	1
брат меня	1
свой золотой	1
сознательно сказать	1
самому очень	1
вдруг в	1
отворили скоро	1
в буфетные	1
и дом	1
трауре и	1
улицу и	1
на случай	1
в глубине	1
оказалось углубление	1
не простит	1
было вспомнил	1
же словами	1
тебя тогда	1
пристально на	1
из комнат	1
разве одну	1
рогожину? завтра	1
на одну	1
померанцевых лимонных	1
а так	1
поняли в	1
буду принимать	1
отцов портрет?	1
ли с	1
выйдет.<неи да	1
слишком было	1
смешивает предметы	1
дороге.<неи да	1
нескладной с	1
на мне.<неи	1
в покое	1
знавшие уже	1
шагами подходил	1
то у	1
руки как	1
стану повел	1
спохватилась как	1
непременно что-то	1
деревянных кадках	1
еще даже	1
туда да	1
сердце вопросов	1
искании чего-то	1
бы коля	1
конечно не	1
принимаю за	1
скрестив руки	1
увидел эти	1
это не	1
дурной-с этаких	1
крестами поменялись	1
их он	1
другим языком	1
спокойствие полное	1
и у	1
ласково наклонила	1
на одном	1
телом и	1
а напротив	1
захотел ничего	1
болезнь его	1
всё портреты	1
и неслыханного	1
уже видом	1
лебедева.<неи в	1
шага ширины	1
туманные выражения	1
когда радость	1
полном рассудке	1
лентами ноги	1
здесь князь	1
блеснуло в	1
такая стала	1
хотел пройти	1
припоминается иногда	1
только теперь	1
он приобрел	1
будьте уверены	1
уж порастратил	1
тоже ума	1
задал ему	1
месте да	1
крестьянскому быту	1
взбежал из-под	1
руку<неи прощай	1
как она	1
тротуару пьяный	1
кажись не	1
ну пойдем	1
комнаты опять	1
так бери	1
когда въезжал	1
вдруг совершенно	1
секретное свидание	1
стало князю	1
потом такая	1
захватывает всю	1
числе товаров	1
могу но	1
увидать может	1
сзади наметился	1
лучше с	1
обдумывать дальше	1
час возвращаясь	1
рогожин стремглав	1
портрет? спросил	1
почти отчаяние	1
друг перед	1
тяжело и	1
не стоял	1
в друге	1
этими словами	1
ведь отрекся	1
ничего здесь	1
он улыбаясь	1
аглае и	1
и другой	1
что правда	1
которые сверкнули	1
перенесла вот	1
сообщил своему	1
беспрерывным маханием	1
шеи.<неи отдай	1
невольно переходящее	1
полного византийского	1
стол не	1
больших зеленых	1
идут гости	1
под ворота	1
бы ничего-с	1
пор про	1
заметили лежавшего	1
поврежденная полоумная	1
князя далее	1
его князя	1
ни малейшей	1
тебя говорит	1
припадке и	1
пойдем я	1
приглашенный для	1
необыкновенным усилением	1
чем тут	1
минуту на	1
темные комнаты	1
востроглазая и	1
не фантазия	1
как припоминается	1
оттенок таинственности	1
два целковых	1
его видно	1
бы что	1
неву петербургскую	1
сам себе	1
мог оставить	1
сегодня.<неи отнюдь	1
говорить но	1
тех пор	1
объяснить эту	1
и устроит	1
ему по	1
самого конца	1
во-вторых им	1
пристально оглядел	1
это сама	1
бывает с	1
опять эта	1
коля иволгин	1
аллаховы да	1
любил их	1
же говорите	1
непобедимое отвращение	1
хотел тут	1
прогнан сомнений	1
сведением рогожин	1
молитва что	1
он однако	1
их и	1
чувствовал себя	1
доказывает что	1
недоумении еще	1
рад всему	1
он бы	1
же задал	1
половине дороги	1
потому у	1
взгляд конвульсии	1
собралось довольно	1
из летнего	1
слово не	1
отца на	1
темно надвинувшаяся	1
все-таки несомненно	1
и забыть	1
странном убийстве	1
платье с	1
произошла опять	1
чрезвычайном волнении	1
сопряженные со	1
конвульсий биения	1
самый человек	1
чувствую неожиданно	1
и лица	1
назад пред	1
на отдаленное	1
сторон с	1
любишь неужто	1
и подумал	1
видал ее	1
было захватил	1
страсти такие	1
глядела про	1
из которой	1
разумеется и	1
особенно взгляд	1
сильно выказывалась	1
нашем родном	1
проговорил он	1
которым видимо	1
этом рогожин	1
предлогом чтобы	1
была биться	1
непосредственного если	1
взял наконец	1
взялся их	1
не им	1
князь опять	1
остановки он	1
москве говорила	1
б у	1
всей совокупности	1
так иногда	1
ей тогда	1
солдата купил	1
пристально поглядел	1
потянул его	1
гостеприимен?<неи гостеприимен-с	1
встречался с	1
пускал и	1
людьми нестерпимые	1
что-то забыть	1
ее видеть	1
отворил свою	1
себя надел	1
дурного уж	1
грозы в	1
шесть человек	1
ха-ха-ха нет	1
сидит больная	1
ты заслужить	1
и задыхаясь	1
номерных признал	1
не доканчиваешь	1
быть у	1
свою гостиницу	1
здесь картины	1
намекал на	1
с утра	1
генеральша решительно	1
я человек	1
держать при	1
дарье алексеевне	1
прокофьевна с	1
предмет в	1
охотник большой	1
но уходя	1
тяжело смотришь	1
один выискался	1
не помню	1
прежде при	1
заметишь и	1
нет? в	1
так семьсот	1
любви ищут	1
предчувствовал продолжал	1
три перста	1
же самая	1
дмитрич из	1
стал читать?	1
да много-много	1
сумбур какое	1
теперь с	1
епанчиных только	1
одной только	1
вами сиятельнейший	1
на друга	1
за нее	1
одну небольшую	1
лицо внушать	1
устремляется к	1
парфен успел	1
из красного	1
необходимого больному	1
мрачную мысль	1
вы во	1
видом спокойствия	1
спокойствия необходимого	1
я эту	1
прибудет в	1
с террасы	1
протянутую ему	1
внезапно сообразил	1
эта действительно	1
услышал ты	1
как больная	1
меня увидала	1
именно одним	1
впечатление на	1
дача очень	1
момент пред	1
одиннадцатого июня	1
такого лебедева?	1
сам собой	1
стало ведь	1
не затем	1
человек? я	1
идя туда	1
рассказ его	1
куда глаза	1
и оправдалась	1
лавки была	1
действительно ли	1
пожаловать коля	1
ганя и	1
сына благословила	1
известившись в	1
ножом на	1
вполне ощущаемому	1
обернулся точно	1
старушка вот	1
любопытством начинал	1
дивишь ты	1
состоянии его	1
усовещивал князь	1
объяснить что	1
о глазах	1
бы образил	1
слов а	1
вывода он	1
обратно на	1
жаркие тихие	1
кондитерскую иногда	1
всему этому	1
существует и	1
признаки безумия	1
узнал князя	1
назначь день	1
свое впечатление	1
редких дней	1
с другом	1
боится чего	1
еще только	1
тут во	1
останавливают на	1
подходить время	1
рогожина по	1
действительность а	1
иногда друг	1
новый порыв	1
железной дороге	1
дома оставив	1
волю он	1
минуту про	1
ее видел	1
того темных	1
совершенно опомнившись	1
секунда по	1
успел уже	1
и известил	1
именин-то и	1
помни рогожина!<неи	1
за ответом	1
разве она	1
странно у	1
давно были	1
новой железной	1
бросил только	1
но те	1
одно присутствие	1
их один	1
следующую комнату	1
дюбарри господи	1
необразованный человек	1
я совсем	1
он настойчиво	1
что-то как	1
стола тот	1
казались ему	1
душевного мрака	1
окончании болезненного	1
из гостиницы.<неи	1
искажающие душу	1
моих убеждений	1
искренно говорю-с	1
исключая и	1
эту порывчатость	1
на что-то	1
эпилепсии уже	1
со креста	1
меня она	1
видения же	1
затем сознание	1
видимо чрезвычайно	1
четыре с	1
бьется да	1
князе ни	1
коле почти	1
пожалуй объяснить	1
и бешеная	1
в полутемноте	1
его называете	1
в россию	1
убедиться что	1
нет? и	1
идти к	1
летах и	1
недавно когда	1
на место	1
поскорее из	1
лица его	1
болезнь как	1
кадках на	1
ним необычайный	1
ты меня	1
как во	1
обнаружившееся в	1
а он	1
в одной	1
была действительность	1
что говорят	1
сам ли	1
иногда тут	1
баба еще	1
уединения ему	1
предчувствие подумал	1
унижающие рассудок	1
людей тут	1
террасы на	1
нож? в	1
тот же	1
и принимаю	1
минуту помолчал.<неи	1
сегодня во	1
каменного столба	1
особа сейчас	1
говорил что	1
буду говорить	1
этом с	1
опять новая	1
самого прапорщичьего	1
князь и	1
рогожина уверившись	1
брата по	1
этого низкого	1
людей режет	1
оглянется с	1
веры начал	1
князь схватил	1
пускать генерала?	1
он тотчас	1
рогожин что	1
который не	1
конечно рассеянность	1
ждал пока	1
она ведь	1
искренним чувством	1
цели город	1
молодая ребенку	1
на эти	1
всего!..<неи наутро	1
ребенком может	1
сходок в	1
триста пятьдесят	1
нет его	1
клевещет гм	1
случалось успевать	1
то тут	1
как оно	1
ним вошли	1
и сел	1
него два	1
внутренний свет	1
в головах	1
князь едва	1
что ему	1
потребность рогожин	1
ножовщика в	1
а у	1
завтра он	1
оно уж	1
в грудь	1
что сама	1
никакого теперь	1
спасли князя	1
стоя пред	1
заговорили-с будто	1
продолжалось мечтаться	1
ему на	1
павловск и	1
говорила так	1
был думать	1
племянника куда-то	1
по лестнице.<неи	1
о нашем	1
он опередил	1
мной нож	1
начинался уже	1
побледнел губы	1
низость и	1
котором тосковала	1
без колебания	1
слишком заинтересовался	1
тебя.<неи что	1
светлые жаркие	1
судорожное желание	1
лебедева самый	1
сегодня ходить	1
бред это	1
бисеpном желтом	1
час князь	1
ясно точно	1
ложиться спать	1
эта карточка	1
что новый?	1
остановился и	1
от неизбежного	1
сибирь на	1
таков? к	1
в лизавете	1
никогда еще	1
шампанского давай	1
проблески высшего	1
глаз говорил	1
не оправившимся	1
ним по-приятельски	1
потом что	1
гостиницу даже	1
и из-под	1
князь.<неи была	1
обнимать.<неи небось	1
и встретились	1
и тревогу	1
гости явились	1
не может	1
почти было	1
слова князя	1
вплоть вдруг	1
него крест	1
лица страшный	1
это адрес	1
затем вдруг	1
женой послушною	1
христа зарезал	1
оно могло	1
за этим	1
книгой разве	1
видел и	1
топал ногами	1
князя лебедев	1
мне сиятельнейший	1
было душно	1
представляется даже	1
по верному	1
я за	1
пор совершенно	1
возмущающие нашептывания	1
стоял на	1
задыхаясь один	1
было темно	1
матушка и	1
рубль да	1
так свое	1
высшее спокойствие	1
комнат птицыны	1
карете из	1
крепко несовершенно	1
душу? или	1
столба на	1
ли человек	1
идти но	1
в моих	1
счастию им	1
нем и	1
нестерпимые внезапные	1
владение каждый	1
мрачно но	1
номера гостиницы	1
колена его	1
попросил передать	1
человек начел	1
припадком если	1
что-то блеснуло	1
идеей и	1
и бесчестно	1
со смеху	1
он взялся	1
тяжела как	1
князь прибудет	1
проговорил парфен	1
а-а это	1
окончательной секунды	1
он беспрерывно	1
крестьянина и	1
тихие как	1
убийство случилось	1
если так	1
что по-видимому	1
но чрез	1
непременно сторожить	1
сумму которую	1
с петербургской	1
упирались в	1
глядела лукаво	1
страдательному напряжению	1
еще очень	1
надолго на	1
но быстро	1
раз он	1
давеча отрекся	1
в полное	1
ему невыносимо	1
другие пойдут	1
и птицын	1
совсем другим	1
ошибка.<неи я	1
строгим словом	1
половиной аршин	1
мгновения продолжавшиеся	1
этого он	1
одному человеку	1
режет по	1
переезда на	1
выставлена в	1
что решился	1
всё понятие	1
перед лавкой	1
вдруг мелькнуло	1
ясно было	1
только так	1
проходили и	1
же времени	1
припадок эта	1
нее повернулся	1
петербург приехал	1
самосознания и	1
синтез жизни	1
рогожина.<неи эк	1
делать<неи прощай	1
руку...<неи но	1
жалость может	1
очень захотелось	1
же какое	1
только о	1
часы и	1
вдруг начинал	1
месте и	1
вязала чулок	1
меня что	1
отупение душевный	1
лебедева прежде?	1
всего пять	1
орган случайно	1
нее всё	1
сложу тебе	1
да рогожин	1
та же	1
не переменять	1
и переезд	1
павловске только	1
и своего	1
сердца на	1
почти забыл	1
всего не	1
с шеи.<неи	1
может опять	1
чтоб очень	1
да да	1
она бежала	1
будто был	1
негаданное дотоле	1
озарялись необыкновенным	1
два на	1
ты кто?	1
воксале что	1
звонил к	1
главнейшая мысль	1
весы и	1
приговоры? да	1
приковал его	1
на всё	1
беспрерывно осведомлялся	1
наконец к	1
такой бы	1
ворот вела	1
эти все	1
настроение которого	1
явившийся что	1
и уже	1
человека о	1
по себе	1
ее об	1
без племянника	1
окном этой	1
швырнул книгу	1
вечерний свет	1
несуществующие? об	1
находящийся внутри	1
лебедев старался	1
а свой	1
ним с	1
что-то мрачное	1
ли? и	1
его жизнь	1
была слушай	1
сторону давеча	1
его матушка	1
ему напоказ	1
пора.<неи и	1
свояки мне	1
картина довольно	1
историю соловьева	1
бледный слабый	1
любит ее	1
гостеприимцев и	1
начал он	1
прежде чем	1
об имени	1
как обличитель	1
деле чувствует	1
приятель отвернулся	1
это в	1
эти проблески	1
нож идет	1
заметь!<неи да	1
ним? ведь	1
пройти мимо	1
осторожный а	1
вдруг среди	1
вместе.<неи никогда	1
нож рогожин	1
вспомнил это	1
он вышел	1
а ты	1
было упомянуто	1
когда все	1
взял сложил	1
такой сильный	1
не ошибся	1
отделаю а	1
его угасло	1
бы жестокостью	1
эти пять	1
перерыва едва	1
крепко досталось	1
этом мгновении	1
времени генеральша	1
ему племянника	1
спохватился в	1
впрямь князь	1
прилеплялся воспоминаниями	1
совсем в	1
и останавливался	1
князь проходил	1
он этого	1
рассеян и	1
навзничь прямо	1
самый обольщающий	1
так много	1
весах кажется	1
почти шутил	1
головой.<неи ну	1
своему семейству	1
садился в	1
дому туч	1
же ты?	1
увидев что	1
лета в	1
забыв свой	1
он соперник	1
и жасминных	1
и гонялся	1
за часы	1
за ней	1
князь под	1
этажа и	1
всю судьбу	1
производит решительный	1
лужица крови	1
поймал на	1
быть полсекунды	1
всего поймать	1
номер не	1
задача почему	1
рассудке сидит	1
ужасно противно	1
тебя прибежала	1
ночь так	1
гостеприимен?<неи но	1
были глаза	1
впрочем не	1
точь-в-точь этими	1
точно бессловесный	1
с черным	1
коли до	1
вот мое	1
я князь	1
баба правда	1
ехать сюда	1
на первой	1
дверь.<неи неи	1
дверь.<неи да	1
это все-таки	1
вдруг исчезает	1
не любит	1
не под	1
низшему и	1
поместиться как	1
направился машинально	1
глаза те	1
страшно я	1
их тоже	1
которую князь	1
быть всего	1
но тотчас	1
там значит	1
есть всё	1
такое обо	1
и состояла	1
еще вчера	1
другого подглядел	1
сказал парфен	1
в кадках	1
парфен когда	1
улицы любовался	1
преувеличил пробормотал	1
и рассматриваемая	1
о секретах	1
возбуждал тем	1
неотразимое впечатление	1
имя князя	1
князя убеждение	1
только несколькими	1
дочерей созову	1
мере не	1
он произносит	1
оловянный с	1
ваш секрет	1
прохожих но	1
больному но	1
отдаю серебряный	1
что такое	1
семейства с	1
в совершенное	1
вера может	1
он ничего	1
самомалейшего сомнения	1
вдруг рогожин	1
же я?	1
поверил и	1
перессорилась со	1
тобой встретиться	1
известиями и	1
необыкновенную потребность	1
сомнения его	1
он оставил	1
эта улица	1
ощущает потребность	1
едва только	1
ученых предметах	1
половиной соответственной	1
пойти сейчас	1
не думал	1
вдруг встретились	1
пишут совсем	1
роковым для	1
о каменную	1
когда поймал	1
ним переехал	1
сам в	1
дверью в	1
всё дело?<неи	1
на которых	1
обо что	1
человек однако	1
жасминных деревьев	1
то узнав	1
зашел отдохнуть	1
сторожением только	1
был на	1
десять скопил	1
ей и	1
тебя большой	1
волнения все	1
будет того	1
известная особа	1
ним случился	1
минуты вдруг	1
воротиться вот	1
как князь	1
писавший полгода	1
молитве нет	1
стыдом обыкновенно	1
задумался совсем	1
что-то очень	1
бы деньги	1
сердце которое	1
быть припадок	1
человека многие	1
рогожин раздражавшийся	1
ширины.<неи видя	1
крест и	1
их спрашивать	1
мужа найти?	1
не смешал	1
дороги уединение	1
разглядеть ясно	1
побратаемся!<неи князь	1
пред картиной.<неи	1
князя чудовищность	1
если б	1
полнейшее убеждение?..<неи	1
я ехать	1
разглядывала чудно	1
был какой	1
сомнения я	1
она меня	1
помолчал.<неи ей-богу	1
опрокинулся? да	1
наконец хе	1
парфен с	1
его имя	1
лице князя.<неи	1
быть собственно	1
первого и	1
его матери	1
раз бы	1
состоянии оказывается	1
припадок с	1
одного внезапного	1
упомянуто и	1
припадочно вздрагивал	1
ее ему	1
рогожину в	1
кажется вместе	1
хе-хе ну	1
полоумная разве	1
захватили всю	1
у тебя?	1
его известно	1
не успев	1
вина унижающие	1
действительно очень	1
горькою усмешкой	1
сейчас испуганно	1
насладившись тем	1
что мы	1
самые совершенно	1
я виноват	1
а подходите	1
уверен он	1
не видения	1
лет тридцать	1
дом к	1
пуще моей	1
пошел и	1
а она	1
они бы	1
он засмеялся	1
мне бежала	1
стоял ли	1
ворот у	1
ей за	1
и молитва	1
этот несчастный	1
книги и	1
правая рука	1
я у	1
это несомненно	1
с действительностью?	1
повторил он	1
нем даже	1
раз сначала	1
захотелось еще	1
с каким-то	1
забудет даже	1
не того	1
дверьми по	1
другой стороне	1
муку которую	1
в толпе	1
вы тоже	1
не принимать	1
прикупить для	1
предприпадочное время	1
рогожина давеча	1
жемариных половой	1
ли?<неи я!<неи	1
улиц пред	1
алексеевне и	1
и как-то	1
рассеянно поглядел	1
производит несмотря	1
в эпилептическом	1
говорю-с вы	1
лебедев по	1
года у	1
почти наверно	1
слов.<неи к	1
сердце озарялись	1
свою идею	1
другое воспоминание	1
своей форме	1
я смотреть	1
необычайный внутренний	1
вид несколько	1
князя давшего	1
значит ничего	1
как мучила	1
настойчивость с	1
сложением заинтересовался	1
дочери лебедева	1
падучая приходят	1
прямой вопрос	1
длинные разговоры	1
невинное какое	1
здоровье вашем	1
дитя главнейшая	1
пойми точно	1
усилением самосознания	1
причины но	1
будет не	1
хашиша опиума	1
красивая часть	1
ее останавливать	1
и вседовольный	1
ножик который	1
ответом повел	1
ответил ему.<неи	1
на бабу	1
самосознания почти	1
