и питье	6
новой жизни	5
то есть	4
жизни и	4
древнего комплекса	4
еда и	4
и в	3
над смертью	3
элементы древнего	3
те же	3
зачатие новой	3
не в	3
а в	2
со смертью	2
еду и	2
влияние аристофана	2
доклассового фольклора	2
питье в	2
комплекса даны	2
тот же	2
у гроба	2
петрония в	2
во время	2
в основном	2
через еду	2
питье половые	2
же элементы	2
характер смеха	2
еда питье	2
по линии	2
но и	2
же характер	2
жизни у	2
умершего и	2
линии доклассового	2
вдовы еда	2
в сублимированном	2
даны все	2
в склепе	2
в условиях	2
влияние на	2
элементы комплекса	2
в непосредственном	2
реальным сюжетом	2
в ее	2
частный быт	2
на рабле	2
но в	2
жизни над	2
в реальном	2
ту же	2
трупа нет	2
материальные ряды	2
совершенно реальным	2
с креста	1
гроба зачатие	1
в современном	1
мужа в	1
соседству кресты	1
сублимациями разрушающими	1
оправдывается сервантесовское	1
частно-бытовая сфера	1
их условия	1
в произведении	1
без всяких	1
не реальным	1
эротические и	1
смех коротенький	1
и могильного	1
сферу смешного	1
покойника сам	1
общества под	1
и физиологическом	1
и бытового	1
основном лежат	1
здесь мы	1
расплата за	1
империи здесь	1
обновление жизни	1
у гробового	1
распят мертвый	1
питье мясо	1
времени то	1
развитие комедии	1
след воскресения	1
реальной действительности	1
тоски и	1
легионеру смерть	1
сознания когда	1
империи насыщен	1
комплекса объединенные	1
воскресения и	1
путями сюжета	1
аристофана на	1
крайней распущенности	1
шекспира характер	1
мнимое воскресение	1
получили в	1
даны не	1
однако эти	1
прямом выражении	1
и смех	1
в метафорическом	1
быт эта	1
крест то	1
продолжают существовать	1
реальным и	1
спасение от	1
исключительную сжатость	1
иной ступени	1
и просто	1
соседство его	1
могильного мрака	1
особенно в	1
погибнет живой	1
существовать в	1
необходимым то	1
символической черточки	1
в нарочито	1
блудом на	1
куда отошли	1
воскресение вдовы	1
этот главным	1
смерти молодой	1
метафорическими сублимациями	1
и соотношениями	1
и мистическом	1
основные звенья	1
фольклора обнаруживает	1
соседства с	1
создавшая их	1
шутовские сцены	1
провинций римской	1
здесь над	1
к новой	1
разбойника грозящая	1
время любовных	1
детализует в	1
гробу молодой	1
хлеб и	1
сюжет этот	1
привлекается даже	1
плоскости совершенно	1
этом отнюдь	1
порядке все	1
ряд побед	1
рабле прямое	1
таким образом	1
произведении рабле	1
грубости при	1
глубоким внутренним	1
разбойника предфинальный	1
планы сферы	1
эти сферы	1
умереть в	1
молодой вдовы	1
тип представлен	1
условиях разложения	1
обособилась эротическая	1
быт этот	1
в методах	1
и питьем	1
во всех	1
сродство с	1
до неузнаваемости	1
комическая смерть	1
по желанию	1
именно в	1
в прямом	1
легионера путем	1
идеологии ставшие	1
фальшивыми в	1
эпизод с	1
лукиана и	1
духе низводит	1
влюбленным легионером	1
на могиле	1
и сознания	1
еды питья	1
и любви	1
сферы идеологии	1
лукиановское влияние	1
фольклорными реминисценциями	1
введения их	1
украденный во	1
насыщен фольклорными	1
склепе у	1
натяжек сюжетом	1
половые непристойности	1
царстве мертвых	1
культах эллинистическо-восточных	1
из провинций	1
омертвевшей форме	1
оказавший существенное	1
и также	1
эти материальные	1
и прежде	1
с пребыванием	1
его гробу	1
молодости любви	1
еще пахнет	1
на крест	1
ставшие нежизненными	1
жизнь торжествует	1
и эротические	1
приобрели специфический	1
то же	1
по-аристофановски особый	1
и неофициального	1
по-лукиановски а	1
идеологии путем	1
и ходульных	1
реально через	1
слагались мифы	1
мифах эти	1
рабле проявляется	1
петронием станут	1
основные элементы	1
же героику	1
гробового входа	1
не отделены	1
черточки ни	1
тому что	1
с глубоким	1
сжатым реальным	1
цинизме его	1
действительность хоть	1
и почти	1
чем погибнет	1
нанести удар	1
метафорическом порядке	1
смеха ту	1
целомудренной эфесской	1
вдовы из	1
высокие планы	1
все основные	1
жажда смерти	1
самих мифах	1
сюжетом здесь	1
сферы приобрели	1
обрядами плодородия	1
и пережитками	1
если мы	1
мистической но	1
в своей	1
же соседства	1
в частности	1
любви торжествуют	1
аристофана сочетается	1
сродство по	1
есть скорее	1
мифах имеются	1
но значительное	1
последующие эпохи	1
комические и	1
элементы этого	1
решение антитезы	1
между собою	1
все те	1
представляет лукиан	1
лукианом именно	1
половых непристойностей	1
моментах необходимым	1
плане но	1
четыре раза	1
стали лишь	1
совершенно реально	1
смертью и	1
были значительны	1
легионер стерегущий	1
путем распятия	1
же вставной	1
отступлениями метафорическими	1
их в	1
в христианском	1
фольклорного времени	1
в знаменитой	1
сюжетом гроб	1
главным образом	1
комплекса берутся	1
тип отношения	1
как расплата	1
совокупление зачатие	1
лежат в	1
их тут	1
не только	1
слова вдовы	1
мотивы этой	1
но таковыми	1
комплекса петронием	1
звенья классического	1
всего частного	1
от смерти	1
и дополнительный	1
трагедии и	1
этого комплекса	1
ряды жизни	1
отдельных эпизодов	1
развития тот	1
который они	1
рабле частно-бытовая	1
пародийного разрушения	1
особый и	1
ни один	1
взяты не	1
все элементы	1
образом элементы	1
есть не	1
еще продолжают	1
смешного тот	1
над мрачным	1
таковыми они	1
ряды взяты	1
сервантесовское решение	1
смешного житейского	1
эллинистическо-восточных мистерий	1
прежде всего	1
в частно-бытовом	1
трагической атмосферой	1
эпистемона в	1
по соседству	1
ни единой	1
смертью у	1
о целомудренной	1
бы их	1
совершенно реальной	1
и обходными	1
его от	1
по чисто	1
пусть лучше	1
этот ряд	1
всех своих	1
нужна ему	1
трупа покойника	1
есть без	1
находим на	1
героику комического	1
молодость еда	1
иной тип	1
гроб мужа	1
реминисценциями и	1
и сильного	1
ряда мотивов	1
ряда гроб	1
денежных отношений	1
и эротики	1
же в	1
той же	1
выделился частный	1
но самый	1
моменты мифа	1
отношения к	1
непристойности еда	1
и воскресению	1
всему другому	1
значительны и	1
комплекса объединены	1
форме они	1
на алтаре-гробе	1
смех и	1
они стали	1
смех таковы	1
физиологическом духе	1
в финале	1
воскресению здесь	1
мрака смерти	1
финале смех	1
умерли породившие	1
развитых денежных	1
лишь в	1
на его	1
за любовь	1
лирическими отступлениями	1
изнанка разоблачающая	1
пребыванием эпистемона	1
воскресение совершается	1
их развивает	1
станут совершенно	1
средневековый пародийный	1
подробно их	1
питьем совершенно	1
низменном и	1
тут же	1
например эпизод	1
воскресения в	1
друг от	1
как изнанка	1
распятие по	1
условиях фольклорного	1
имеются моменты	1
отношений в	1
эта окончательная	1
в самом	1
бытовые но	1
мясо хлеб	1
друга никакими	1
неофициального в	1
торжествует здесь	1
здесь все	1
своих моментах	1
взобрался на	1
смерти посюсторонний	1
противоположной той	1
умереть с	1
вдова собирающаяся	1
произведениях лукиана	1
в совершенно	1
мрачным отчаянием	1
аккорд пусть	1
когда обособилась	1
и богам	1
сильного тела	1
в мистическом	1
и земном	1
сакральным блудом	1
торжество жизни	1
классического ряда	1
в разработке	1
сублимированном аспекте	1
в нежизненных	1
которой слагались	1
аспекте который	1
елизаветинской трагедии	1
бытовом плане	1
же гротескную	1
его приключенческой	1
безутешная молодая	1
нежизненными и	1
фольклора здесь	1
прямое влияние	1
внимание на	1
распущенности и	1
чисто бытовому	1
частного и	1
отчаянием и	1
берет те	1
совокупление у	1
в сферу	1
этой новеллы	1
у петрония	1
обнаруживает средневековый	1
ним по	1
не по-лукиановски	1
ему как	1
молодая вдова	1
породившие их	1
легионером мрачное	1
сама эта	1
его со	1
вино и	1
при всем	1
смерти легионера	1
в этот	1
ряд введен	1
разработке отдельных	1
на исключительную	1
масками умершего	1
и совершается	1
приобщение через	1
обходными путями	1
также оказавший	1
незначительным и	1
сфере подробно	1
лукиан также	1
единой не	1
объединены совершенно	1
труп покойника	1
плодородия сакральным	1
смерти к	1
и сложный	1
самый быт	1
и грубости	1
скорби и	1
всей крайней	1
своей человеческой	1
есть в	1
будет распят	1
трупа в	1
быт деклассированных	1
аспекте то	1
могиле мужа	1
на похоронах	1
на иной	1
пережитками особенно	1
из безысходной	1
исключения основные	1
эта реальная	1
классический мотив	1
шутовскими масками	1
нет смерти	1
сакральным цинизмом	1
путем введения	1
эфесской матроне	1
действительности но	1
только в	1
гроб молодость	1
мужа вместо	1
как обновление	1
быт когда	1
почти прикрывают	1
тесном соседстве	1
прижатые друг	1
него еще	1
соответствуют позднейшей	1
и хлеб	1
в самих	1
мы вспомним	1
окончательная комическая	1
ибо умерли	1
и сакральным	1
покойника обращаем	1
вставной новелле	1
с ним	1
фантастику то	1
ее специфичности	1
и быта	1
совершается эта	1
распятия трупа	1
в мифах	1
покойника зачатие	1
всем цинизме	1
лучше будет	1
дополнительный и	1
когда выделился	1
ясными если	1
сфер идеологии	1
смеха соседство	1
в которой	1
отошли еда	1
и во	1
специфический оттенок	1
на последующее	1
комедии пошедшей	1
умерли ибо	1
и голода	1
значительное сродство	1
богов лукиан	1
все без	1
ему аспекте	1
и сжатым	1
моменты были	1
новеллы объединенные	1
когда эти	1
любовь распятие	1
самом романе	1
хоть и	1
утех с	1
же преображение	1
аспекте смеха	1
не оправдывается	1
смерть богов	1
смерти вдовы	1
здесь отсутствует	1
комическом аспекте	1
и фальшивыми	1
трактовки древнего	1
оттенок низкого	1
обнаруживают комические	1
смертью воскресение	1
таковы мотивы	1
стерегущий по	1
единство сухо-реальной	1
эта сфера	1
почти до	1
методах пародийного	1
распятыми разбойниками	1
при этом	1
смеха мнимое	1
мотивов элементы	1
нет ни	1
античного общества	1
мистико-символическими связями	1
и эротической	1
комплекса со	1
в комическом	1
комическое изумление	1
что мистической	1
всего у	1
быта и	1
образом быт	1
побед жизни	1
разложения античного	1
реальном а	1
римской империи	1
они почти	1
плоскости новеллы	1
жизни еды	1
жанрах высокой	1
художественной трактовки	1
и жаждой	1
значительности в	1
любовных утех	1
последующее развитие	1
нет трупа	1
и принимается	1
романе еда	1
равнодостойны всему	1
заставил бы	1
проявляется не	1
при всей	1
коротенький сюжет	1
приключенческой части	1
внутренним сродством	1
которые соответствуют	1
и вино	1
голода на	1
разрушающими единство	1
желанию вдовы	1
мифы показана	1
ее неизбежности	1
креста труп	1
аспекте и	1
отсутствует смех	1
молодой и	1
нарочито низменном	1
смерть совокупление	1
быта одной	1
удар который	1
разрушения высоких	1
выражении воскресение	1
в елизаветинской	1
в присутствии	1
никакими побочными	1
низов империи	1
всеми деталями	1
нежизненных и	1
а мистико-символическими	1
и шутовские	1
предфинальный аккорд	1
похоронах и	1
смехотворная неадекватность	1
прохожих тому	1
то что	1
и бытовые	1
низкий частный	1
богам необходимо	1
одной из	1
вспомним что	1
всего этого	1
бытового ту	1
разоблачающая высокие	1
матроне даны	1
и детализует	1
любви и	1
новеллы особенности	1
и воскресшего	1
комического и	1
и при	1
другому но	1
что труп	1
мертвых но	1
другу они	1
скорее по-аристофановски	1
воскресение покойника	1
той в	1
обращаем внимание	1
исчезновения трупа	1
связями и	1
диаметрально противоположной	1
цинизмом свадеб	1
к другу	1
все дано	1
к фольклорному	1
вдовы финальное	1
сухо-реальной плоскости	1
этого ряда	1
мистерий и	1
и поверхностным	1
в последующие	1
мистическом аспекте	1
житейского быта	1
один элемент	1
совокупление спасение	1
моменты и	1
же линии	1
объединенные великолепным	1
современном ему	1
принимается лукианом	1
пути было	1
аскетическое упорство	1
было незначительным	1
аспекте фигурировали	1
высоких сфер	1
без исключения	1
отношения привлекается	1
частности в	1
и равнодостойны	1
этот непрерывный	1
того здесь	1
в произведениях	1
входа украденный	1
житейском аспекте	1
почти диаметрально	1
смертью четыре	1
объединенные совершенно	1
условия создавшая	1
непристойности смерть	1
существенное влияние	1
время петрония	1
необходимо нанести	1
специфичности как	1
событием жизни	1
особенности художественной	1
но сама	1
здесь нет	1
христианском культе	1
жаждой смерти	1
здесь даны	1
непрерывный ряд	1
друга не	1
сложный тип	1
пошедшей в	1
и связаны	1
но при	1
петрония все	1
сочетается с	1
реальная действительность	1
сюжетом а	1
побочными и	1
совокупление их	1
поэтому влияние	1
мифа которые	1
рассуждениями лирическими	1
безысходной скорби	1
половые отношения	1
разлагающимися обрядами	1
сфера когда	1
в материальные	1
смех в	1
тесноту всего	1
и торжество	1
основном по	1
который заставил	1
земном кроме	1
знаменитой же	1
всяких натяжек	1
у шекспира	1
мистическое тело	1
собою не	1
гроба совокупление	1
элемент не	1
с тоски	1
сфера куда	1
финальное комическое	1
упорство и	1
свадеб пародийными	1
великолепным и	1
современной реальной	1
культовые непристойности	1
ступени развития	1
привлекается лукианом	1
мотив кражи	1
вино на	1
части и	1
совершенно ясными	1
их смехотворная	1
эротической сфере	1
хлеб на	1
новелле о	1
и жажда	1
и тесном	1
друг друга	1
эротическая сфера	1
от него	1
питье смерть	1
воскресшего приобщение	1
их комически	1
фольклорному комплексу	1
сцены в	1
в его	1
питья молодости	1
у трупа	1
смерть и	1
со всеми	1
кражи исчезновения	1
эти моменты	1
комплексу представляет	1
как низкий	1
сломленные влюбленным	1
присутствии молодого	1
склепе безутешная	1
сам взобрался	1
в омертвевшей	1
распятого умершего	1
развивает и	1
сублимировано совокупление	1
реальным событием	1
с едой	1
те моменты	1
и поминках	1
сродством по	1
фигурировали во	1
соседстве прижатые	1
ходульных жанрах	1
и веселый	1
сфера нужна	1
торжествуют над	1
и мотив	1
друг к	1
поминках в	1
в бытовом	1
алтаре-гробе как	1
частно-бытовой и	1
но мифы	1
жизни смех	1
преображение всего	1
в царстве	1
изумление прохожих	1
влиянием развитых	1
низкого и	1
низводит богов	1
что те	1
совершается в	1
а не	1
мрачное аскетическое	1
жизни однако	1
соседстве со	1
мы находим	1
пародийными шутовскими	1
деклассированных низов	1
реальной плоскости	1
нарочито в	1
от друга	1
даны в	1
веселый легионер	1
глубокое сродство	1
плане а	1
питье как	1
трупа разбойника	1
молодого и	1
разбойниками сломленные	1
гротескную фантастику	1
и потому	1
эпохи жизни	1
отделены друг	1
мистическом плане	1
трупа мужа	1
кроме того	1
эротики таким	1
дано в	1
в атмосфере	1
они еще	1
сатириконе петрония	1
в сатириконе	1
совершенно иной	1
радости жизни	1
деталями но	1
линии обнаруживают	1
поверхностным но	1
не привлекается	1
под влиянием	1
сюжета рассуждениями	1
пахнет разлагающимися	1
антитезы лукиановское	1
жизнь но	1
вместо украденного	1
они получили	1
питье новой	1
культе вино	1
смерть как	1
едой и	1
вдовы трупа	1
неузнаваемости сублимировано	1
связаны между	1
лукианом в	1
с распятыми	1
собирающаяся умереть	1
мертвый чем	1
и трагической	1
мифы умерли	1
пародийный фарс	1
берутся лукианом	1
сублимированном и	1
мужа совокупление	1
отнюдь не	1
по той	1
даже в	1
неизбежности но	1
мотив воскресения	1
лукиан берет	1
тело распятого	1
частно-бытовом житейском	1
также классический	1
человеческой значительности	1
соотношениями и	1
богов в	1
раза радости	1
живой слова	1
атмосферой культовые	1
в культах	1
их жизнь	1
сжатость и	1
просто символической	1
неадекватность современной	1
эпизодов например	1
представлен в	1
лукианом нарочито	1
потому тесноту	1
жизни в	1
комически умереть	1
бытовому пути	1
смертью жизнь	1
введен и	1
непристойностей те	1
непосредственном и	1
позднейшей частно-бытовой	1
непосредственном соседстве	1
украденного трупа	1
реальном и	1
кресты с	1
высокой идеологии	1
фарс глубокое	1
как мистическое	1
мифам и	1
характер половых	1
идеологии мифам	1
не то	1
атмосфере почти	1
грозящая легионеру	1
и смешного	1
посюсторонний след	1
прикрывают друг	1
показана их	1
труп разбойника	1
