точки зрения	34
философии языка	29
второго направления	27
может быть	26
и не	26
не может	24
с точки	20
и его	19
и в	19
об идеологиях	18
таким образом	17
языка как	17
идеологический знак	17
в этом	16
абстрактного объективизма	16
философско-лингвистической мысли	16
первого направления	15
как бы	15
языка в	14
идеологического знака	14
в процессе	14
прежде всего	13
языка и	13
как мы	13
как и	12
и пр	12
индивидуального сознания	12
социального общения	12
и для	11
связи с	11
так и	11
если мы	11
в нем	10
и т.п	10
языка –	10
ich war	10
направления философско-лингвистической	10
– в	10
в слове	10
функциональной психологии	10
ни было	10
в самом	10
психикой и	10
самом деле	10
идеологического творчества	9
wir waren	9
индивидуальное сознание	9
ich was	9
внутреннего знака	9
внутренний знак	9
внутренняя речь	9
для него	9
лишь в	9
только в	9
внутренней речи	9
в результате	9
и идеологией	8
все же	8
система языка	8
бы то	8
при этом	8
– это	8
сих пор	8
на материале	8
до сих	8
но и	8
как система	8
то что	8
то ни	8
в контексте	8
друг друга	8
без исключения	8
о языке	8
между психикой	8
не только	8
все эти	7
систему языка	7
в связи	7
субъективного сознания	7
так же	7
общественной психологии	7
во всех	7
язык как	7
знак –	7
в ее	7
но в	7
то же	7
точка зрения	7
бытия в	7
и те	7
психологии и	7
науки об	7
в каждом	7
психики и	7
в направлении	7
нормативно тождественных	7
слова как	7
а не	7
и здесь	6
и того	6
того же	6
кроме того	6
с помощью	6
настоящее время	6
мы не	6
в смысле	6
данного момента	6
в настоящее	6
в том	6
в его	6
знака –	6
на почве	6
отнюдь не	6
ничего не	6
является не	6
другой стороны	6
так сказать	6
в разрезе	6
в организме	6
в науке	6
тождественных форм	6
– не	6
в основном	6
и идеологии	6
в пределах	6
идеологического общения	5
языка для	5
во всяком	5
входит в	5
одни и	5
связи между	5
знака как	5
индивидуалистического субъективизма	5
знаковом материале	5
идеологических явлений	5
рядом с	5
вовсе не	5
и все	5
индивидуального организма	5
не в	5
хотя бы	5
знак и	5
в конце	5
исторического становления	5
ничего общего	5
является слово	5
те же	5
знак не	5
как системы	5
опираться на	5
необходимо чтобы	5
того чтобы	5
одного и	5
в начале	5
направлении к	5
отличие от	5
объективной точки	5
до настоящего	5
процессе социального	5
до конца	5
знака к	5
языковых форм	5
языку как	5
и потому	5
ясно что	5
социальной ситуации	5
по преимуществу	5
именно в	5
этот вопрос	5
в отличие	5
за пределы	5
проблем философии	5
общения и	5
и идеология	5
знака и	5
материале слова	5
с другой	5
общественная психология	5
должна опираться	5
к этому	5
может стать	5
настоящего времени	5
в знаке	5
как ее	5
конечно не	5
гуманитарных наук	5
знака в	5
знакового общения	5
совершается в	5
мы знаем	5
объективная психология	4
становления языка	4
содержание психики	4
вне его	4
еще не	4
лингвистической мысли	4
вопрос о	4
как такой	4
что же	4
как специфического	4
разрезе данного	4
и тот	4
не будет	4
отражает и	4
слове в	4
не менее	4
язык в	4
науки о	4
всякий идеологический	4
в условиях	4
в идеологическом	4
идеологическое явление	4
психической жизни	4
внешнего знака	4
специфического объекта	4
по себе	4
как идеологического	4
дело идет	4
системе языка	4
а в	4
между ними	4
об идеологии	4
– и	4
was –	4
в отношении	4
жизни в	4
орудие производства	4
что в	4
интерпретирующей психологии	4
здесь мы	4
сознания говорящего	4
всех без	4
что слово	4
с этим	4
нет и	4
это –	4
переход от	4
в рамки	4
психологии в	4
и на	4
в единство	4
как в	4
идеологического явления	4
же является	4
объективного определения	4
выражение в	4
– его	4
язык есть	4
этой проблемы	4
внутренние знаки	4
тот же	4
идея понимающей	4
слово как	4
для того	4
слово –	4
в лингвистике	4
понимающей и	4
так называемая	4
в языке	4
не столько	4
– говорит	4
себетождественных норм	4
отношении к	4
и преломляет	4
речевого взаимодействия	4
внутренней жизни	4
мысли и	4
языкового творчества	4
направления в	4
физиологическим процессом	4
и внешнего	4
от того	4
далеко не	4
и эта	4
науку об	4
лишь с	4
самого начала	4
с самого	4
и между	4
наука об	4
для второго	4
в ней	4
базиса и	4
чем же	4
сказать что	4
оно может	4
было бы	4
форм и	4
– wir	4
не будем	4
знаковое значение	4
не является	4
только на	4
как же	4
наук об	4
к одному	4
в данном	4
войти в	3
не становится	3
в которой	3
переживание в	3
момент в	3
зрения говорящего	3
абстрактный объективизм	3
только при	3
проблемы философии	3
в целях	3
все формы	3
же время	3
всякий знак	3
знакового материала	3
должны быть	3
конце концов	3
первом случае	3
можно сказать	3
понимания и	3
место в	3
в достаточной	3
философия языка	3
в функциональной	3
лишь для	3
какого бы	3
что делает	3
язык является	3
действительности на	3
к этим	3
мы теряем	3
для всего	3
речевого общения	3
и ее	3
для марксизма	3
и действительно	3
большинстве случаев	3
не было	3
языковой формы	3
на границе	3
отношения базиса	3
внутри этой	3
зрения второго	3
из основных	3
в материале	3
в большинстве	3
вполне понятно	3
в какой	3
вопрос мы	3
внутренним знаком	3
к другой	3
сознания и	3
данной социальной	3
над языком	3
индивидуальной психики	3
имеет свою	3
речевом акте	3
действительности к	3
есть объект	3
с другими	3
в своей	3
этой школы	3
– ich	3
всякого знака	3
не дает	3
каузальности в	3
мы подробнее	3
на язык	3
зрения субъективного	3
места в	3
представителей функциональной	3
знаковое выражение	3
от одного	3
социальной жизни	3
всех других	3
объективизма в	3
он –	3
– то	3
русской лингвистической	3
его в	3
для первого	3
психология должна	3
каких бы	3
но все	3
явлений –	3
социальной среде	3
сводится к	3
пр в	3
нуждается в	3
смысле этого	3
одной из	3
материальной действительности	3
проблема отношения	3
в бытии	3
задача объективного	3
в дальнейшем	3
по законам	3
один и	3
здесь в	3
совершенно не	3
этот процесс	3
речи в	3
внутреннего и	3
внутренних знаков	3
основоположения второго	3
и формы	3
в корне	3
субъективной психики	3
на науку	3
на самом	3
между тем	3
не имеют	3
высшей степени	3
ее целом	3
преломляет другую	3
высказывания parole	3
различие между	3
правда и	3
этом случае	3
по отношению	3
они еще	3
и к	3
является лишь	3
между двумя	3
а как	3
он может	3
действительности но	3
этом отношении	3
нормативная тождественность	3
реальной данности	3
идеологические знаки	3
языковой системы	3
и при	3
и надстроек	3
общения в	3
следует что	3
нельзя отрывать	3
это и	3
переходим к	3
системы языка	3
психики в	3
общего с	3
чисто идеологическое	3
он является	3
в то	3
мы должны	3
субъективная психика	3
особи и	3
и от	3
в сущности	3
знаковым материалом	3
момент исторического	3
механистической каузальности	3
он не	3
в нашу	3
физиологический процесс	3
первое направление	3
в истории	3
в первом	3
действительность психики	3
лишний человек	3
оно ни	3
и внешним	3
по соссюру	3
психическое переживание	3
объекта исследования	3
синхроническая система	3
одного знакового	3
т.п в	3
знаковая действительность	3
психической функции	3
par exсellence	3
теперь мы	3
физическое тело	3
речи и	3
в котором	3
знак как	3
к другому	3
языковых явлений	3
внешнего выражения	3
действительности и	3
не существует	3
нашу задачу	3
того что	3
индивидуальный акт	3
не утрачивая	3
знака является	3
слова и	3
не могут	3
более того	3
идеологическое значение	3
в высшей	3
данного языка	3
синхроническом разрезе	3
науке о	3
нет ничего	3
идеологическое творчество	3
и как	3
двух направлений	3
быть и	3
мы говорили	3
основных проблем	3
социальная ситуация	3
для каждого	3
представители абстрактного	3
с объективной	3
не имеет	3
марксизма в	3
законы языкового	3
продукт потребления	3
на этот	3
большинство представителей	3
в каком	3
нашей работы	3
все это	3
по дильтею	3
и ту	3
физиологических процессов	3
для говорящего	3
в области	3
в систему	3
waren в	3
целый ряд	3
работы мы	3
и есть	3
знак в	3
неизменных норм	3
представителей абстрактного	3
понятно что	3
зрения языка	3
формы и	3
одного из	3
вне этого	3
эта последняя	3
проблема идеологического	3
системы форм	3
все без	3
и это	3
языка а	3
действительность знака	3
сознания как	3
науке об	3
или иной	3
слово в	3
этих форм	3
из них	3
системой языка	3
смысле совокупности	3
но именно	3
и следовательно	3
как такое	3
ли язык	3
она может	3
xix века	3
же самое	3
– все	3
является в	3
не есть	3
том что	3
и интерпретирующей	2
или ich	2
среды сознания	2
преимуществу является	2
то мы	2
его последователей	2
одним из	2
одну из	2
ни специфическая	2
поэтому-то и	2
специфическая роль	2
и этот	2
или иначе	2
всякой связи	2
– проблема	2
для всех	2
целом ряде	2
если переживание	2
нарушение становится	2
является продуктом	2
к надстройкам	2
о сколько-нибудь	2
явлений речи	2
в себе	2
законы языка	2
этой системы	2
философии знака	2
его знаковой	2
дано в	2
идеологическом знаке	2
на стыке	2
всех сторон	2
же –	2
себе отчет	2
форма социального	2
не знает	2
между логикой	2
слово является	2
знаковую функцию	2
дильтея и	2
и с	2
первым и	2
всякое идеологическое	2
выражение и	2
бы в	2
о применении	2
в разрешении	2
не успели	2
среда в	2
самом же	2
в частности	2
быть знаком	2
организованного социального	2
новом и	2
вся история	2
формы знаков	2
в другом	2
моего сознания	2
из этих	2
переживание имеет	2
его последователей	2
индивидуальными сознаниями	2
направления язык	2
самонаблюдения как	2
числе и	2
продуктивная разработка	2
отвлекаясь от	2
с установкой	2
два индивида	2
слова быть	2
по которым	2
ситуации и	2
становится знаком	2
мы оказались	2
система непререкаемых	2
действительность то	2
напр –	2
языковое явление	2
значение данного	2
неразрывной связи	2
действительность слова	2
особь с	2
орудием производства	2
или в	2
вопросов философии	2
в литературе	2
жизни и	2
данной группы	2
в двух	2
физиологическим аппаратом	2
их взаимодействия	2
– что	2
и другую	2
противостоит индивиду	2
исторического времени	2
от этого	2
 в	2
внутреннее бытие	2
снимает себя	2
является одним	2
на первый	2
на определенной	2
могла бы	2
в синхроническом	2
голый физиологический	2
выражения общественной	2
именно на	2
до тех	2
и психологистическое	2
– задача	2
зрения тех	2
существует особый	2
отсюда следует	2
это является	2
объектом лингвистики	2
какого рода	2
знаком в	2
определенной почве	2
данной психики	2
математический знак	2
для нашей	2
может получить	2
и стать	2
проблема самонаблюдения	2
мы замечаем	2
организм и	2
себя от	2
переживание не	2
и становление	2
не освещенный	2
самое это	2
становление слова	2
переживания мы	2
и прежде	2
знака resp	2
по мере	2
к данной	2
говорящего коллектива	2
и высказывание	2
отношению к	2
и является	2
темы и	2
этом конечно	2
контексте моего	2
внутри самой	2
как вещь	2
для них	2
они существуют	2
но при	2
этими двумя	2
высказывание –	2
идеологические мотивы	2
с системой	2
творческий акт	2
как с	2
история языка	2
и их	2
истории языка	2
окажемся перед	2
психологии дильтей	2
момент и	2
психика –	2
делает слово	2
социальную атмосферу	2
каждом идеологическом	2
этим определяется	2
условиях социальной	2
продуктивной разработки	2
разобранные нами	2
всех областях	2
форма языка	2
каждого данного	2
что само	2
важнейших проблем	2
зависит от	2
от высказывания	2
это так	2
превращаясь в	2
языковой вкус	2
о философии	2
фосслера и	2
индивиду как	2
к языку	2
между внутренним	2
знак жив	2
принципиальной ориентации	2
основою гуманитарных	2
правильно ли	2
фонетических грамматических	2
идеологию в	2
действительность принадлежит	2
– продукт	2
уже поставлены	2
мы пока	2
в эти	2
есть лишь	2
современного положения	2
бытие –	2
быть дано	2
и относительно	2
быть сведены	2
идеологическом материале	2
идеологическому знаку	2
система языковых	2
в сознании	2
почве философии	2
его понимания	2
ту и	2
задач марксизма	2
внешним миром	2
единство этой	2
как единой	2
его значением	2
разрешена проблема	2
как раз	2
ведь ясно	2
омертвевшим отложением	2
действительное место	2
действительно ли	2
знаков не	2
четырех основоположений	2
волна психологизма	2
и логикой	2
систему познания	2
механической каузальности	2
исторические корни	2
психологии является	2
фактом –	2
и во	2
и вообще	2
во внутренний	2
индивидуальный творческий	2
объектом знакового	2
это положение	2
там где	2
от их	2
этой территории	2
организма с	2
исторична и	2
школы и	2
материале внутреннего	2
содержание индивидуальной	2
следовательно не	2
этот круг	2
от каких	2
и стилистики	2
всех остальных	2
ни из	2
различие в	2
социального сознания	2
связана с	2
тесно связана	2
направления и	2
что таков	2
логику и	2
в понимании	2
не найдем	2
является знаковым	2
отчетливость его	2
значения слова	2
от него	2
мы тем	2
речь проблема	2
из важнейших	2
будет разрешена	2
данной особи	2
быть понято	2
зрения индивида	2
охарактеризованного нами	2
основололожения первого	2
социального взаимодействия	2
области жизненной	2
и которую	2
его концепции	2
и взаимодействия	2
первой части	2
– является	2
знаковый материал	2
основная точка	2
реакция на	2
лингвистическая закономерность	2
основоположений второго	2
ними как	2
совершенно объективное	2
же социального	2
одному знаменателю	2
идеологии до	2
психологистическое культуроведение	2
создает новую	2
исследовательского пути	2
ограничения объекта	2
идеологии –	2
разрешение всех	2
данной формы	2
круг предметов	2
точке зрения	2
этическая ценность	2
диалектического материализма	2
языкового явления	2
все остальное	2
базиса к	2
и вне	2
же они	2
и взаимно	2
если он	2
modus существования	2
речи как	2
совершенно независимо	2
менее всего	2
langue и	2
то в	2
во-вне в	2
остальных выразительных	2
данности языка	2
идеологический продукт	2
норм она	2
вкус –	2
индивидуальной психической	2
– философия	2
среди представителей	2
связь и	2
знаковой природы	2
ко всякому	2
понимание данного	2
различна степень	2
и руки	2
его к	2
допустим что	2
психологии очень	2
глаза и	2
и неизменных	2
реальный момент	2
к единству	2
определение может	2
там и	2
и иные	2
таком случае	2
и антипсихологизм	2
его именно	2
понять и	2
принадлежит еще	2
к внешнему	2
второй –	2
проблема речевых	2
и только	2
пока не	2
индивидуальному сознанию	2
ни проблема	2
языка 	2
единство объективного	2
творчества –	2
двумя рядами	2
между собой	2
направления исторические	2
дана как	2
биологическая особь	2
психика является	2
самый вопрос	2
жизненной идеологии	2
в языковую	2
преломления бытия	2
совокупности всех	2
этом смысле	2
между индивидами	2
то как	2
и сама	2
деле ведь	2
переживания как	2
мысли нового	2
зрения понимающего	2
или хотя	2
с этой	2
норм и	2
та сторона	2
психическая функция	2
из него	2
направлении от	2
как философии	2
идея языка	2
на этой	2
зрения так	2
концепции –	2
существует для	2
в каком-нибудь	2
конечно в	2
мира и	2
идеологиях и	2
мысли абстрактного	2
связи нет	2
идеологическими знаками	2
в таком	2
следовательно и	2
какой степени	2
что система	2
как оно	2
является знаком	2
диалектика знака	2
знака этим	2
социально-политическим строем	2
он ни	2
иногда очень	2
как знак	2
к каким	2
определения психики	2
установкой на	2
знаковая чистота	2
слово может	2
физической вещи	2
в узком	2
и обеспечивает	2
еще только	2
отчет в	2
но если	2
разрезе скажем	2
корни второго	2
являются лишь	2
независимо от	2
специфической идеологической	2
к следующим	2
его значение	2
где они	2
каким-либо иным	2
для данного	2
формы языка	2
этот комплекс	2
все идеологическое	2
не об	2
вот в	2
эта ситуация	2
формы –	2
мы ограничимся	2
к своему	2
явлений и	2
данный внутренний	2
устойчивая система	2
war –	2
никогда не	2
проблема взаимоотношения	2
как необходимый	2
и даже	2
внутренний мир	2
глава вторая	2
как идеологический	2
в единстве	2
и других	2
из которых	2
оно становится	2
для решения	2
третьей части	2
направления современные	2
и той	2
языке и	2
сознание может	2
ни объективная	2
высказывания –	2
на формы	2
психики по	2
значение не	2
ее единичной	2
дают себе	2
принципиальные точки	2
чтобы наблюдать	2
речевых жанров	2
словесного знака	2
не остается	2
зрения функциональной	2
и гибкий	2
на данном	2
систему как	2
насущнейших задач	2
в идеализме	2
психики есть	2
физическую вещь	2
был вильгельм	2
проблемы реальной	2
психологии не	2
как неповторим	2
данной мысли	2
в социальной	2
всеми членами	2
их закономерность	2
по фосслеру	2
социально-идеологическая природа	2
конечно совершенно	2
осуществляется внутренняя	2
функциональная психология	2
– действительность	2
тождественной формы	2
индивидуальный речевой	2
точкой зрения	2
идеологические явления	2
нужно поместить	2
мог бы	2
рода действительность	2
они и	2
с ее	2
в тесной	2
– как	2
со всех	2
знакового оформления	2
proton pseudos	2
соответствующих физиологических	2
на социальную	2
т.е синхронически	2
противоречие между	2
– синхронический	2
ведь в	2
объективным фактом	2
т.е является	2
как устойчивая	2
других внутренних	2
из этого	2
знак должен	2
культуры и	2
знаковый характер	2
отношение знака	2
другими словами	2
между ich	2
в качестве	2
философия культуры	2
образ и	2
основных вопросов	2
и истолковывающей	2
проблема чужого	2
– а	2
у нас	2
нет никакой	2
зрения и	2
имеет значение	2
от знака	2
что не	2
не психично	2
к его	2
отвлечемся от	2
языка с	2
идеологического содержания	2
на смену	2
к тому	2
это отношение	2
что такое	2
нового времени	2
выразительных движений	2
пор пока	2
времени не	2
– факт	2
для одного	2
как если	2
истолковывающей психологии	2
языка все	2
и всего	2
никто из	2
язык от	2
с условиями	2
именно эти	2
данного коллектива	2
субъективному сознанию	2
действительная точка	2
как он	2
системы нормативно	2
действительности в	2
особенность внутреннего	2
индивидуальная психика	2
в чем	2
классовая борьба	2
мысль и	2
говорящего важна	2
может осуществиться	2
не все	2
как мейе	2
взаимно необходимы	2
к этой	2
языка ведь	2
основоположениям язык	2
ни о	2
идеалистическая философия	2
говорящего сознания	2
между первым	2
зависимости от	2
рамки выставленных	2
является источником	2
объектом психологии	2
лингвистическая истина	2
говорящего и	2
нам придется	2
на характеристике	2
теряем самое	2
– являются	2
суть законы	2
в романе	2
психики все	2
во все	2
словом и	2
в одной	2
индивидуального говорения	2
нормативно тождественной	2
как она	2
деле если	2
свое выражение	2
ни в	2
социальный кругозор	2
выделения и	2
наметить лишь	2
лучше всего	2
из базиса	2
нем нет	2
за пределами	2
коллектива если	2
этот момент	2
должно быть	2
два основных	2
подойти к	2
знака внутренняя	2
же и	2
базис определяет	2
самонаблюдение как	2
начала ясно	2
со всею	2
идеологическая нейтральность	2
устойчивым и	2
всяком случае	2
данный момент	2
корне ложным	2
художественный образ	2
тем что	2
индивидуальной субъективной	2
системе в	2
эти области	2
внутренним словом	2
в объяснении	2
в новое	2
идеологическим знаком	2
борьба и	2
они все	2
область идеологического	2
благодаря которой	2
это делает	2
слово сопровождает	2
той же	2
для историка	2
и знак	2
из виду	2
существования языка	2
все идеологические	2
не могло	2
формами и	2
система норм	2
индивид как	2
и слушающего	2
его историей	2
формы знакового	2
отвлечение от	2
глубокий и	2
или к	2
делают его	2
источником языка	2
направления как	2
знаков т.е	2
язык противостоит	2
что все	2
ту же	2
к проблеме	2
говорящего как	2
в философии	2
бенедетто кроче	2
школа фосслера	2
четкость и	2
реальный комментарий	2
ограничения языка	2
и т.д	2
упускается из	2
узком смысле	2
быть внутренним	2
лишнего человека	2
материале и	2
необходимо прежде	2
станет объектом	2
как среды	2
этой действительности	2
и др	2
начале исследовательского	2
каждом речевом	2
одна из	2
перед голым	2
мы уже	2
речевой акт	2
основных магистралей	2
побочно и	2
наша работа	2
этого слова	2
людей так	2
точку зрения	2
нет ни	2
знаковое идеологическое	2
формами социального	2
социально как	2
становление общества	2
бы и	2
степень их	2
и та	2
условиях данной	2
формы в	2
своим идеологическим	2
же как	2
зрения не	2
могут быть	2
психики так	2
всею совокупностью	2
объективизма не	2
никакой познавательной	2
действительности –	2
представители индивидуалистического	2
показать место	2
и действительная	2
к данному	2
тонкий и	2
в данный	2
акт речи	2
социологического метода	2
речь и	2
тому что	2
внутренняя речь?	2
содержания в	2
вопросов мы	2
и идеологической	2
знакового идеологического	2
недопустимость категорий	2
мысли в	2
естественной и	2
идеологической системе	2
чтобы и	2
система нормативных	2
идеологией в	2
каком бы	2
характерной для	2
свои мысли	2
совпадает с	2
в процессах	2
индивида были	2
всего второго	2
в тот	2
и он	2
всякая живая	2
пределах индивидуального	2
стороны оно	2
мысли индивидуалистического	2
во внешнем	2
к индивидуальному	2
тем не	2
идеологиях в	2
которой она	2
мы можем	2
тема знака	2
этом условии	2
неизбежно должна	2
этому нужно	2
она не	2
однако не	2
значения для	2
переживания и	2
языковая норма	2
вне знака	2
как к	2
вторым направлением	2
природы как	2
стать внутренним	2
система себетождественных	2
в знак	2
не просто	2
и всякое	2
далеко за	2
специфическим объектом	2
организма в	2
себетождественных форм?	2
т.е может	2
всяком акте	2
может существовать	2
грамматических и	2
глава первая	2
другую действительность	2
существует лишь	2
что и	2
громадное значение	2
диалектическое взаимодействие	2
речевых жизненных	2
язык и	2
в действительности	2
областей знания	2
особенности слова	2
в неразрывной	2
подробнее увидим	2
господствующей идеологии	2
существовать лишь	2
является объектом	2
совершенно еще	2
же деле	2
познание в	2
внешнего опыта	2
и иными	2
одного качества	2
значением нет	2
стать объектом	2
все в	2
и ограничения	2
не как	2
такие и	2
знак par	2
с идеологическими	2
ни к	2
значение выходящее	2
– с	2
сама по	2
в своих	2
одной и	2
является одной	2
на стадии	2
границу между	2
идеологической действительности	2
к характеристике	2
пр и	2
том числе	2
существует как	2
решения бинома	2
в нашем	2
увидим в	2
этого сознания	2
этого материала	2
иными словами	2
идеологических знаков	2
же социально	2
эта мысль	2
– абстрактного	2
справедливо и	2
при более	2
изменение одного	2
категорий механистической	2
материале –	2
в социальный	2
этом вопросе	2
идеологических значений	2
способность слова	2
лишь тогда	2
для других	2
между индивидуальными	2
не приходится	2
не сможет	2
в работе	2
потребления можно	2
первый план	2
эта проблема	2
данного языкового	2
и иных	2
общества и	2
выражение общественной	2
определяющим влиянием	2
о том	2
психологизм и	2
между этими	2
пониманием его	2
мы скажем	2
контексте данной	2
как системе	2
не нашли	2
идеология –	2
речевых выступлений	2
как реальна	2
общей лингвистики	2
слова но	2
не наоборот	2
современные представители	2
процессе внешнего	2
анализу только	2
само индивидуальное	2
направления –	2
данном конкретном	2
соссюра и	2
основных понятий	2
явление языка	2
данного знака	2
дополняют друг	2
в какой-то	2
одним словом	2
психики –	2
функцию соответствующих	2
природа психики	2
свою очередь	2
другом и	2
нужно прибавить	2
для зиммеля	2
особи как	2
идеологией нет	2
действительности идеологического	2
мы постарались	2
формы а	2
совершающихся в	2
от нее	2
друга в	2
к знаку	2
ценностно акцентуированных	2
объективен ли	2
что он	2
постановка проблемы	2
образом между	2
каждом высказывании	2
идеологической закономерности	2
или вообще	2
ни одной	2
необходимо включить	2
знак становится	2
в основе	2
быть в	2
знаков в	2
для физиолога	2
его формы	2
– высказывания	2
момент –	2
каковым является	2
и речи	2
важна не	2
или процесс	2
достаточной степени	2
говорит он	2
социальных изменений	2
т.е с	2
благодаря этому	2
языка не	2
языковой действительности	2
непререкаемых и	2
в конкретном	2
по аналогии	2
на идеологическую	2
здесь происходит	2
в знаковом	2
должна быть	2
психологии или	2
уже у	2
выводить из	2
себе и	2
и вторым	2
языкового коллектива	2
социальных акцентов	2
сведены к	2
в виду	2
не касается	2
лингвистики мы	2
так как	2
идеологическую систему	2
психики если	2
связаны с	2
представителем первого	2
можно было	2
человека в	2
если бы	2
содержания между	2
разнонаправленных социальных	2
говорили о	2
без всякой	2
понимают и	2
именно здесь	2
но для	2
нормативных себетождественных	2
для субъективного	2
его индивидуального	2
мы отвлечемся	2
пределах одного	2
формы идеологического	2
что во	2
все остальные	2
антиномию в	2
и диалектика	2
не понята	2
тех пор	2
язык –	2
в первой	2
знака с	2
жизненных жанров	2
в организм	2
эти формы	2
идет конечно	2
нейтральность слова	2
идеологическом творчестве	2
в данной	2
что язык	2
объектом науки	2
представители второго	2
например –	2
об источниках	2
и более	2
конкретном контексте	2
языка между	2
вытекает следующее	2
с первым	2
лингвистической литературе	2
движется в	2
– там	2
иной момент	2
мы окажемся	2
в общей	2
жизни но	2
имеет место	2
самое справедливо	2
психология дана	2
из представителей	2
в своем	2
система нормативно	2
каждая область	2
нет еще	2
в свою	2
и сознание	2
в компетенцию	2
во втором	2
от переживания	2
в русской	2
поэтому всякое	1
их материального	1
работах посвященных	1
распространяется и	1
целом речь	1
закономерность чем	1
совершаться в	1
данного высказывания	1
скрещения и	1
мира прежде	1
т.е психологистически	1
тона языковых	1
социальной –	1
составляющие систему	1
социолог георг	1
темы предлагаемая	1
сверху донизу	1
знаке внутреннее	1
самостоятельную вещь	1
можно только	1
разработанной самим	1
искусству эстетической	1
средствами индивидуального	1
произведения не	1
процесса переживания	1
только наиболее	1
стольких противоречий	1
упрощается в	1
психично это	1
жизни вернее	1
уже является	1
всецело совпадая	1
такт и	1
проблема она	1
понимаемого знака	1
на знаковом	1
элементы тождественные	1
жизни –	1
конкретному от	1
размере каждого	1
языка от	1
иной почве	1
между формой	1
последнем счете	1
потребления может	1
организме так	1
лишь социальными	1
неповторим как	1
социальной ориентации	1
важна та	1
относясь к	1
рационализму и	1
художественному язык	1
непререкаемых норм	1
результате нашего	1
феномен ничего	1
первоначально свободной	1
эта социальная	1
распространяться на	1
многообразнейшие модификации	1
форм правильно	1
осуществления данной	1
выразительную знаковую	1
над грамматикой	1
идеологического контекста	1
социологическую закономерность	1
книгой не	1
материале например	1
не означает	1
если лишние	1
всегда наличен	1
два направления	1
марксистской работы	1
школа соссюра	1
языка второй	1
особь индивид	1
своеобразное единство	1
проблемы значения	1
марксистской науки	1
вырванным из	1
образуют систему	1
если и	1
человек появился	1
бытие стихию	1
наук идеология	1
двух случайных	1
ней в	1
организме переживание	1
его от	1
неповторимым индивидуально-творческим	1
можно истолковать	1
что лишний	1
дана по	1
с критики	1
дает для	1
и единство	1
зиммеля между	1
не допускает	1
по-своему ее	1
знаке? –	1
включить внутренний	1
истина языка	1
начинают до	1
личность по	1
– изменяется	1
– интенционалистов	1
процессе идеологического	1
нематериальное и	1
и концептуализме	1
речевому жанру	1
времени господствуют	1
освещенный сознанием	1
наделяет знак	1
пунктом лингвистического	1
пределы ее	1
идеи в	1
задач в	1
такой который	1
сопровождающего явления	1
– исключительно	1
индивидом язык	1
и социальных	1
знак изъятый	1
к сознательной	1
влиянием wir	1
порождено ею	1
логических математических	1
исключительную четкость	1
перечисленных явлений	1
в предшествующей	1
сложная и	1
что между	1
конца раскрыться	1
языка мифа	1
решение она	1
не могла	1
и психологистический	1
в степенях	1
наконец его	1
стоящей над	1
отвлечься от	1
требуется чисто	1
наоборот должна	1
лишены всякой	1
через которые	1
речь правда	1
особой закономерностью	1
или переживаемость	1
и диалога	1
своей приобщенности	1
воплощено может	1
моей особи	1
в xviii	1
его знаковая	1
этой речи	1
и деяний	1
поэтому проблема	1
и критерий	1
слово на	1
истина лингвистический	1
специфически идеалистической	1
сущности языка	1
работы является	1
направление подлинно	1
и там	1
знаками сознание	1
не первую	1
главы мы	1
процессом протекающим	1
повторяем всякий	1
соссюра ныне	1
идеологического воплощения	1
иной классификации»	1
себя путы	1
школы особенно	1
знак определяется	1
ее нарушение	1
грамматические фонетические	1
часто задает	1
изложении остается	1
правит совершенно	1
существа внутренней	1
формах всё	1
и повсюду	1
неизменной в	1
всякая идеологическая	1
переживания ведь	1
перехода бытия	1
взаимодополнение они	1
существует громадная	1
феномена исключительная	1
и философия	1
донизу но	1
бы они	1
ряд качественно	1
и конкретном	1
и целых	1
сделать его	1
с методологическими	1
которую мы	1
идеологии учитывая	1
эта цепь	1
которые затем	1
подобных противоречий	1
в аллегорию	1
ограничиться скромной	1
и различие	1
продукт носит	1
принять сразу	1
каждом из	1
и совершенно	1
и индивидуального	1
тезис соссюра	1
времени такие	1
нейтрально к	1
материалом таким	1
ранее идеологическими	1
главным образом	1
физиологическому пределу	1
и всякого	1
до крайней	1
как единственное	1
фактом языка-речи	1
будет гармонически	1
крик как	1
соприкасается со	1
почти не	1
происходит становление	1
ясности нет	1
лингвистикой и	1
следующих глав	1
которые уже	1
отношение субъективного	1
акт произнесения	1
другому качеству	1
– объективная	1
ей психологических	1
психики необходим	1
ярким выражением	1
ним уже	1
подробнее правда	1
признано со	1
независим от	1
явление физические	1
места борьба	1
– психики	1
выставленными нами	1
с целью	1
но менее	1
значению то	1
какой бы	1
закономерность в	1
пытаясь найти	1
неизбежно захиреет	1
в роде	1
базисом индивидуальное	1
форм социального	1
сторона переживания	1
лишь постольку	1
человека подведомственной	1
никакого иного	1
самой психики	1
история непрестанной	1
комплексу? этот	1
подвергнув их	1
буквально во	1
художественной структуре	1
знаковую идеологическую	1
что побочно	1
психично и	1
идеологической надстройкой	1
идеологиях свое	1
знака ведь	1
нелепо как	1
ведь целый	1
попытке ограничения	1
не абстрактной	1
понимать и	1
надлежащие выводы	1
совершающуюся в	1
развития –	1
стороны младограмматики	1
расширения и	1
пункте глубочайшее	1
– втискивается	1
дается функционалистами	1
действительности самонаблюдению	1
школа фердинанда	1
знака идеологический	1
относительно любого	1
окрашенной динамики	1
как что-то	1
и отношений	1
притом таких	1
знания в	1
чистота слова	1
импульсов и	1
и непосредственно	1
различны различна	1
следующее общественную	1
особенности и	1
своему центру	1
длинный путь	1
внешнее знаковое	1
эти акты	1
думается нам	1
сфере действительности	1
социальная многоакцентность	1
символ и	1
есть художественная	1
создания даже	1
системы условных	1
подходящим материалом	1
конечно никакого	1
сначала родиться	1
самонаблюдению с	1
и помимо	1
для самонаблюдения	1
неизменная система	1
слова проблема	1
соответствующих четырех	1
обряда поступка	1
зрения этого	1
ремаркой к	1
изъятые из	1
появился в	1
не диалектически	1
же эта	1
понятое это	1
психика внутренний	1
друга дополняют	1
есть функция	1
материалом формирует	1
мимического к	1
данного идеологического	1
следования в	1
внутренний диалог	1
лишь то	1
вчерашнего дня	1
совершается размежевание	1
как психики	1
и языком	1
оно должно	1
знаком итоги	1
относительно всех	1
диалога недаром	1
которые еще	1
их специфическим	1
которую она	1
до-человеческих животных	1
этоса –	1
назначением хлеба	1
вильгельма дильтея	1
картезианскую почву	1
также неясным	1
отношения данной	1
знак равенства	1
есть логика	1
всего определить	1
наполняясь идеологическим	1
субъектов равно	1
степени препятствовало	1
или загнать	1
получить только	1
единой системы	1
преломление бытия	1
физиолог в	1
обычно смешиваются	1
план науки	1
же последние	1
выделим звук	1
акте первый	1
правильно понятое	1
в реализме	1
все этапы	1
проблемы психологии	1
этой задачей	1
хотя действительность	1
форм не	1
продуктивного наступления	1
каждое слово	1
себе лишена	1
созидания ™nљrgeia	1
те действия	1
придать ей	1
нравственной самообъективации	1
еще кусков	1
ради этой	1
физиологическим процессам	1
слова ведь	1
вопрос –	1
уяснение более	1
механика правда	1
познавательной ценности	1
всей полнотою	1
колебания социальной	1
содержания знака	1
как пение	1
– одна	1
в любой	1
образом и	1
некоторых сторон	1
бихевиористическая и	1
и изменчивым	1
необычайному его	1
языка нужно	1
выражаются испытываются	1
господствует высказывание	1
господствуют связи	1
движение этого	1
область этих	1
преломляющая и	1
мысли к	1
как со	1
скажем язык	1
на концерте	1
дильтей знаковая	1
послегумбольдтовская лингвистика	1
слово будет	1
ограничена и	1
системы создает	1
образом притом	1
не входит	1
языка њrgon	1
никаких новых	1
синхронический –	1
недоразумений следует	1
номинализма и	1
было воплощено	1
многообразная система	1
первой может	1
биолог и	1
и вино	1
приходится эти	1
приводит к	1
специфические идеологические	1
как процесс	1
тему так	1
сторонников среди	1
анализа форм	1
непререкаемая для	1
поставленный в	1
представителей гуманитарных	1
алгебре совершенно	1
противоречия внутри	1
сказанного вытекает	1
проблема речевого	1
не отношение	1
оправдывается только	1
материале созданном	1
непрерывным потоком	1
прав и	1
быстротой снова	1
не живого	1
как индивидуальное	1
бытие средой	1
проследить непрерывность	1
в средневековых	1
ее наличность	1
не поддающийся	1
лексические –	1
каузальности чрезвычайно	1
была обща	1
очень много	1
включили наш	1
причин мы	1
в голове	1
в значительной	1
соприкосновения людей	1
помощи каких	1
явлением основной	1
действительности ведь	1
сущности являются	1
рода деятельности	1
правда материал	1
должна идти	1
или только	1
скрещиваются разнонаправленные	1
бы по	1
менее характерно	1
не значит	1
поясняющим образом	1
исключения проявлений	1
накопления тех	1
форм она	1
эта показательность	1
путей и	1
материал и	1
же наука	1
сделаться знаком	1
нам может	1
укладывающихся в	1
реальному моменту	1
боевых участков	1
многосмысленный ответ	1
понимание отвечает	1
сближение для	1
учитывать точку	1
на каждом	1
высказывание испытуемого	1
будем останавливаться	1
– значение	1
среде а	1
психологического понимания	1
эпох развития	1
и способы	1
речь мимическое	1
лингвистикой для	1
оживленная борьба	1
монологу но	1
вести дальнейшего	1
утверждают они	1
противостоит знак	1
важнейшим представителем	1
норм мы	1
процесс его	1
времени с	1
к какой-либо	1
эпохи –	1
знаки опираются	1
объективные документы	1
она реальна	1
и внутренний	1
пережитым перестает	1
они чужды	1
единство поэтому	1
части работы	1
слагается и	1
нему какой-то	1
оказавшийся как	1
идеологической формы	1
совокупностью социально-экономических	1
словесный знак	1
частности как	1
в форме	1
бы быть	1
напротив индивидуальный	1
но любое	1
могло в	1
наоборот весь	1
известным образом	1
средой господствующий	1
живой идеологический	1
группы индивидуальный	1
осветить языковое	1
– социальна	1
нельзя отмыслить	1
сказать окказиональна	1
внешний во	1
испытываются продумываются	1
субъективизмом в	1
объективизма исторические	1
определяемые непосредственно	1
тело так	1
погружены в	1
интересов в	1
выработки основных	1
результаты самонаблюдения	1
чисто природное	1
предшествующего вторая	1
жизненному общению	1
иных форм	1
общим анализом	1
объяснения переживаний	1
взаимопонимание и	1
и остальной	1
суть индивидуально-психологические	1
к психическому	1
входить в	1
во взаимоотношениях	1
было идеологического	1
горения нужно	1
форм в	1
наиболее сильным	1
lorck lerch	1
наше время	1
он очень	1
остается голый	1
формулы господствует	1
ценностями художественными	1
растворяется в	1
доступ в	1
этому возникает	1
во-вторых самое	1
и германистику	1
эмпиристическом психологизме	1
становится грамматическим	1
своих общефилософских	1
действительности так	1
исследования пришли	1
единичном речевом	1
имеющих знаковое	1
символами в	1
neuphilologie бесспорно	1
здании идеологических	1
такое язык	1
всем своим	1
логики теории	1
уже сложному	1
целым всем	1
содержание какого-нибудь	1
отражено но	1
идеологией и	1
структур возможно	1
соединении не	1
творчества абстрактно	1
остается не	1
безысходную антиномию	1
качестве социальной	1
процессом его	1
становится по	1
языка но	1
марксистского мышления	1
очень существенной	1
или они	1
осуществить свое	1
указания необходимо	1
необходимо учитывать	1
уясняться дифференцироваться	1
единство словесно-оформленного	1
ибо как	1
члена данного	1
его целом	1
неприемлема неприемлем	1
обладает своей	1
образе в	1
языка? где	1
только единством	1
и нигде	1
скачка нет	1
не учтен	1
чрезвычайно важно	1
с индивидуальной	1
применения каковы	1
материалом психики?	1
часть пытается	1
никаких законченных	1
определение а	1
субъективное переживание	1
ограниченный круг	1
можно далее	1
норму то	1
и научная	1
преимущественным medium’ом	1
их с	1
осуществиться в	1
процессы в	1
а входит	1
зато приходит	1
невыясненным также	1
или познавательное	1
– очень	1
совокупности унаследованных	1
неразложимых остатков	1
к проведению	1
эстетическая концепция	1
жанров внутренних	1
и вот	1
еще назвать	1
коллектива совершенно	1
ориентироваться ?	1
своя особая	1
концепции универсальной	1
существует систематическая	1
их к	1
приходится строить	1
сближение почти	1
для диалектического	1
деле сопоставление	1
не доказывает	1
значение вне	1
и наконец	1
по природе	1
объективно так	1
языковою правильностью	1
делающий их	1
своего идеологического	1
с углублением	1
логики будет	1
грамматические элементы	1
чем внешний	1
составом реагирующим	1
согласны психическая	1
логической закономерностью	1
его хотя	1
называет идеи	1
проблемы выделения	1
остаться живым	1
области других	1
понимать механистическую	1
которые должно	1
потому нормативные	1
языка то	1
was под	1
стала ясной	1
земля камень	1
здесь этой	1
из вопросов	1
условиями данной	1
него дают	1
разность взаимодействующих	1
коллективная душа	1
всецело зависит	1
выяснение форм	1
роду своего	1
явления такова	1
познавательное понятие	1
языкового становления	1
и образуют	1
тон и	1
лингвистикой неспособной	1
четырьмя положениями	1
индивида лингвистическая	1
и художественный	1
него –	1
воплощения замысел	1
общая территория	1
его воззрений	1
создается специфической	1
чистейший и	1
знания общественной	1
знаковым содержанием	1
действительность –	1
между явлениями	1
обособлению и	1
само орудие	1
ряда важнейших	1
склад всех	1
ее видоизмененным	1
осознавать себя	1
жизни под	1
эффекта –	1
единичная материальная	1
раз эта	1
от речи	1
психику как	1
общего в	1
слабо или	1
его на	1
знаке психическое	1
и концептуализма	1
а руками	1
значение может	1
него норм	1
другим идеологическим	1
этой функции	1
предыдущей главы	1
монологической речи	1
жизни все	1
поступки внутрисловесная	1
объективизма индивидуальный	1
слово слышать	1
однако вундтовская	1
специфичность его	1
соотносится с	1
лишено всякой	1
обликом в	1
еще сохраняют	1
а процесс	1
и понятием	1
время психологического	1
выразить наше	1
идеологическое общение	1
языка иррациональна	1
закономерностью и	1
марксистской точки	1
перед тезисами	1
какое громадное	1
того уже	1
и порядок	1
ведь необходимо	1
индивида хотя	1
проведению принципиальной	1
особью и	1
благодаря плеханову	1
несколько напоминающие	1
котором ничто	1
новому качеству	1
единство психики	1
т.п но	1
оформления другими	1
к ней?	1
даже для	1
этого взаимодействия	1
выражены во-вне	1
нарушает ли	1
редким в	1
бы освобождается	1
психика не	1
противоречий и	1
идеологического изменения	1
слова объективный	1
иерархическая организация	1
и двойственностей	1
гумбольдт и	1
слова вообще	1
знака заключение	1
общение жизненное	1
стилистическая индивидуация	1
направления уже	1
документы т.е	1
очередь определяющие	1
мысли выходит	1
кругозору делают	1
более суживается	1
потому неизбежно	1
результате начисто	1
человек и	1
законами чрезвычайно	1
над экономическим	1
он социален	1
себя свою	1
факторами ясно	1
между внутренними	1
синхроническом для	1
науковедения литературоведения	1
экономические условия	1
о примате	1
смысловая граница	1
всякому знаку	1
в обеих	1
зазвучать результаты	1
между организованными	1
подведомственной обычно	1
однако никто	1
многих других	1
приходится с	1
развития общества	1
субъективным переживанием	1
мы сказали	1
элементами следующими	1
подлинно объективной	1
хотя наука	1
мимолетные фазисы	1
высказываний моменты	1
прослеживать на	1
категориями идеологического	1
идеологию выводить	1
раскрывалась именно	1
знаком весь	1
или каким-либо	1
ибо жизнь	1
сознанием т.е	1
высказывание не	1
связаны между	1
членами языкового	1
подчиненных своим	1
всех философских	1
изменение только	1
самые основы	1
та которая	1
мы включаем	1
говорить о	1
индивиду нужно	1
образом с	1
творчество объективная	1
внутреннего движения	1
области вследствие	1
мысль моя	1
или потребления	1
например об	1
и социальная	1
образом отчетливо	1
он задел	1
своего создания	1
определении этих	1
наши два	1
с существенными	1
идеологическое бытие	1
углом зрения	1
среды и	1
всего поставим	1
момент когда	1
стремится наоборот	1
стараются вскрыть	1
как наука	1
является необходимым	1
особенность идеологического	1
логическое понятие	1
превращая язык	1
о действительности	1
основной недостаток	1
системы знаков	1
ничтожно оно	1
значение то	1
оказывается ничем	1
предмета у	1
принципиальной точки	1
все глубины	1
такой индивид	1
группе в	1
личность такой	1
ярко и	1
вопроса сводится	1
строгая закономерность	1
– нейтрально	1
дильтею оказываемся	1
мысль психолог	1
делает переживание	1
реальности она	1
сознание которое	1
общение в	1
психофизический механизм	1
аккомпанементом ни	1
на которое	1
философии языка?	1
осуществлением так	1
реплику каждое	1
знания и	1
– необходимо	1
exсellence идеологическая	1
объекта философии	1
цели орудие	1
форм являются	1
допустим пока	1
и лингвистической	1
на пути	1
исходит из	1
выше охарактеризованном	1
должно прежде	1
содержания т.е	1
мы пытаемся	1
их социальной	1
обновляющемся процессе	1
социальной ситуацией?	1
соответствующих методологических	1
языку язык	1
словесного реагирования	1
и практической	1
акте с	1
структуры была	1
значение а	1
индивидуальных ошибок	1
какие-нибудь вполне	1
орнаментами т.е	1
понятие индивидуальный	1
реальна и	1
высоты в	1
к речи	1
производственные отношения	1
отчетливую смысловую	1
и норм	1
имеет целью	1
ведь для	1
настоящего очерка	1
как часть	1
даже литературоведение	1
готовый продукт	1
такой художественно-символический	1
аналогии с	1
формулой нет	1
сколько-нибудь развитой	1
языка фосслерианцы	1
принадлежит своя	1
философов и	1
с мимикой	1
значение внутри	1
уже речи	1
физический звуковой	1
нервной системе	1
v(lkerpsychologie или	1
энгельса –	1
как непререкаемую	1
класс стремится	1
сеше sechehaye)	1
бы к	1
крик не	1
будет наиболее	1
с природными	1
наблюдения физической	1
единицы внутренней	1
к специфической	1
но дело	1
субъективизма представители	1
аппаратом индивидуального	1
созданном объективном	1
оно непосредственно	1
материальные выражения	1
реальность лежит	1
и воплощение	1
пониманию того	1
подчиненное своим	1
друга друг	1
быть раскрыты	1
логикой управляющей	1
вещь природы	1
реплики диалога	1
ни была	1
бы на	1
таком подходе	1
предметных содержаний	1
романа совершалось	1
искать в	1
едва затронутым	1
комплекс прежде	1
в устах	1
таких его	1
употребления оно	1
нем нормативно	1
зрения содержания	1
столько своеобразных	1
фонетического эмпиризма	1
формы локализованы	1
надстройкой над	1
происходит как	1
и понимания	1
смысле и	1
meillet мы	1
вообще культурно	1
нашла свое	1
сдвиги социального	1
у науки	1
различными преломлениями	1
компетенции логика	1
переживание –	1
социальных кризисов	1
переживания усвоения	1
органическое движение	1
совершающееся в	1
общефилософских предпосылок	1
психика как	1
без помощи	1
моря внутренних	1
социально-идеологической интерпретации	1
остального мира	1
и революционных	1
пережитых десятилетий	1
зрения самого	1
явление притязать	1
романа нелепость	1
для психологистического	1
является предметом	1
всем этим	1
определение языковому	1
большими оговорками	1
только единичную	1
господствует полное	1
язык существует	1
изменений знаковое	1
жанров здесь	1
определения специфической	1
его лежат	1
идеализмом так	1
нами нормативная	1
и психики	1
ряд –	1
инертную неподвижную	1
проходит через	1
стилизация пародия	1
оказывается вообще	1
бы это	1
изучаемого предмета	1
создания проходит	1
знака образуются	1
последователей последующие	1
является той	1
речь ведь	1
методологический путь	1
индивидуальности каковое	1
и самый	1
политические взаимоотношения	1
возможно лишь	1
может дать	1
привело бы	1
мы наблюдаем	1
только подготовляет	1
языка материальной	1
идеологическое –	1
также в	1
ситуации переживания	1
массовым фактом	1
наше понимание	1
психологическим объяснениям	1
приближены к	1
моя в	1
свое действительное	1
переживание направлено	1
осью вокруг	1
игнорировать своеобразное	1
высказыванием действительность	1
его основы	1
устойчивого идеологического	1
значит отнести	1
мысли то	1
задача изучения	1
погасило если	1
направления абстрактного	1
делает идеализм	1
всего рационализма	1
его бытия	1
и ни	1
иными не	1
– социальную	1
синтаксиса ведь	1
жив своим	1
а язык	1
лишь длительной	1
оказывается в	1
als rede	1
в безысходную	1
уровня производства	1
и вопрос	1
дальнейшего продуктивного	1
только мы	1
в плане	1
и широты	1
диалектическое разрешение	1
lautgesetze) в	1
как таковой	1
словесных откликов	1
процесс языковых	1
в каждый	1
в предыдущем	1
психики а	1
исследования необходимо	1
их бытия	1
реализации внутреннего	1
характерны для	1
нас школа	1
системы однако	1
бесспорно является	1
творческих импульсов	1
все одинаково	1
между пониманием	1
знаком где	1
пределами индивидуального	1
объективна и	1
и косвенной	1
находят свое	1
кусков действительности	1
иных двигательных	1
обозримому компактному	1
в индивидуальное	1
чисто психологическим	1
проблеме с	1
о выражении	1
закрепляться она	1
должно осуществляться	1
поверхностно-эмпиристический лад	1
прочнее связали	1
бы старается	1
реагируют на	1
ней? в	1
позитивизм философский	1
звук произведенный	1
в трудовое	1
бы стать	1
потенциальным выражением	1
эклектики –	1
исследователя эклектики	1
направления поразительную	1
механистические категории	1
обусловливает следовательно	1
и раскрывалась	1
идеологии совпадает	1
сопоставление переживания	1
социальных условий	1
ибо все	1
передать адекватно	1
ценностного эмоционального	1
века позитивно-эмпирического	1
не видящего	1
живое диалектическое	1
элементарного психофизиологического	1
скажем xix	1
окружающей организм	1
формуле для	1
обусловливается социологическими	1
акт процессы	1
последняя в	1
практическим целям	1
служить той	1
членами данной	1
внешность языка	1
области в	1
идеологии оформиться	1
знакового выражения	1
значащем материале	1
системе и	1
формы которая	1
специфические знаки	1
материала что	1
иным как	1
лишь разработанная	1
материалом жизненного	1
связующие элементы	1
существует только	1
как явления	1
принадлежали к	1
– маркса	1
умерших идеологических	1
пусть историк	1
математика если	1
но продукт	1
сводится таким	1
всех соответствующих	1
кругозор группы	1
этим определилось	1
чрезвычайно характерны	1
психология а	1
действительно появились	1
можно употребить	1
сферы действительности	1
устойчивые объективные	1
знакового обнаружения	1
большинства философов	1
строго различать	1
resp знаковым	1
знак есть	1
всецело –	1
романа –	1
иную эпоху	1
субъективное сознание	1
бы своеобразная	1
высказыванию которое	1
видим и	1
могущественное влияние	1
спаяны знак	1
гносеологический субъект	1
комментирующего освещающего	1
методологические указания	1
совершенно иная	1
цезаря пишущего	1
данность? как	1
норм эстетического	1
как так	1
психологических знаков	1
речи установление	1
пользуются широким	1
вне-телесного материала	1
процессам задачей	1
о духе	1
же силы	1
законов lautgesetze)	1
направлений и	1
является количественным	1
остальной знаковый	1
грамматики следует	1
в разных	1
непрерывное творчество	1
которая со	1
материальная социологическая	1
языка например	1
языковую форму	1
же неповторим	1
значащая на	1
сферу организованного	1
проблема идеологии	1
социологической лингвистикой	1
психология выросла	1
соприкосновения политические	1
и уяснение	1
в эмпиристическом	1
среда индивидуальное	1
создателя или	1
линиям абстрактного	1
и рождение	1
дюркгейма представленная	1
– упускается	1
реального знака	1
порождающему его	1
своеобразный разрыв	1
реакций в	1
концепция фосслера	1
самим же	1
вполне понятным	1
фактом если	1
отличается от	1
самостоятельной автономной	1
определяется это	1
почти все	1
вопрос в	1
покойный философ	1
же обстоит	1
столько знаковая	1
в русском	1
и вариациями	1
другого знака	1
идеологию к	1
задачу входила	1
так поступает	1
представители первого	1
ибо и	1
психическое оказывается	1
перемещается для	1
– утверждают	1
своей основе	1
фосслеровским и	1
достаточно назвать	1
смысле является	1
норм но	1
изучать на	1
процесс достигает	1
поймет их	1
вопросах связанных	1
дал ныне	1
значений рационалисты	1
идеалистическими предпосылками	1
и систематичность	1
как самостоятельная	1
– фокусу	1
проблемы предшествующими	1
математической связи	1
лишь основное	1
выражением для	1
его механика	1
живая брань	1
бытие отраженное	1
этом из	1
внутреннее становящееся	1
закономерностью или	1
конгломерат не	1
нельзя выводить	1
элементарных и	1
в один	1
философско-лингвистическую литературоведческую	1
характерен своеобразный	1
диалектического синтеза	1
беседы манера	1
содержание в	1
объективизмом основололожения	1
говорит гумбольдт	1
проблем первого	1
абстрактным объективизмом	1
строится между	1
сложны проникнуты	1
действительно в	1
ньютона внутри	1
лишь к	1
нам важно	1
определенное назначение	1
изучение звуковой	1
первая значение	1
заключенные в	1
идеология далее	1
в более	1
мысль европы	1
одновременно явлением	1
яблоко знак	1
выражением выразительна	1
общая философско-лингвистическая	1
идеологическим материалом	1
индивиду а	1
пусть ухо	1
ненарушимая непререкаемая	1
плеханова и	1
противоположных направлениях	1
есть единичная	1
прав то	1
выводов идеологический	1
и философах	1
преломление и	1
– природной	1
этот организм	1
им столь	1
психолог идеолога	1
нет в	1
поэтому-то внутреннюю	1
как естественная	1
язык один	1
на которые	1
будет изучать	1
обращено к	1
этим вниманием	1
социологической в	1
фрейбургской школы	1
случайных психофизиологических	1
желанного ограничения	1
высказыванию? какова	1
высится над	1
науки достойной	1
с большими	1
биологическим и	1
слово совпадает	1
той осью	1
объективных и	1
историей господствует	1
условий в	1
свой репертуар	1
переживание дан	1
над психикой	1
следовательно философского	1
идеалистической почве	1
совершенно выходят	1
голым физиологическим	1
производства или	1
вопрос третьей	1
ответ каузально	1
ведь сюда	1
недвижимости лишь	1
второго направления?	1
позитивизма враждебности	1
не ощущается	1
психолог же	1
asylum ignorantiae	1
философским уклоном	1
определилось то	1
нами физико-психо-физиологический	1
содержания от	1
мышления и	1
определяемой формами	1
корне отличного	1
пониманием психики	1
что данное	1
эти два	1
что сформулированные	1
также чрезвычайно	1
к определению	1
психологии существует	1
существенными социально-экономическими	1
входило лишь	1
построена ни	1
далеко расходящихся	1
воздушную среду	1
исходного пункта	1
нас не	1
может служить	1
гуманитаристы с	1
разрешения этой	1
внешних знаках	1
и условном	1
выражением соприкосновения	1
что вся	1
конца только	1
в обе	1
протекают во	1
или какого-нибудь	1
мысли теперь	1
диалектически снимается	1
ценность и	1
здесь и	1
имеют прямого	1
из сознания	1
фонетика является	1
знаем строится	1
отрыву от	1
героя сказ	1
освобождая от	1
виде противостоит	1
психологии он	1
способа избавить	1
переживание переживанием	1
нигде цепь	1
материале словесного	1
какие существуют	1
возвышались до	1
антипсихологизма таким	1
обязательная наличность	1
есть знаковая	1
вся послегумбольдтовская	1
действительно для	1
доступа в	1
психическим контекстом	1
как сопровождающего	1
быть субъективным	1
не заместимы	1
осуществления этого	1
неповторимо но	1
второй вопрос	1
продуктом живого	1
процесса только	1
существуют глубокие	1
замкнутом единстве	1
и отличается	1
явлений отражает	1
творчества кулуарные	1
господствует во	1
данных двух	1
при правильном	1
взаимодействия с	1
готовому орудию	1
них глаза	1
объективное определение	1
касаться тех	1
в эту-то	1
быть задачами	1
ставить себе	1
раскрывается до	1
формы высказывания	1
неизменным каждый	1
память человечества	1
процессах речевого	1
величайшая ложь	1
переработке при	1
анализировать как	1
самым отличаем	1
социально-политический строй	1
знаках внутренние	1
еще позитивистическое	1
смысле факторами	1
и всецело	1
и процесс	1
ней нет	1
является внутренний	1
преимуществу слово	1
зиммель воспринял	1
вундта сводится	1
основных и	1
должно сохранять	1
индивидуальны в	1
закономерность подчиняющая	1
мы непрерывно	1
в специфическую	1
процесс идеологического	1
также идеологически	1
лингвистике как	1
представители того	1
внутреннего к	1
философско-лингвистические воззрения	1
проблема внутренней	1
философского мышления	1
сполна заменен	1
неразрывное органическое	1
чтобы лингвистическая	1
техническое средство	1
какие вехи	1
науку о	1
факта не	1
мысль но	1
отто дитрихе	1
как основу	1
совершенно так	1
ведь можно	1
речи индивидуальная	1
путь –	1
отношения знака	1
функции таким	1
по пути	1
npoблeмы высказывания	1
его школы	1
социальный отсюда	1
может ставить	1
идеи второго	1
же этот	1
идей является	1
словами понимание	1
смешанный или	1
системы психологических	1
эта стилистическая	1
очень стара	1
лошадь вот	1
световые раздражения	1
средневековья начинают	1
они были	1
внешнему знаку	1
ясному и	1
и лишь	1
звука во	1
почве приходится	1
омывает все	1
взглянем на	1
знаки для	1
еще и	1
только жилец	1
столько связи	1
всего прослеживать	1
законы творчество	1
сразу все	1
музыкальное произведение	1
например высказывание	1
них уже	1
сторон омывается	1
просто случайные	1
внешнее соответствие	1
эту-то трансцендентальную	1
его моноакцентным	1
анализ мог	1
и дифференцирует	1
определенные положительные	1
и определения	1
форм с	1
можно также	1
физиологическую психологическую	1
здесь например	1
уходят в	1
норм понимается	1
необходимую инстанцию	1
большинство лингвистических	1
он тщетно	1
т.е во	1
невоплощенная во	1
закономерности является	1
процесс дыхание	1
данного говорящего	1
наоборот выделяется	1
глубочайшую путаницу	1
миросозерцания пробудилось	1
знака эта	1
лежат рядом	1
идеологический феномен	1
всего определяет	1
слово внутренняя	1
во-вне поэтому	1
данной физической	1
идеологического выражения	1
движении и	1
психическому –	1
грамматические лексические	1
здесь не	1
– прямой	1
этого он	1
наблюдений отметим	1
отметим что	1
вино становятся	1
тело в	1
отчетливому пониманию	1
обряд не	1
философ языка	1
необходимо исходить	1
первая принципиальная	1
– неоднократно	1
своему объекту	1
буржуазной философии	1
сущности первой	1
первобытного человека	1
наставником далеко	1
такой и	1
лишь как	1
объекта у	1
как такие	1
ни каким-либо	1
тон в	1
рефлексии над	1
моей психике	1
большое место	1
внутреннего употребления	1
возникают только	1
первого лица	1
идеологией –	1
нельзя идеологию	1
и другой	1
его внешнему	1
превратили в	1
и системой	1
творчестве условиями	1
помещают идеологическое	1
и автономным	1
к организму	1
форма отнюдь	1
форм высказывания	1
как материализацией	1
атмосферу и	1
бытие базис	1
в разнообразнейших	1
остатков вместо	1
языка всякий	1
группа тем	1
принципиальных обоснований	1
данное явление	1
конечно коренное	1
идеологическое качество	1
– специфическим	1
можно сделать	1
пр реально	1
контекстом био-биографическим	1
из технического	1
или коллективная	1
встреча не	1
языковой нормой	1
него субъективное	1
организм принадлежит	1
преследует чисто	1
объяснениям присущую	1
и адекватного	1
особый мир	1
общего и	1
жанру соответствует	1
к особенностям	1
деле по	1
и важно	1
техническое трудовое	1
речи мог	1
этой особи	1
котором данные	1
существенной коренной	1
абстрактного к	1
необходимы для	1
психики итоги	1
управляющей ею	1
физиологических и	1
носят по	1
психики? –	1
всюду встретим	1
истории волну	1
сильны в	1
законченном марксистском	1
высказывания в	1
langage и	1
школы изгнание	1
не архитектор	1
помещая ее	1
органическое целое	1
знаки не	1
учеников –	1
христианском таинстве	1
связи со	1
резкого антипсихологизма	1
и комментирует	1
изжито еще	1
дифференцироваться во	1
от говорящего	1
то эта	1
таковы серп	1
законченном определении	1
все возможные	1
контекста явлением	1
удовлетворительного ответа	1
управляется своей	1
никакие идеологические	1
смену ему	1
порождает в	1
выражения наоборот	1
прямо противоположных	1
встретим ту	1
контексте центр	1
является конкретным	1
встреча организма	1
тенденций охарактеризованного	1
должно изучать	1
эмпиризма очень	1
младограмматики в	1
довольно редким	1
присоединим переживание	1
деятельности которая	1
общения всякий	1
лингвистическая связь	1
сохранять всю	1
вселенной является	1
вопрос приходится	1
в акте	1
ясный ответ	1
ищет не	1
вопроса он	1
здесь им	1
а голый	1
найдет свое	1
главе здесь	1
физически психически	1
языка отсюда	1
положении глаза	1
знаки говорящего	1
в последнее	1
уподобим систему	1
между экономическими	1
выразим этим	1
отраженное в	1
организма индивидуален	1
членов формулы	1
форму как	1
уяснение тех	1
во внешних	1
философа и	1
какую-то особую	1
другими типами	1
психологическим отчетом	1
особенно в	1
бытие знака	1
переживанием чтобы	1
смена стихийного	1
вещь известным	1
спрашивается теперь	1
ее к	1
в каких	1
иметь много	1
ситуации т.е	1
основы был	1
т.е чисто	1
гибкий знаковый	1
рационализма характерна	1
из пределов	1
за ней	1
самое делает	1
плане общего	1
значение проблем	1
обмене все	1
специфической действительности	1
психология являющаяся	1
все иные	1
языке систематические	1
выходит за	1
разработанная область	1
языковых трагедий	1
языке этот	1
отражает мельчайшие	1
своей индивидуальности	1
на волюнтаристической	1
двумя направлениями	1
областях до	1
своего сознания	1
нитей намеченных	1
прочно засели	1
– совокупностью	1
орудия в	1
задачами каузального	1
диалогической речи	1
к идеологии	1
содержательно и	1
философах языка	1
розанчика таким	1
чтобы этот	1
знака доступного	1
у представителей	1
действительно соблазны	1
этим перед	1
может до	1
заместимы вполне	1
большей или	1
дильтея концепция	1
ними может	1
ту действительность	1
изучения знак	1
орудию производства	1
пытается разрешить	1
философского синтеза	1
непреодолимый разрыв	1
правду вчерашнего	1
общения например	1
быть закончено	1
определенных и	1
образ религиозный	1
объективные определения	1
иметь отношение	1
и глубоким	1
речи? –	1
их биологического	1
вопросы может	1
понято следовательно	1
понимается и	1
понимание собственного	1
предмет к	1
психического проблема	1
искусство и	1
время пользуются	1
нельзя его	1
трансцендентальную среду	1
в.в с	1
систематическая лингвистическая	1
это диалектическое	1
их основополагающего	1
и вся	1
физиологизму идеология	1
творчества суть	1
вообще без	1
какова же	1
это преломление	1
предметами техники	1
своей тенденции	1
поэтому классификация	1
литературные произведения	1
на поставленный	1
каждого отдельного	1
через ряд	1
сводятся в	1
бытия языковой	1
и современная	1
учтен социальный	1
причем под	1
разрешением диалектически	1
же коренную	1
экономические и	1
непосредственно выводится	1
и неподвижная	1
форм языка	1
сколько –	1
выражением нет	1
и религиозный	1
моментом тем	1
системой нормативно	1
выступлений которая	1
цепь идеологического	1
получает систему	1
это вовсе	1
диапазона различна	1
пределах господствующей	1
закономерностью специфическая	1
творчестве основы	1
скажем неповторимой	1
– индивидуальна	1
вопросам общелингвистическим	1
явления и	1
что знаку	1
словесные знаки	1
в.дильтея осуществляет	1
и чрезвычайно	1
качеству переход	1
управляется ее	1
связанных как	1
чем иным	1
– балли	1
друг другу	1
индивид получает	1
понимания проблема	1
лингвистике часто	1
leo spitzer	1
ведь организованная	1
непререкаемой для	1
снова захватывает	1
имеет иерархический	1
их интересует	1
отношениях близки	1
социологической закономерности	1
его принудительность	1
один языковой	1
исключительно сложная	1
части его	1
перейти в	1
и социальной	1
мимическое движение	1
фигурой как	1
xvi века	1
и идеологии?	1
этом слове	1
отложением действительного	1
языка по	1
построений сознание	1
итальянского философа	1
идеологических тем	1
методологическое положение	1
знак вводится	1
рефлексологическая нельзя	1
истолкованный знаками	1
эту неизбежную	1
времени иметь	1
формы притом	1
метафизическое или	1
мере сложный	1
внешнего языка	1
физики языка	1
продукт њrgon	1
материалом психики	1
или математика	1
идеологиях то	1
идеологическую природу	1
согласно воззрениям	1
значение является	1
же марксизмом	1
с базисом	1
друга подобно	1
языка важны	1
гумбольдт влияние	1
значением здесь	1
соответствующие хозяйственные	1
закономерность чисто	1
задание дается	1
в размере	1
выразительным правда	1
философских построений	1
своего выражения	1
дальнейшем знак	1
уходя или	1
потому-то –	1
этому сводится	1
интроспекции нарушает	1
в новейшее	1
абстрактных форм	1
внутреннего развития	1
же мы	1
материале сопровождается	1
на заре	1
жестикуляцией условными	1
на ее	1
психики взятое	1
нанизывания и	1
преимуществу во	1
от наполняющих	1
действительно объективной	1
диалектического становления	1
территории соответствующую	1
утратить свое	1
организованными людьми	1
где искать	1
ориентации в	1
форм речевого	1
воплощение в	1
этой формы	1
и книгой	1
чтобы остаться	1
основные специфические	1
так чтобы	1
действительности здесь	1
разных психофизиологических	1
позитивисты –	1
знака чтобы	1
материальных форм	1
материале специфичность	1
was к	1
жизни только	1
фонетические неприменимы	1
которой интерпретирующая	1
и изолированным	1
и многообразнейшими	1
идеологическую функцию	1
тема всегда	1
новое идеологическое	1
ряд лишь	1
каждого члена	1
ситуация и	1
лингвистического анализа	1
психологизма не	1
зафиксировать все	1
маленькою ареною	1
сдвиги которые	1
– один	1
неразрывно сплетены	1
предпосылок и	1
системы –	1
они всецело	1
существенна именно	1
исходить из	1
мы сможем	1
сознания эту	1
яркое выражение	1
масштабу равного	1
законченных решений	1
так для	1
творит единство	1
образом не	1
нет адекватной	1
второй точке	1
с человеком	1
основной ключевой	1
может ведь	1
знака неразрывно	1
гораздо более	1
знак индивидуальности	1
такова чисто	1
только после	1
позитивистический и	1
каждая эпоха	1
языка лишь	1
описательная и	1
мысли данного	1
пение сопровождается	1
объекту если	1
те опорные	1
exсellence идеологический	1
фонетической системы	1
дыхание кровообращение	1
в досоциальные	1
или просто	1
этого направления	1
едина и	1
здесь знак	1
отношений процессов	1
бортом лингвистики	1
речевые выступления	1
систематическом и	1
выдвигаемых вопросов	1
он находится	1
чего-нибудь скажем	1
индивидуального психофизического	1
антипсихологизме своего	1
изменение базиса	1
и сложилась	1
новейший психологизм	1
стыке ряда	1
направлении тяготея	1
переживание же	1
свет и	1
господствуют одни	1
такого предположения	1
неизбежную антиномию	1
словом нет	1
не популярна	1
половина xix	1
труды гуссерля	1
такой отнюдь	1
индивидуальные акты	1
познавательная мысль	1
отказаться от	1
воплощения ведь	1
сколько-нибудь принципиальной	1
нет гумбольдтовского	1
более упрощенной	1
них помнят	1
каузального определения	1
направление можно	1
оказались перед	1
описание расчленение	1
непрерывное творческое	1
пошатнулось то	1
зрения –	1
замечаем здесь	1
непременно должны	1
и специфическая	1
особь и	1
художественной связи	1
характеристиками языка	1
отличению его	1
факт действительно	1
дисциплинами психологизм	1
компактному предметно-материальному	1
по роду	1
от идеологической	1
общей экономике	1
столь решительно	1
уже орудия	1
реализовать себя	1
своим специфическим	1
идеологией достигнуто	1
главе мы	1
равенства где	1
борьбы оказавшийся	1
избрать соссюр?	1
метода во	1
почвой является	1
большое значение	1
степени снизило	1
общения одна	1
которая господствует	1
слышать слово	1
ни одному	1
всякой частной	1
пределов психики	1
исключительную актуальность	1
имеет и	1
момент входит	1
именно пункте	1
не погружается	1
единству других	1
учитывая что	1
общими формами	1
контекст внутренних	1
нормативные для	1
ее должна	1
словесный этикет	1
может пролить	1
в идеях	1
объяснить но	1
разработка этой	1
языке основным	1
приходится ответить	1
общения на	1
фосслера идея	1
идущая от	1
мы дали	1
получить конкретное	1
основы науковедения	1
закономерностью формула	1
и социологическим	1
индивидуальными речевыми	1
пор господствует	1
всего необходимо	1
осуществление живо	1
ней нас	1
мемуары письма	1
позволит нам	1
знак живым	1
идеологии мы	1
раздражения и	1
грамматики для	1
аналогичное художественному	1
к истории	1
этот далеко	1
не по	1
существует ни	1
является пониманием	1
сдвигов в	1
происходит встреча	1
характеристике второго	1
индивидуально-творческих актов	1
контекст поэтому	1
о некоторых	1
не поддающимися	1
является каким-либо	1
путь для	1
может возникнуть	1
вторая часть	1
и следующее	1
от социальной	1
разумному индивидуально-творческому	1
организацией данных	1
– любое	1
взаимодействия проблема	1
искажающая особенность	1
быть границ	1
подчеркивают –	1
школа дюркгейма	1
ведь знак	1
рождение объективной	1
но преломлено	1
переживаний как	1
сочетания посредством	1
предмет –	1
и варьирование	1
данному языковому	1
раскрыться потому	1
знака без	1
почве идеализма	1
психологизма типичнейший	1
вариациями или	1
мир –	1
и предмет	1
говорить в	1
лишь одна	1
своим составом	1
языкового все	1
как отвлекаясь	1
одно понятие	1
с ней	1
здесь ничего	1
оказываясь перед	1
функцией существующим	1
искать отчетливых	1
тождественность языковой	1
одна и	1
образом как	1
соответствие и	1
бытия обусловливает	1
жизни является	1
действительность языка	1
системы эти	1
психологии психологизм	1
необходимо теперь	1
глубины и	1
момент времени	1
тонами чтобы	1
все главнейшие	1
проблему размежевания	1
наполнено знаками	1
тонкости имманентных	1
же материальные	1
быть ничего	1
нет психики	1
ту сторону	1
как неизменная	1
bally являются	1
бытии –	1
дать индивидуальной	1
себе то	1
противостоит природное	1
нам для	1
она по	1
или поздно	1
композиция его	1
от ich	1
вне всякой	1
стиль и	1
понимает данное	1
уже никакой	1
где нам	1
и разрешению	1
находящееся т.е	1
проблема взаиморазграничения	1
каждой формулы	1
для индивидуального	1
силах уловить	1
– физиологическому	1
фосслера так	1
ч постановка	1
идеологии формы	1
поэтому формы	1
к нему	1
друга элементов	1
психической системы	1
существует вещь	1
мировоззрения и	1
автономным самозаконным	1
мир знаков	1
взаимодействия теперь	1
специфическою языковой	1
например испытуемому	1
единое идеологическое	1
не индивид	1
сознания определяется	1
лейбницевской идее	1
выразительный характер	1
она становится	1
логика индивидуальных	1
особенно шарль	1
в подробности	1
становится орудием	1
подвижен способен	1
называемой индивидуальной	1
понимают как	1
от познавательного	1
вскрыть лингвист	1
эта содержательная	1
психического контекста	1
процесс осуществления	1
мы на	1
две языковых	1
вырастает из	1
этому скрещению	1
пришли к	1
существует объективно	1
суть специфические	1
конкретным исследованием	1
литературе или	1
размежевания психики	1
соответствие двух	1
направлений но	1
сторон ее	1
– смутная	1
значимое оказывается	1
как обязательным	1
голым физическим	1
быть языковых	1
социально эти	1
быть разрешена	1
самонаблюдении дана	1
самонаблюдения только	1
психики единство	1
произведениях он	1
учету факторами	1
о математическом	1
данную живую	1
мыслителей однако	1
социально организованными	1
тождественность данного	1
их социального	1
только назревают	1
приспособления высказывания	1
бы расходящиеся	1
между социально-политическим	1
лингвистическая мысль	1
как личность	1
души мы	1
произносит дело	1
личности творящая	1
его социальное	1
функцию ergo	1
представляется непрерывным	1
благоприятствующая тому	1
боязни всякой	1
противостоящее индивидуальной	1
определяющие формы	1
речи об	1
особенностям субъективного	1
или формуле	1
фактом стилистическим	1
смысле наука	1
строго говоря	1
единое органическое	1
зрения она	1
быть отделен	1
каждого идеологического	1
дать нам	1
лишь различие	1
стоящего на	1
могут сознательная	1
процесса а	1
та история	1
указали только	1
продолжает жить	1
 задача	1
увидели бы	1
в части	1
одной исторической	1
опорные методологические	1
непрерывно переходим	1
произвольности языка	1
антипсихологизма труды	1
чтобы два	1
высказывание таким	1
знака каждый	1
проникнуты многосторонними	1
стилистическая конкретизация	1
изъятый из	1
в нашем-то	1
своего создателя	1
из двух	1
принять и	1
что это	1
этой формулы	1
всем идеям	1
сплошь индивидуально	1
на иной	1
литературе совершенно	1
века спрягал	1
момент переживания	1
ее должны	1
и они	1
круги словесных	1
систематической языковой	1
предмет приобрел	1
представляет изображает	1
процессов без	1
вовсе нет	1
и предварительно	1
о каждом	1
наук о	1
психологии» согласно	1
научения готовому	1
вильгельм дильтей	1
возможно диалектическое	1
чистота идеологическая	1
и прослеживать	1
часть действительности	1
она –	1
истина есть	1
самых формах	1
высказывании есть	1
например содержание	1
– только	1
идеологии всегда	1
того существует	1
здесь можно	1
взятой как	1
большинства марксистов	1
выработано не	1
количественным переходом	1
понятым и	1
конкретном случае	1
мы внесем	1
нем учитывается	1
политически экономически	1
данном языке?	1
рефлексия имеет	1
понимание в	1
чисто идеологического	1
понятий такое	1
высказывания итоги	1
действительность все	1
диахроническая лингвистика	1
общение формой	1
полнотою реальности	1
сказать уловления	1
– техника	1
вечное обновление	1
неповторим дактилоскопический	1
этого реального	1
не останется	1
род ее	1
назначением орудия	1
фактор в	1
каком языковом	1
природного животного	1
знак творится	1
покрыты знаками	1
отделах общей	1
только потребительским	1
словесные соприкосновения	1
языковому факту	1
показать ее	1
мы поставили	1
логика самой	1
идеологическом акте	1
центр всех	1
социальной группы	1
т.е от	1
гибкий подход	1
импрессии( высказываний	1
и так	1
только соответствие	1
фонема а	1
и углубленной	1
религиозную кроме	1
индивидами слово	1
жизненных и	1
между базисом	1
бы ни	1
– высказывание	1
исключения факты	1
и биографическим	1
идеологического и	1
механистическую каузальность	1
или эмпирикопсихологических	1
и всесторонняя	1
время является	1
соссюра на	1
случае невозможно	1
орудия первобытного	1
заметные изменения	1
метафизически окрашенной	1
материале в	1
затопляющего все	1
т.е лишена	1
мыслится социальный	1
 недопустимость	1
идеалистична и	1
научной технической	1
избавиться от	1
т.е каждому	1
общелингвистическим и	1
ареною классовой	1
историю чрезвычайно	1
направления является	1
законы индивидуально-психологические	1
социальному миру	1
же эти	1
фактом было	1
время волна	1
проблемам лингвистики	1
этической нравственной	1
особый эстетический	1
знак подлинного	1
вопрос правильно	1
вообще идеологическое	1
из сказанного	1
основном философско-лингвистические	1
соответственно перестроились	1
деловая реплика	1
группы и	1
укладываются в	1
фосслера школа	1
же математической	1
этого мы	1
междуиндивидуальное значение	1
немецкие гуманитаристы	1
язык наоборот	1
к частному	1
спрягает ich	1
то подставляется	1
правильностью понимается	1
другу читатель	1
георг зиммель	1
сознание есть	1
бы знаковом	1
основной принцип	1
ли с	1
этой идеи	1
еще дать	1
не изученных	1
ничего объяснить	1
деле среди	1
слова внесение	1
всех объективно	1
фонему а	1
последующий момент	1
главные трудности	1
и краем	1
строиться в	1
быть только	1
социального события	1
у пушкина	1
внешний идеологический	1
диалектического расширения	1
учению этой	1
чистую действительность	1
решительный и	1
можно лишь	1
другом случае	1
изучает биолог	1
психике? –	1
– для	1
обстоит дело	1
и созреть	1
орудие служит	1
притом там	1
места для	1
идеологической функцией	1
– лучше	1
идеологическая область	1
характеристике его	1
словом музыкальное	1
очередь определяются	1
производства так	1
было процессам	1
древнейшим мыслителям	1
фактический материал	1
гетерогенна в	1
внедрении его	1
трудовое общение	1
основные общеидеологические	1
основоположения первого	1
без кавычек	1
т.е система	1
должны подвергнуть	1
знаки как	1
на боль	1
впитанными мною	1
вниманию ценностно	1
явлением поэтому	1
умершего представители	1
руки оказываются	1
язык с	1
единстве индивидуальной	1
мною ранее	1
объективизма наиболее	1
пока это	1
всякой опоры	1
акте истолкования	1
все колебания	1
– управляется	1
знаком лишь	1
каких формах	1
нет согласия	1
сознание акцент	1
материального базиса	1
стихию внутренних	1
каждому жизненному	1
то перед	1
животный крик	1
теории познания	1
общего это	1
все науки	1
речи понимание	1
обусловленные скажем	1
условных произвольных	1
выходит далеко	1
соссюра ввиду	1
реальностью языка	1
и философ	1
коллективная внутренняя	1
знак к(к	1
отличая язык	1
экстерриториально в	1
марксизма глава	1
моноакцентным на	1
материал специализован	1
проблемы в	1
идеологическое понимание	1
не укладывается	1
форма идеологического	1
к необычайному	1
оформляться уточняться	1
или разложимы	1
например форма	1
значение обращено	1
– часть	1
фазисы социальных	1
заложившим его	1
т.е неспособный	1
общей лингвистике	1
чутко реагируют	1
более внимательном	1
проблема становления	1
сознание идеология	1
между словом	1
единственная вершина	1
выставленных нами	1
видящего ничего	1
общения так	1
дворянское хозяйство	1
мысли –	1
словом как	1
или этическая	1
собой разумеющимся	1
этапе развития	1
единичной вещи	1
комплексу мы	1
важно как	1
воззрений рядом	1
не будучи	1
марксизмом стоит	1
его понимаем	1
конца выраженным	1
давно умершего	1
и делающая	1
которую с	1
мотивированности так	1
тождественности формы	1
над идеологией	1
тесно связаны	1
определяется в	1
ошибка превратилась	1
данный знак	1
серп и	1
отчетливое выражение	1
затрудняет нашу	1
не переставая	1
направление философии	1
истории логика	1
существуют глубочайшие	1
целых высказываний	1
основных жизненных	1
то все	1
выключение слова	1
которая как	1
языка суть	1
касаются содержания	1
социальная среда	1
психологическими законами	1
чтобы стать	1
не определение	1
другому знаковому	1
даны внутренние	1
всех областей	1
она взятая	1
косности и	1
точку опоры»	1
как закономерность	1
психического никогда	1
субъективная рефлексия	1
понимание включается	1
знак присущим	1
акта или	1
неприменимы к	1
всецело определяется	1
знака задача	1
в метафизическое	1
осуществляются обсуждаются	1
тождественные с	1
становление между	1
диалектического потока	1
принципиальная задача	1
как янус	1
а.а.потебня и	1
с психологией	1
радуга столько	1
объективного опыта?	1
научную эстетическую	1
этой точки	1
что соответствующие	1
момент язык	1
чтобы выдвинуть	1
они превращаются	1
лексикологические грамматические	1
самая степень	1
постоянно имеет	1
сознание стало	1
аппаратом в	1
себе необычайно	1
могло развиться	1
речевых актов	1
непреодолим между	1
еще почти	1
нем борьбу	1
адекватного выражения	1
и другие	1
для внутренней	1
какова методика	1
показательным и	1
жизни это	1
материале действительного	1
недостаток концепции	1
деле этот	1
противоречащим самым	1
своем качестве	1
и труда	1
непрерывное становление	1
образом самонаблюдение	1
являются крупнейшими	1
сознание лишается	1
зрения возможны	1
которого она	1
непосредственном смысле	1
решительно оставленный	1
можно превратить	1
мыслей психофизический	1
немало тонких	1
языка т.е	1
невозможно процессы	1
объективизма прежде	1
дней находится	1
от значения	1
описательный классифицирующий	1
пути второго	1
в склад	1
нарушение не	1
лад уже	1
сопровождает как	1
потребления как	1
всего идеализма	1
от знаковой	1
языка у	1
следовательно входит	1
осуществленные во-вне	1
и роль	1
его способность	1
единым целым	1
за бортом	1
законам соответственно	1
сложилась на	1
производства само	1
этой последней	1
истолковывающая психология	1
мощная волна	1
анализ слова	1
самонаблюдения –	1
управляемому нормами	1
для реализации	1
усвоения т.е	1
нужно принять	1
дальше –	1
они превращают	1
историческую изменчивость	1
может их	1
осуществляется как	1
преломляющей и	1
историю как	1
обоснования обеих	1
друг от	1
сюда входят	1
темам вполне	1
высказывание может	1
этих противоречий	1
и элементарного	1
этим общением	1
называемая idealistische	1
физическую физиологическую	1
какой лингвистической	1
собою вся	1
основы материального	1
тому к(к	1
как форма	1
может лишь	1
проникающей его	1
психологическое таким	1
говорящих отсюда	1
методика обнаружения	1
не независимо	1
задает ей	1
мышление в	1
народов v(lkerpsychologie	1
мир сыграли	1
что наша	1
присущую всякому	1
чужды друг	1
касается психолога	1
деле всякий	1
между элементами	1
как специфической	1
не возвышались	1
реальность поэтому	1
объективная система	1
любое физическое	1
еще склонны	1
действительностью? мы	1
не сознанием	1
романа в	1
проблем всех	1
и типов	1
истина правильность	1
и словесный	1
пронизывающие собою	1
чрезвычайно ограничена	1
чтобы искать	1
отметим только	1
как объективной	1
психологии на	1
в частных	1
так что	1
в эпохи	1
такое понимание	1
как это	1
поддаются объяснению	1
точнее трагедию	1
тему идеологическая	1
проблемами философии	1
затем в	1
языка словарь	1
и без	1
слагается из	1
этого своего	1
времени она	1
общения знакового	1
признаем логикой	1
в завершенных	1
так развертывается	1
диалог эти	1
более всего	1
житейские поступки	1
в пребывающем	1
к понимаемым	1
вне-психического содержания	1
формах жизненного	1
первой и	1
лишено значения	1
краем основы	1
единичной особи	1
отсюда на	1
элементы которые	1
классификация форм	1
слово радуга	1
его жизни	1
последнюю основу	1
художественного творчества	1
эта внутренняя	1
их основательному	1
об этой	1
акт каждое	1
– дело	1
понимают представители	1
есть понимание	1
бы сколько-нибудь	1
одна языковая	1
поставлены по	1
он позволит	1
нее нет	1
замкнутой системы	1
в системе	1
рядами вех	1
языке изучение	1
всего могли	1
приходит большая	1
ничего ровно	1
ею же	1
комплекс осуществляющийся	1
социальна такого	1
реального момента	1
момент диалектического	1
об отто	1
поэтому-то психология	1
с внешним	1
гумбольдт внутренняя	1
та же	1
пределы настоящего	1
близким темам	1
вопросов синтаксиса	1
психический феномен	1
общественных сборищах	1
необходимо показать	1
между проблемами	1
конституирует единство	1
целью найти	1
обняты единством	1
проблема внутреннего	1
надбытийные высоты	1
психике человека	1
недопустимо своеобразие	1
и общепризнанного	1
первобытных людей	1
мышление данных	1
переживание состоит	1
литературе нет	1
в контекст	1
будем здесь	1
ясной и	1
категории не	1
процессе самоуяснения	1
социальное –	1
наоборот к	1
высказывании являются	1
действительности идеологических	1
только ради	1
необходимая связь	1
иные направления	1
выходящее за	1
и полно	1
ее разрешения	1
явлений всякий	1
яблоко а	1
взаимодействие и	1
обеспечивает понимание	1
поддается объяснению	1
к(к знак	1
съев яблоко	1
под определенным	1
мир чтобы	1
языковой связью	1
что я	1
этого слова	1
или –	1
общения часть	1
друг с	1
ориентация в	1
понимания языковых	1
рядом и	1
вокруг которой	1
вот эту	1
ее особой	1
каждой форме	1
быть понята	1
– фикция	1
пережили резкую	1
со сферами	1
ничего что	1
– имеет	1
есть элементы	1
прослеживать все	1
животных корней	1
ворчливее в	1
оформление будет	1
знаком внутренняя	1
эту действительность	1
между первой	1
норм или	1
алогикой исторического	1
или во	1
– которая	1
частью материальной	1
сознания противостоящего	1
сторон во-первых	1
степени характерен	1
значительно мельчало	1
данной эпохи	1
с нормой	1
системе правда	1
является психологическим	1
правда вундт	1
понятной» таким	1
знака бытие	1
же основное	1
ее знает	1
своих основоположений	1
чистым социально-идеологическим	1
тогда между	1
были обняты	1
встать на	1
проходит изменение	1
познавательными и	1
же социальная	1
а только	1
кровообращение телесное	1
спрягал ich	1
быть исходным	1
употребляющим одни	1
отнесения их	1
и зазвучать	1
могли наметить	1
и случайно	1
вещь это	1
виду противоречия	1
протекающим в	1
из психики	1
движение реакция	1
т.е проблемы	1
для принципиальной	1
только то	1
преимуществу в	1
такие основные	1
всегда себе	1
между появлением	1
его произведениях	1
качеству –	1
эти элементы	1
эпохи и	1
и т.п.?	1
в цвете	1
отсюда лингвистика	1
прямо трансцендентные	1
достаточно точно	1
идеологию то	1
самого непосредственного	1
изложенных нами	1
система моральных	1
сравнения надлежащие	1
каких-либо оценивающих	1
форма психологизма	1
знака реализуясь	1
обладает своим	1
здесь отметим	1
уже эта	1
оценки ложь	1
уже знакомым	1
основном преследует	1
феноменом основной	1
определенно организованному	1
территории причем	1
случае оно	1
назвать кроме	1
тем этот	1
– речь	1
ii ich	1
каузальность как	1
других наук	1
нет даже	1
сознанием только	1
какой-либо идеологической	1
нашей темы	1
отделен от	1
речи таким	1
время вообще	1
принадлежать только	1
замысел всегда	1
речи sprache	1
сложились не	1
исследования сведения	1
самого фосслера	1
например в	1
образом по	1
прав –	1
сведена к	1
осуществляется мышление	1
прочие зыбкие	1
в окружающей	1
индивидуальному обычно	1
рассчитан на	1
обнаружить те	1
быть построена	1
круг ценностно	1
знаками же	1
языке? на	1
необходимо руководиться	1
коррелят индивидуальному	1
самоуяснения непременно	1
вещи и	1
социального диапазона	1
систему этических	1
– неправильно	1
процессов совершающихся	1
и мимолетные	1
она идеалистична	1
остальной действительности	1
процессе выработки	1
другими элементами	1
лингвистический вкус	1
становится языковым	1
мы получим	1
общения типология	1
только они	1
здесь говорить	1
самому самонаблюдению	1
концов к	1
синхроническая лингвистика	1
отношение второго	1
внешней средой	1
слова производственные	1
понята эта	1
всякого индивидуального	1
и внешними	1
– дворянство	1
организма должен	1
отражая и	1
в детали	1
но входит	1
понимаем это	1
путь проходящий	1
организма но	1
цели как	1
знаку –	1
веке представителями	1
стать идеологическим	1
ингредиент всё	1
акценты хотя	1
сколько людей	1
снова осуществляется	1
физиологический звук	1
взаимодействие психика	1
явление противостоящее	1
от друга	1
как какую-то	1
изменяется и	1
являющаяся единой	1
отклонений совершающихся	1
частью действительности	1
тотальные импрессии(	1
знает в	1
неизменной для	1
как внутреннего	1
идеологического становления	1
поэтому необходимо	1
идеологии способность	1
живую лошадь	1
знаки с	1
ее порождения	1
искажать эту	1
классификации» таким	1
законы связи	1
– познания	1
ставится вопрос	1
общения сами	1
для фосслера	1
понятием единичной	1
размаха на	1
идеалист знак	1
участков научной	1
дильтеевского типа	1
и данной	1
языком пользуются	1
приблизимся к	1
стремился как	1
другой момент	1
всего методологический	1
может заместить	1
объективных непререкаемых	1
творится между	1
гармонически сочетаться	1
определяется то	1
может только	1
знаменателю –	1
каждой говорящей	1
него следствиями	1
янус всякая	1
языке введение	1
устойчивый и	1
зрения в	1
группы именно	1
наиболее разработанная	1
психология биологическая	1
крови каждого	1
случае понять	1
этой материализованной	1
высказывание 	1
логика сознания	1
к какой	1
разложимы лишь	1
перед фактом	1
и единого	1
за норму	1
waren стали	1
открывает объективный	1
языка эта	1
формулы совершенно	1
как такая	1
идеологической сфере	1
знаем взаимно	1
дальнейшем при	1
европы идеи	1
соссюр лингвистическим	1
значило отвлекаясь	1
языковых значений	1
но значение	1
чисто имманентная	1
простой аналогией	1
между прочим	1
как понимания	1
не выяснена	1
организма лишен	1
и наполнение	1
которые проходит	1
и объективном	1
понимания но	1
язык никогда	1
является языковой	1
подставляется другое	1
быть преодолена	1
слово способно	1
идеологического эти	1
и локализовать	1
сознание слово	1
классов неизбежно	1
правовая норма	1
специфическим законам	1
историк они	1
все переходные	1
притом довольно	1
и непререкаемой	1
еще коснемся	1
признаки идеологических	1
кренделя или	1
двух пережитых	1
такая система	1
принципиального качественного	1
замены даже	1
нашли должного	1
и методологическая	1
medium социального	1
ее почве	1
говорящего язык	1
coreldraw.graphic 	1
остальной мир	1
осуществляемый индивидуальными	1
качества бытия	1
материала переживания	1
определяется социальным	1
это значит	1
со знаком	1
вообще психология	1
например фонему	1
сделаться наставником	1
объединены никакой	1
собственник содержаний	1
приобщенности к	1
внутрителесного знака	1
только знаку	1
наиболее глубокий	1
мышления о	1
движение артикуляция	1
мысль всякая	1
случае происходит	1
к определенно	1
книжке чуть	1
слове как	1
безбоязненно доводил	1
вопросами философии	1
в характерной	1
одна уже	1
основам диалектического	1
и подвижен	1
идеологической оценки	1
знак эта	1
гумбольдтовской мысли	1
фонетические грамматические	1
из психик	1
этим совершенно	1
оставаясь на	1
к социальному	1
изменениях стала	1
концерте в	1
работы поскольку	1
ограничивалась лишь	1
важно было	1
процессы понимания	1
основными социальными	1
звука и	1
лишенная при	1
war между	1
формам отличив	1
она нашла	1
языковый вкус	1
соответствующей идеологии	1
дан лишь	1
же искусству	1
поэтому ею	1
род их	1
базисом напр	1
в стихию	1
для рационалистов	1
культурный знак	1
употребить грубую	1
в трагедию	1
принципиального следовательно	1
проявления идеологического	1
остальным вопросам	1
тот и	1
же основою	1
нашему и	1
утверждать непосредственную	1
кризисов и	1
и физиологическим	1
и воплощения	1
очень существенных	1
захватили три	1
объективизма? утверждают	1
акцентуированных этим	1
больших всемирно-исторических	1
вплетен в	1
существует иное	1
бы ее	1
широким вниманием	1
этому органическому	1
само сознание	1
же определяется	1
совершенно совместимо	1
обособлено от	1
и изучения?	1
никакой иной	1
ряд противостоит	1
разрешения в	1
знаковой функции	1
их словесного	1
друга не	1
взаимодействия социальных	1
идеологию рождение	1
и уясняется	1
имеют с	1
является общим	1
ничего дальше	1
– экстерриториально	1
речевой деятельности	1
данным моментом	1
как психической	1
работа являющаяся	1
значение как	1
современных представителей	1
и идеологическую	1
двигателем языкового	1
вундта и	1
конечно все	1
как величайшая	1
индивида то	1
понимается только	1
необходимый фактор	1
сознание –	1
предпосылками мышления	1
чтобы рано	1
разработки в	1
только отражением	1
трудности и	1
физиологический механизм	1
наполнением психическое	1
и отзвучий	1
явлений которые	1
сохраняют последние	1
объективизм точку	1
должна утратить	1
многосторонними и	1
закономерностью превращающей	1
история с	1
лингвистической системы?	1
из напряженной	1
индивидов допустим	1
проблем наук	1
анализа как	1
социальная как	1
легче всего	1
нечто вне	1
элементом в	1
с тем	1
члена системы	1
тем дальше	1
своеобразием ведь	1
как чисто	1
феноменологов резкий	1
связывающие две	1
во избежание	1
момента он	1
и антоне	1
фактов не	1
в одном	1
человеком созданном	1
какое могущественное	1
творящий язык	1
первой точкой	1
контекст других	1
строй и	1
они что	1
цезарь шел	1
вопросу лежащему	1
и интересный	1
переживание неизбежно	1
совершающимся в	1
закономерность не	1
соссюр придал	1
психически усвоено	1
законам идеологических	1
задачу не	1
– метафизически	1
было творческих	1
предметов? для	1
идеологическом смысле	1
природный следовательно	1
существует утверждение	1
принципиальный отказ	1
от темперамента	1
обычных условиях	1
школ школ	1
ехсеllence вся	1
теперь чем	1
говорящего индивида	1
сфер действительности	1
а потому	1
между социально	1
по-своему ориентируется	1
трансцендентные высоты	1
реализуясь в	1
переживанием и	1
самой психологии	1
латинского языка	1
физиологические процессы	1
по масштабу	1
систем –	1
подлинно марксистского	1
могла быть	1
своих задач	1
о конкретных	1
производящего и	1
психологии никакого	1
сущности имеется	1
к чистому	1
религиозный символ	1
социологическая и	1
познавательными дисциплинами	1
обычно методам	1
материальная вещь	1
пути приходится	1
руки пытающиеся	1
культуроведение помещают	1
направлено переживание	1
творчества для	1
характер является	1
архитектурного сооружения	1
процесса 	1
непонятой музейной	1
основная идея	1
другими областями	1
имеет никакой	1
что единицею	1
они же	1
философии идеологического	1
не о	1
принадлежит этому	1
чужой речи	1
говорили с	1
классификации о	1
культурно обусловленных	1
определяется преломляющая	1
гносеолога или	1
отдельные индивиды	1
лишние люди	1
конкретного осуществления	1
и штейнталь	1
связей а	1
высказываниях данного	1
– языковый	1
психики не	1
существования и	1
внутри в	1
идеология то	1
т.е материальные	1
взаиморазмежевания и	1
биолога важно	1
оно понимает	1
вопрос начнем	1
значение слова	1
нами работа	1
это соответствие	1
идеологии над	1
кавычках с	1
производства придать	1
осуществляется в	1
пут сковывающего	1
– общая	1
и положительный	1
ценность художественный	1
где-то над	1
отношении она	1
чтобы он	1
пытающиеся нащупать	1
единой идеологической	1
и говорящий	1
этой психической	1
сущность этого	1
закономерность которая	1
жанров общественная	1
к самому	1
среди явлений	1
поставим вопрос	1
существенны ли	1
сознания внешнее	1
поэтому гумбольдт	1
мы попытались	1
допускают трансцендентальное	1
среды никакого	1
может отказаться	1
есть система	1
много сторонников	1
хлеб и	1
вне-телесной социальной	1
представлялась уже	1
такая с	1
непрерывный творческий	1
антиномию он	1
охарактеризованном смысле	1
ich war»	1
какой идеологической	1
условности произвольности	1
потребностями гуманитарных	1
со всеми	1
смены психологизма	1
идеологическую реакцию	1
колыбели и	1
доведению его	1
назвать итальянского	1
процесс действительного	1
превращающей его	1
идеологией проблема	1
категория механической	1
к системе	1
своих физически	1
результатом точки	1
слово и	1
слова важна	1
как физическое	1
идеологический акт	1
завершающийся в	1
того как	1
лишь самые	1
понимании психической	1
важна индивидуальная	1
вундт склонен	1
жизни языка	1
стало asylum	1
каком-либо материале	1
наука до	1
высказывания словесный	1
дня как	1
идеологическом направлении	1
первое место	1
потока социального	1
интерпретирующей примат	1
замечаем отчетливую	1
всех случаях	1
своей знаковой	1
типами речевого	1
произойти и	1
тем проникают	1
обусловленность общением	1
закономерности –	1
сознании и	1
смотрят на	1
конкретной ситуации	1
реакцию –	1
контексту т.е	1
например во	1
от общего	1
замещает нечто	1
поступка не	1
лингвистика как	1
каком-нибудь определенном	1
ф де	1
всякое изменение	1
словесное взаимодействие	1
lerch и	1
образа в	1
нашего времени	1
ей при	1
отношения и	1
лишь один	1
вместо того	1
внутренним знакам	1
собою конечно	1
как единое	1
реально материально	1
его функции	1
индивидуальной психике	1
лучшем положении	1
только оболочка	1
латинский язык	1
следующим основоположениям	1
знака а	1
единичной действительности	1
что самое	1
вскрывающей вхождение	1
или создателей	1
если язык	1
фердинанда де	1
о самых	1
процесс вхождения	1
зрения т.е	1
другие элементы	1
случаях произнесения	1
смутная идеологема	1
где нет	1
видят а	1
из поля	1
наблюдаем два	1
специфические лингвистические	1
эксперимента высказывание	1
вообще внутреннего	1
самого переживающего	1
всякой сколько-нибудь	1
психо-физиологической почве	1
последующие представители	1
функции идеологическое	1
акте понимания	1
или быть	1
что становится	1
невозможно оставаясь	1
автор своих	1
но кроме	1
знака делают	1
и признаки	1
состава ее	1
плодотворными и	1
насколько школа	1
? в	1
разрешения вопроса	1
материала остается	1
ответ на	1
противостоит психической	1
общения является	1
оно и	1
неясным остается	1
сторонами одного	1
же ключ	1
камень и	1
waren современный	1
законы этой	1
разработка их	1
реализма номинализма	1
классовой борьбы	1
стороны и	1
приведении к	1
физиологическая особь	1
и необходима	1
дифференцированной психики	1
до известной	1
субъективировать и	1
абстрактно конструируемый	1
неуловимыми и	1
действительность которая	1
раr exсellence	1
внутренними знаками	1
социальной нормы	1
идеологическая цепь	1
не единственная	1
на которую	1
нити пронизывающие	1
положение не	1
и различия	1
сказанное слово	1
т.е развернули	1
если под	1
продукте рождение	1
является языковым	1
каким образом	1
она приобретает	1
помощи знака	1
не индивидуальное	1
сводящего ее	1
многообразна и	1
других явлений	1
случаев их	1
также знаковой	1
ни естественной	1
участии индивидуального	1
и функциональная	1
картины музыки	1
опыта к	1
психологистически такое	1
деле в	1
называемая разговорная	1
это взаимодействие	1
зыбкие и	1
громадным трудом	1
во-первых отнюдь	1
добро и	1
же индивид	1
в ich	1
примат принадлежит	1
принципиально нельзя	1
организм особи	1
зрения синхроническая	1
среду но	1
становится всем	1
до xvi	1
становление непрерывное	1
находит свое	1
называемая женевская	1
идеологии становление	1
общения таковы	1
идет оживленная	1
всякой возможности	1
синхронически –	1
все линии	1
наиболее чутким	1
и чистым	1
формальному месту	1
с социальной	1
явление в	1
сознания индивидуальный	1
формы действительности	1
или даже	1
были бы	1
соссюр отчетливого	1
находится всякая	1
сходятся к	1
жилец приютившийся	1
только физиологический	1
его знакового	1
им стали	1
время был	1
знак социален	1
контексте соответствующей	1
качественного различия	1
или физиологическим	1
столько мысль	1
достижения в	1
социальную жизнь	1
художественно отсюда	1
касается но	1
quaternio terminorum	1
пребывающем вне-времени	1
определяет решительный	1
почве пытались	1
наполнение данной	1
чистым знаком	1
течения лингвистической	1
ее осмысленно-идеологические	1
с проблемами	1
но помимо	1
него лежит	1
сводится фосслерианская	1
тонких и	1
в конгломерат	1
лишних людей	1
существенных различий	1
марксистском анализе	1
системы? эта	1
знак создается	1
специализированных идеологий	1
совсем не	1
проблеме выражения	1
индивидов принадлежащих	1
динамики жизненного	1
обусловлены прежде	1
единства и	1
история психологии	1
без этого	1
тогда он	1
творческий процесс	1
знаков тема	1
и мотивированности	1
нас плане	1
знака самонаблюдение	1
самое существо	1
вообще еще	1
и принуждена	1
нашло свое	1
общим определением	1
далее орудию	1
объяснение должно	1
еще ни	1
явлений итак	1
людьми в	1
существовало как	1
имеет лишь	1
слияние знака	1
он рождается	1
печальную роль	1
ролью слова	1
слагается психика	1
психологии так	1
место мысль	1
языковому индивиду	1
которое направлено	1
норма поэтому-то	1
звука а	1
и всех	1
своей душе	1
молот в	1
нащупать реальный	1
психологии как	1
объяснению лишь	1
речевых форм	1
но какого	1
дна из	1
будучи до	1
его большого	1
правильному подходу	1
организма без	1
только рациональный	1
бы порождено	1
о недопустимость	1
принадлежит к	1
все психическое	1
к ich	1
каждая обладает	1
нет для	1
философская проблема	1
система моей	1
противоречие не	1
прибавить что	1
словесного общения	1
глаза или	1
идущая волна	1
заключение ч	1
и должен	1
репертуар речевых	1
тех иногда	1
характерна идея	1
умещаются конечно	1
анализа –	1
даже неудачного	1
возникает как	1
трех аспектов	1
в образе	1
основоположений –	1
и развивалась	1
процесс не	1
бы роду	1
уясниться именно	1
природная особь	1
коллектив лишь	1
языка являющаяся	1
существенности определяемая	1
рода понимание	1
марксистских работах	1
границу сущность	1
же преломление	1
идеологические акценты	1
определяемая органическими	1
пр короче	1
внутри данной	1
каузального объяснения	1
совокупностью жизненных	1
здесь идет	1
целостного и	1
быть верным	1
творчески продуктивна	1
сознания внутренняя	1
социологическая школа	1
эмпирикопсихологических благодаря	1
чисто природной	1
индивида можно	1
опыте это	1
по своей	1
эта-то пережитость	1
аналогичны физическим	1
его основоположений	1
причинный ряд	1
во-вне для	1
речь? с	1
перестроение романа	1
интересует лишь	1
завершенных идеологических	1
типа в	1
какому-то пустому	1
гибким и	1
областях неприменимые	1
природа знака	1
эта печать	1
как считать	1
является средою	1
познания наиболее	1
проблемы неразрывно	1
или орнаментами	1
друга мы	1
исключительною ролью	1
фактом психологии	1
и частнейших	1
большей знаковой	1
акустический феномен	1
универсальной грамматики	1
дать лишь	1
конститутивными моментами	1
или игнорировать	1
говоря закономерностью	1
нуждающаяся для	1
сознанию ни	1
всей проблемы	1
самого существа	1
вещах –	1
первая часть	1
оно –	1
другая в	1
него всех	1
задачей психологии	1
фосслера –	1
делающая его	1
созданном в	1
или компромиссный	1
утверждение что	1
и wir	1
он один	1
незыблемое и	1
тупик в	1
все современные	1
системы себетождественных	1
организм поставлен	1
главе проблемы	1
неизбежно должно	1
идеология объясняется	1
очень мощная	1
является таковой	1
них нам	1
которая высится	1
но не	1
случайные беседы	1
вхождение недифференцированных	1
не сводимая	1
ее под	1
знак может	1
будет другая	1
единственное и	1
и житейские	1
ни физиологическим	1
и большинства	1
может по	1
различия первый	1
и новом	1
опоры» в	1
комплекс –	1
не словесные	1
процесс созидания	1
совершенно недооценивает	1
почве остаются	1
же не	1
от слушающего	1
– идеологический	1
понята специфическая	1
организма субъективная	1
свою тему	1
объективного опыта	1
отношения между	1
знак является	1
– единичные	1
начала нужно	1
знак был	1
особой области	1
позволяющий высказывать	1
отдельным областям	1
соссюр исходит	1
акцента который	1
вскрыть ее	1
по-видимому очень	1
несколько реакционен	1
и непререкаемых	1
более специальному	1
то отсюда	1
поэтому-то все	1
выродится в	1
сознание умеет	1
не природная	1
законы объективны	1
уже захватили	1
прямого значения	1
™nљrgeia осуществляемый	1
история наук	1
нами литературных	1
преломлением в	1
форме маленьких	1
с действительным	1
сложившейся господствующей	1
процесса изменения	1
воспроизведено на	1
взаимодействие внутреннего	1
понимание всякого	1
ergo –	1
действительное бытие	1
прямой познавательный	1
же к	1
на внешние	1
тождественность ведь	1
из целостного	1
остается устойчивым	1
и невоплощенное	1
момент идеологического	1
истине говорить	1
но имеет	1
и истолкование	1
вв существует	1
и второй	1
результате анализа	1
индивидуально-творческим актом	1
оговорками и	1
сознания им	1
условии в	1
внешнего мира	1
окружающей социальной	1
и принципиального	1
исследование все	1
образовалась по	1
языка есть	1
степень сознания	1
лишь понимать	1
центру конечно	1
сознания диахроническая	1
идеалистической идеей	1
и идеологией	1
по зиммелю	1
и символы	1
объективное отношение	1
элементы романа	1
сказанного слова-высказывания	1
и усложнению	1
его как	1
сознанием из	1
литературных явлений	1
школы переживание	1
материальной частью	1
говорит фосслер	1
упрощенной форме	1
коренную ошибку	1
эти сочетания»	1
лингвистической истине	1
и каждая	1
повторяем принципиального	1
психику к	1
уяснению внутреннего	1
места и	1
реагирования на	1
ее применения	1
полному обособлению	1
ряде существенных	1
инертной категории	1
насквозь закономерностью	1
этого содержания	1
языка основоположения	1
непререкаемую норму	1
расходящиеся круги	1
данном отношении	1
основе разработанной	1
типичнейший представитель	1
система объективных	1
общения которая	1
закономерностью ошибки	1
или всем	1
war и	1
методологические пункты	1
и личность	1
и слова	1
в школе	1
в интересующем	1
нами четыре	1
может принадлежать	1
его индивиду	1
третья философия	1
связывается с	1
уже древнейшим	1
сплошь идеологично	1
бытия? на	1
порождена впитанными	1
работа движется	1
эмоционального соответствия	1
– понимания	1
стороны всякое	1
ближайшая социальная	1
непререкаемых для	1
порождает глубочайшую	1
стоит трудная	1
психика снимает	1
выходят за	1
механизм условного	1
некоей индивидуальной	1
из всего	1
и производятся	1
другой следующей	1
время наиболее	1
все его	1
ограничимся лишь	1
смертью субъективной	1
служить знаком	1
проблему философии	1
многосоставный комплекс	1
более элементарных	1
соссюром языку	1
waren и	1
выступлений проблема	1
разрезе нарушается	1
языка проблема	1
понятие то	1
конституцией и	1
ту или	1
единичную действительность	1
наличные в	1
работе в	1
фактом лишь	1
отношении известная	1
определяет знак	1
знаем сплошь	1
законов идеологическая	1
своей столь	1
до-диалектического механического	1
существующие между	1
организм действительности	1
борьба вокруг	1
но слишком	1
данному конкретному	1
только общую	1
людей в	1
роль языка	1
в театре	1
моментами языка	1
на знак	1
шире сложней	1
тема третьей	1
его до	1
прослеженным до	1
незаменимые словом	1
нее это	1
для стоящей	1
косвенной речи	1
нельзя отвлечься	1
не хочет	1
или физическое	1
ведь сознание	1
для сознания	1
монистическому объективному	1
идеям второго	1
самую проблему	1
основное направление	1
например механизм	1
связан с	1
наличность предмета	1
марксистский метод	1
необходимо прибавить	1
идеи абстрактного	1
то этот	1
отчетливостью и	1
системе или	1
знаками повторяем	1
развития невоплощенная	1
в сознание	1
следовательно вовсе	1
субъект и	1
остальные особенности	1
нет это	1
сознания но	1
зрения психолога	1
этим разрешением	1
внутренних прав	1
чисто познавательного	1
движение или	1
индивидуальной психологии	1
тем самым	1
действительности суть	1
документ подлежащий	1
эта нормативно	1
стать выразительным	1
условимся называть	1
понятия слова	1
для сколько-нибудь	1
ее содержание	1
дальше языковой	1
тяготея к	1
литературе становление	1
надстройкам –	1
социальное проникшее	1
формулы и	1
сознании? на	1
система не	1
основном в	1
переживания поэтому	1
из современных	1
или же	1
формирует свои	1
было движение	1
ценностного акцента	1
задач достаточен	1
и мог	1
т.е те	1
половины xix	1
этим запросам	1
разрешить основную	1
в оформившиеся	1
форм внешнего	1
о форме	1
частному и	1
бытия только	1
же может	1
говорения –	1
религиозный обряд	1
наименования нет	1
ядро гумбольдтовских	1
языком фосслера	1
нет познание	1
напоминающие абзацы	1
техники или	1
и понятной»	1
уничтожается в	1
понимание эмпирики	1
языка законы	1
то значение	1
всем или	1
основоположение вундта	1
организме –	1
философский дух	1
биологических организма	1
почва благоприятствующая	1
виде внутренний	1
жеста отрицание	1
с изменениями	1
каузальностью понимать	1
яблоко заявить	1
и проблема	1
индивидуальный произвол	1
содержательная предметная	1
для позднейшего	1
сплетены между	1
чтобы наши	1
близки к	1
систему и	1
поэтому и	1
слишком общий	1
ею слово	1
вся гумбольдтовская	1
психологией так	1
художественного соответствия	1
других как	1
примитивное знаковое	1
связаны и	1
ряд нитей	1
укладывается конечно	1
мир не	1
наиболее ярким	1
является фактом	1
совершенно изъятые	1
литературоведческую мысль	1
изучать отношения	1
от одной	1
мы отметим	1
объясняет он	1
начале хх	1
всякого вне-психического	1
никем не	1
дана не	1
масштабах укладывающихся	1
выключение всех	1
интересным и	1
языка о	1
являются антитезисами	1
говорящего на	1
нашего наблюдения	1
всем остальным	1
сущностью языка	1
внутренним психика	1
характер идеологическому	1
личность а	1
социальной атмосферы	1
жизненных условий	1
борьбы эта	1
живой диалектический	1
материального существования	1
ее при	1
невозможно представить	1
является потенциальным	1
к жизни	1
совпадая со	1
которой данная	1
превращается в	1
социологическими факторами	1
справедливость добро	1
идеология всему	1
познавательного художественного	1
говорить отдельные	1
всего как	1
вообще лишены	1
направления заложившим	1
характерно сопоставление	1
сможет быть	1
и самого	1
и объективная	1
речь представлялась	1
языковой критерий	1
не отражая	1
далее в	1
знаковым выражением	1
– т.е	1
ли для	1
– знаках	1
эти единицы	1
зрения на	1
целое в	1
вехи которые	1
субъективным сознаниям	1
отдельных областей	1
и молот	1
мою мысль	1
идеологической надстройки	1
один момент	1
соссюру необходимо	1
и управляющей	1
направлении –	1
нужен только	1
им замещаемой	1
один кажется	1
силы одни	1
комплекс и	1
из языка	1
намерений и	1
его выражением	1
германистику также	1
культуроведение как	1
остается неразрешенной	1
бесчисленные идеологические	1
наоборот есть	1
системы или	1
той или	1
от базиса	1
общения чтобы	1
познавательной цены	1
произнесения каких-либо	1
том каким	1
ее например	1
воззрения фосслера	1
живо своим	1
никакого значения	1
природной среды	1
процессе взаимодействия	1
является внешним	1
грамматическим фактом	1
отношение к	1
в пределы	1
только этот	1
противостоит высказыванию	1
т.п конечно	1
этот властелин	1
все области	1
различать между	1
занимает непропорционально	1
социальной борьбы	1
или неподвижная	1
в лингвистику	1
процесс горения	1
единство внешнего	1
отражает в	1
воспринимает какую-либо	1
считает язык	1
принцип классификации	1
бы оформляться	1
доказывает и	1
влиянием соссюра	1
словом содержание	1
этой особой	1
себетождественных неизменных	1
со знаковым	1
включаем его	1
sapiens знак	1
взаимоотношения базиса	1
из природы	1
приурочиванию к	1
отношениями которые	1
сознания мы	1
творения латинский	1
можно проследить	1
многих отношениях	1
с другом	1
объективном факте	1
лингвистическим элементом	1
индивидуальности и	1
найти к	1
принадлежит идеологической	1
содержания и	1
исследованы многообразнейшие	1
взаимодействия коллектива	1
сознания говорящего?	1
сознания неизбежно	1
пор задача	1
направлений философско-лингвистической	1
популярный характер	1
– во-вне	1
труды его	1
знаком так	1
перейдем прямо	1
так оно	1
ответить следующим	1
голосом например	1
при всякой	1
– идеологична	1
представители этой	1
называемая общественная	1
идеализма тенденцию	1
лишь основные	1
потому что	1
частью самой	1
единство язык	1
истолкования итоги	1
и игнорируется	1
границы в	1
еще мало	1
но вот	1
анализе проблемы	1
он отвлечется	1
связь значения	1
общепризнанного определения	1
продуктами потребления	1
проблема понимания	1
себетождественных форм	1
громадном предварительном	1
явление на	1
защитником этой	1
несет с	1
в идеологическое	1
становящееся бытие	1
выяснена ни	1
нами первого	1
вполне определенные	1
мере диалектического	1
биографическим моментом	1
а природная	1
природе своей	1
напоминают реплики	1
книгах и	1
и резкого	1
есть социально	1
еще на	1
только эта	1
образуются как	1
выраженным во-вне	1
это содержание	1
марти нам	1
актуальность и	1
закономерность идеологического	1
смешиваются в	1
сколько-нибудь систематическом	1
идеологией существует	1
концептуализма и	1
физиологической и	1
и категориями	1
у каждой	1
чем теснее	1
вопросах языкознания	1
слова является	1
всю качественную	1
типами знакового	1
века в	1
материала например	1
двигательных реакций	1
высказывания к	1
романа наоборот	1
тех изменений	1
мы же	1
мысль в	1
его таким	1
психики о	1
особенностям идеологических	1
хотя они	1
тело можно	1
сознания этой	1
правильного понимания	1
означает всецело	1
объективной психологии	1
психология ни	1
стара и	1
должны ответить	1
языка стоящего	1
различие данных	1
существуют среди	1
закрывать на	1
задает психология	1
факторами отнюдь	1
конкретном значении	1
к новому	1
освещается только	1
теснейшим образом	1
во всей	1
популярна и	1
организма невозможно	1
двух сфер	1
индивида однако	1
понять значит	1
организма для	1
реализованы бесчисленные	1
планах лежащих	1
личностность в	1
субъектах и	1
мы еще	1
бытия языка	1
и ближайшими	1
знаку погасить	1
становление языка	1
разрезе которого	1
но отражает	1
еще одна	1
и психическое	1
не приписывает	1
индивидуация языка	1
совершалось также	1
уясняет и	1
несколько подробнее	1
истинным центром	1
произнесения то	1
языка потому-то	1
психолога другой	1
последователей основоположение	1
голове –	1
говоря все	1
отсюда младограмматическая	1
наша задача	1
задачей справиться	1
становлением норм	1
индивидуальный как	1
очень важный	1
быть продуктом	1
сопутствующим явлением	1
языка поддаются	1
затем находят	1
привести психику	1
для русской	1
выражения в	1
кроче индивидуальный	1
политической жизни	1
темы осуществляются	1
к полному	1
языка совершенно	1
причастность жизненному	1
развития перейдем	1
непосредственно обусловленный	1
переживание уничтожается	1
действия и	1
многоакцентность идеологического	1
в широком	1
применении здесь	1
в стройную	1
ценности пока	1
та связь	1
объективно-предметное понимание	1
и истолковывающая	1
признанности осуществленные	1
так совершается	1
лишь определенное	1
было указано	1
своеобразие ведь	1
над природною	1
глубокое обоснование	1
времени 	1
именно проблема	1
организме а	1
производственной цели	1
дной из	1
наук почти	1
и личностность	1
рационализме xvii	1
она есть	1
субъективируется в	1
знака расположена	1
ее понимают	1
двумя homo	1
диаметрально противоположной	1
значения иметь	1
и какова	1
т.п эта	1
между языковыми	1
быть не	1
исторических условий	1
их логику	1
они становятся	1
над потоком	1
зрения системы	1
единство языка	1
современная объективная	1
момента –	1
они –	1
основном содержание	1
выделяется лишь	1
антипсихологизма основополагающие	1
иные не	1
же разрешалась	1
лишается всякой	1
единство данного	1
более подробном	1
действительности непрерывное	1
как говорит	1
специфической закономерностью	1
языковых норм	1
мифическое понятие	1
в непосредственном	1
же различие	1
высказыванию как	1
кажется способным	1
идеологическое объективно-предметное	1
объектом самонаблюдения	1
отражает по	1
внутренним самонаблюдением	1
критичны и	1
от актов	1
то алогикой	1
субъективной личности	1
могло дать	1
совокупностью случайных	1
формулы изменение	1
внимательном анализе	1
ни общности	1
единством ближайшей	1
направления 	1
замещая но	1
знак освещается	1
уже с	1
человека не	1
в обычных	1
а вечное	1
которые связывают	1
не равноценен	1
здесь нет	1
позитивной и	1
мысли иногда	1
ведь установка	1
индивидуальным организмом	1
психологии эта	1
способы их	1
дело и	1
крайней степени	1
во всякое	1
и борьбы	1
не замечается	1
может искажать	1
создает главные	1
реально неотделима	1
сознание превратили	1
другой действительности	1
одна в	1
одном все	1
фосслера не	1
бытием определяя	1
– понятие	1
в некоей	1
формы всецело	1
претендующими на	1
был со	1
иначе отражает	1
основе биологическая	1
роль романа	1
окружающей действительности	1
правильный методологический	1
внутреннего внутрителесного	1
соприкосновения организма	1
помещают идеологию	1
момента т.е	1
становится в	1
не умещаются	1
эти особенности)?	1
данная мысль	1
психология стремится	1
сами по	1
– речи	1
ряд важнейших	1
слове или	1
к производственным	1
обусловленный ими	1
задача найти	1
процесс каузального	1
индивидуальной формулы	1
кантианских воззрений	1
материальные вещи	1
или химическая	1
часть вторая	1
типология этих	1
увидим дальше	1
фосслеру каждая	1
единство социальной	1
своих моментов	1
и познание	1
или если	1
сознание или	1
всё что	1
быть одною	1
ответа у	1
основные пути	1
потому социально	1
и виды	1
различия ведь	1
– сознания	1
языкознания ведь	1
традиции этих	1
организованная социальная	1
сторону борьбы	1
личности он	1
в абстракции	1
брань может	1
один культурный	1
специфическая лингвистическая	1
и формами	1
верный но	1
с идеологическим	1
сколько его	1
идеологическое как	1
этому же	1
в следующей	1
истолковывать как	1
поступает между	1
диалектически а	1
похвалою всякая	1
общую для	1
эти тождественные	1
нельзя анализировать	1
отдельные части	1
выступление имеет	1
с элементами	1
формой общения	1
для понимания	1
особи сколько	1
свое первое	1
продукты потребления	1
и конечно	1
всякому идеологическому	1
и очень	1
идеологии заключение	1
отложением застывшей	1
не касались	1
трагедию культуры	1
аналогию тем	1
преклонение перед	1
непропорционально большое	1
психике оказывается	1
этот предмет	1
явлении языка	1
всей их	1
деле одни	1
моего существования	1
скрещению акцентов	1
ему важен	1
состоит из	1
уничтожает себя	1
акцентуированных предметов?	1
пункты на	1
с теми	1
акт говорения	1
должен погрузиться	1
примата стилистики	1
организации общества	1
или ничем	1
недооценивает сплошной	1
специфического рода	1
и сдвиги	1
наоборот сознание	1
структуре романа	1
и взаимосвязаны	1
существующая еще	1
становится объектом	1
объективная же	1
самостоятельному рассмотрению	1
должны были	1
все являются	1
протекающих в	1
что индивидуально	1
моменты –	1
знак а	1
материалом переживания	1
актов индивидуального	1
участия внутренней	1
ошибку но	1
языковыми знаками	1
с необычайной	1
социально организованы	1
если здесь	1
съел не	1
ней возвышается	1
об осмысленном	1
меньше создания	1
проблему и	1
старается стабилизировать	1
– глаза	1
психики точка	1
субъективизма первое	1
самый звук	1
становится сущностью	1
и общей	1
продолжают до	1
фосслера прежде	1
рано или	1
взаимодействия идеалистическая	1
вернее языковой	1
свое общественное	1
действительности оно	1
потрясения механически	1
представитель его	1
пределы знакового	1
или диахронический	1
надклассовый вечный	1
сферах господствуют	1
радуга то	1
мышления форме	1
искать объективного	1
социальной организацией	1
этим проблемам	1
человек в	1
душой если	1
аналогии это	1
остальное –	1
понятности и	1
более благодушны	1
данности знак	1
вниманием нашей	1
исследования мы	1
язык первого	1
психические каждый	1
элементов языка	1
по какой	1
– нисколько	1
хлеба но	1
случае глаза	1
надстройкам категория	1
идеологична исторична	1
делает идеологический	1
двумя познавательными	1
которых каждая	1
очень тесно	1
знаком идеологический	1
понимание этой	1
другие сходятся	1
самой проблемы	1
по философии	1
этой инертной	1
знака легче	1
далек от	1
что было	1
уже идеологическим	1
точном смысле	1
с переходом	1
неподвижной системы	1
от физиологического	1
в той	1
определенной познавательной	1
внешнее тело	1
проблемы языка	1
диалектичность знака	1
называемой функциональной	1
построить синхроническую	1
задачей первой	1
заключение так	1
значении которое	1
масштабах изучаемых	1
всякое содержание	1
и ii	1
общения действительность	1
обусловливается смертью	1
обстоятельный очерк	1
комментарий к	1
мышления в	1
но как	1
мейе более	1
сопровождает и	1
органическое перестроение	1
индивидуальные особенности	1
только обладая	1
стать фактом	1
простейшего жизненного	1
исключения возможные	1
ориентации они	1
у них	1
говорения объясняют	1
и идеологического	1
все новом	1
управляющей системою	1
логики или	1
ведь слово	1
данному управляемому	1
помещается где-то	1
смысла какой-либо	1
и субъективная	1
в замкнутом	1
становятся религиозными	1
простой материальной	1
модификация этих	1
углубления его	1
внешний технический	1
мысль интересует	1
темою знака	1
экономике организма	1
находятся еще	1
есть поэтическая	1
теснее внутренний	1
дублетом остального	1
биографическими в	1
однако система	1
если идея	1
глубины гумбольдта	1
новой языковой	1
него язык	1
психологией» однако	1
и продуктами	1
шел непрерывный	1
задачи не	1
общеидеалистических главным	1
есть та	1
территории должно	1
закономерность логика	1
это не	1
найти чистую	1
снаружи все	1
оно представляет	1
искажающая логическую	1
нами особенности	1
корни таковы	1
порождения в	1
мы вместо	1
проблемою высказывания	1
нормы представители	1
необходимые условия	1
становится новой	1
мельчало особенно	1
мы видели	1
из какого	1
элементы замещают	1
какому бы	1
историческая память	1
свое знаковое	1
эта закономерность	1
специфического предмета	1
идеологическое содержание	1
понимающего но	1
проблема в	1
поэтическая идея	1
общую территорию	1
слушающего звук	1
счете одни	1
мысль осуществляется	1
достаточна чтобы	1
формы образующие	1
материале знакового	1
идеологическим resp	1
языковую ноpму	1
действительности он	1
и применимы	1
сведения его	1
знака всецело	1
конечно нет	1
работы продуктивная	1
классы вследствие	1
анализе мы	1
– конечно	1
группа имеет	1
частной науке	1
является так	1
для современного	1
наоборот по	1
к ней	1
в значащем	1
высказывания должна	1
но ни	1
ключ –	1
само нуждается	1
еле заметные	1
он их	1
наблюдать явление	1
события общения	1
должен освободиться	1
исторического изменения	1
других представителей	1
им эффекты	1
имеет общего	1
слова-высказывания а	1
перед ним	1
языка? и	1
ее внутренних	1
для многих	1
об идеологиях	1
социальными факторами	1
того духа	1
орудия соединить	1
безобразно и	1
психологизмом и	1
отличающее и	1
знаем чутко	1
соединить с	1
принадлежит лишь	1
же дана	1
по-видимому находится	1
его школы	1
идея всей	1
и имеет	1
это значение	1
сознания в	1
позиции во	1
верным ей	1
знака классовая	1
найти в	1
словом язык	1
идеологема уясняться	1
бытие эта	1
палеонтологией языковых	1
невозможно провести	1
взаимодействия какое	1
грамматики или	1
главы вопрос	1
однако прав	1
ведь физиологический	1
базисом и	1
непроизволен и	1
общением не	1
следующим себетождественные	1
предстанет как	1
и методологическим	1
стремясь к	1
сознанием самого	1
ситуацией осуществления	1
области ибо	1
попытались обнаружить	1
в высказывании	1
общи устойчивы	1
знаков знак	1
же звену	1
существуют два	1
механизм например	1
законах все	1
хода жизни	1
лишь различными	1
нашем случае	1
проблемы не	1
анализа мы	1
и ненужными	1
и закономерность	1
диалектического преломления	1
ведь как	1
проникнутую специфическою	1
касаемся другой	1
связаны друг	1
слушающий принадлежали	1
культуре истории	1
борьба аналогию	1
познания художественного	1
и творчески	1
его звукового	1
важна в	1
трансцендентальных или	1
соссюр безбоязненно	1
природными явлениями	1
этим на	1
иначе и	1
актов в	1
эти речевые	1
живым знаком	1
иноязычного слова	1
за свои	1
тесной зависимости	1
те грамматические	1
лежащих явлений	1
сознанием они	1
новая и	1
позитивистические представители	1
норма и	1
и психологических	1
осуществлении речевой	1
если же	1
социально-экономического бытия	1
неподвижную антиномию	1
хотя и	1
знаменатель –	1
языковая реальность	1
внутри замкнутой	1
высказываний о	1
принадлежит таким	1
ей значением	1
знаки идеологического	1
среде протекают	1
задача осложнилась	1
вторая проблема	1
нет скачка	1
это мышление	1
предметом философии	1
биолог не	1
мнений в	1
мы включили	1
итоги задача	1
именно эта	1
имеет большое	1
ряд управляется	1
доступных социальному	1
ею социологической	1
времени и	1
индивидуальной констелляции	1
предмет восприятия	1
что для	1
реплика и	1
принадлежит ей	1
наук можно	1
родственных ей	1
контексте других	1
художественное оформление	1
индивидуальному организму	1
смысле с	1
производства но	1
ей возможно	1
естествознании она	1
особой науки	1
творящей культуру	1
эта нормативная	1
объективный но	1
и необходимо	1
сопровождает всякое	1
изучения? –	1
значение все	1
которые актуальны	1
органическому единству	1
и помещают	1
а математический	1
восприятия то	1
может распространяться	1
подлинного диалектического	1
idealistische neuphilologie	1
– совершенно	1
углублением понимания	1
штейнталя нет	1
следует ли	1
только социологическим	1
идеологическое преломление	1
стороны слова	1
внутренней проникающей	1
вопросе у	1
лингвистике такой	1
биология ни	1
чрезвычайно содержательно	1
самонаблюдения становится	1
технический момент	1
воспринимать ее	1
почве возможен	1
психологии народов	1
вундтовская психология	1
формы приспособления	1
бытием предстанет	1
такое объяснить	1
основным явлением	1
реагирующим на	1
своим психическим	1
законам вундт	1
быть уже	1
придется упоминать	1
коренное различие	1
носит печать	1
индивидуально-творческого акта	1
века мы	1
феноменологов и	1
понята необходимая	1
школы вполне	1
историка латинского	1
изолированным вырванным	1
язык представляется	1
не знак	1
поскольку о	1
языком langue)?	1
систему проникнутую	1
осмысленное творчество	1
синхронически изменяется	1
есть деятельность	1
школы игнорировать	1
логикой или	1
чистому функционированию	1
заключение о	1
явлением физическим	1
соответствующую границу	1
случае можно	1
единство как	1
фосслеру не	1
систему фонетических	1
всякое знаковое	1
в индивидуальной	1
направления отсюда	1
следовательно материального	1
они дают	1
изменения в	1
и неизменной	1
сознанию является	1
языка находятся	1
подлинное объяснение	1
звуковой комплекс	1
ареною скрещения	1
только но	1
многообразных речевых	1
психология обосновывалась	1
имеется лишь	1
антипсихологизма отымающего	1
идеалом всякого	1
реальную наличность	1
от социологической	1
рассматривает весь	1
пределы синтаксиса	1
значений одним	1
отдельного индивида	1
источниках нашего	1
он от	1
индивидуален и	1
исторического материализма	1
может осуществляться	1
в спряжении	1
дополняют превращая	1
имеет свой	1
war образовалась	1
сознательной субъективной	1
входят и	1
широкий и	1
материальные предпосылки	1
а обусловленные	1
слова способность	1
помощью идеологического	1
предпосылки вызывают	1
формах осуществляется	1
обща и	1
общения организованного	1
живых социальных	1
творчество аналогичное	1
xviii веке	1
возвращается однако	1
не что	1
простую физическую	1
и мир	1
и по-своему	1
особенности же	1
для кроче	1
социально акцентуирована	1
сколько значило	1
всей этой	1
подлежащий филологическому	1
эта история	1
идеологического феномена	1
преломляет становящееся	1
своей художественно	1
идеологической среды	1
типов речевого	1
неспособный войти	1
идеологическим преломлением	1
себе их	1
трансцендентализма или	1
сплетены с	1
степени важная	1
mы думаем	1
устах единичной	1
к фосслеровским	1
одинаково отличающее	1
неизменного тона	1
сознания к	1
и пытается	1
социального знака	1
в особом	1
т.е голым	1
ситуация ориентация	1
иных в	1
указанный нами	1
зиммеля –	1
будем углубляться	1
превращаются в	1
субъективными тонами	1
взаимодействующих областей	1
такое крупное	1
философской и	1
противостоящего языку	1
радуга которая	1
функцией и	1
внутри langage	1
самонаблюдение может	1
звуковой стороны	1
материальная данность?	1
развернули самую	1
а его	1
waren существует	1
ближайшей социальной	1
как выражение	1
вещь идеологический	1
как воплощение	1
волевое движение	1
между репликами	1
максимальное сближение	1
действительным фактом	1
души отдельные	1
физические политические	1
времени мы	1
не коснулась	1
границы между	1
потоке внутренней	1
выбор одного	1
языка языка-речи	1
очерка о	1
от внутреннего	1
исключения категории	1
условий определяющих	1
но самонаблюдение	1
дается например	1
легче и	1
лишь случайными	1
функцию как	1
на почву	1
жизненные соприкосновения	1
процесса его	1
фосслерианцы последовательно	1
какой-нибудь звук	1
образом сплошь	1
причащения но	1
отличного как	1
многообразнейшими связями	1
понимаемых знаков	1
творческое становление	1
слово налично	1
чисто социологическую	1
на все	1
что один	1
этикет речевой	1
в россии	1
мы касаемся	1
этого необходимо	1
– недопустимо	1
две проблемы	1
как чистая	1
предшествующий момент	1
отсюда что	1
в природе	1
же должны	1
самонаблюдения является	1
какого-нибудь художественного	1
при помощи	1
знакового взаимодействия	1
разоряется отсюда	1
социальное учреждение	1
функции внутренней	1
животного организма	1
конкретизация и	1
в объективном	1
произведение или	1
предмета знаковую	1
– исторический	1
ли самонаблюдение	1
и объяснить	1
в обмене	1
надстройка над	1
явления если	1
не выходит	1
эффект обоих	1
homo sapiens	1
нелепость такого	1
один дает	1
т.е звук	1
красок и	1
его нижнему	1
но встреча	1
понятый и	1
medium’ом их	1
же границу	1
логикой одну	1
интенционалистов феноменологов	1
себе самому	1
из могущественнейших	1
социальным кругозором	1
слова занимает	1
– особая	1
к голому	1
конкретных форм	1
вообще не	1
природе культуре	1
наиболее позитивной	1
общего мировоззрения	1
зиммель зиммель	1
внешним для	1
нескольким областям	1
основном находятся	1
и продукт	1
представляемой изображаемой	1
и явилось	1
эту систему	1
различия между	1
засели механистические	1
непрерывный как	1
самые скромные	1
коррелятом социального	1
испытуемому во	1
для штейнталя	1
вещи является	1
знаку приложимы	1
свое наиболее	1
как они	1
именно о	1
parole мы	1
углубление самонаблюдения	1
совершаются не	1
составными элементами	1
жизни самый	1
тождественные и	1
особая разновидность	1
своей логической	1
и знаки	1
биологического организма	1
идеологиях проблема	1
т.е внутри	1
она относится	1
важность на	1
языковой закономерностью	1
просто отражено	1
влиятельна у	1
непосредственно из	1
налично во	1
реальна совокупность	1
анализе оказалось	1
место лишь	1
и отчетливому	1
касались этих	1
установка говорящего	1
такой не	1
и неотделим	1
самой природы	1
форм диалогической	1
живого взаимодействия	1
предпосылками бытия	1
пока указали	1
непосредственно всею	1
выводы более	1
вопросов в	1
объективному методу	1
каждой группе	1
следующей за	1
знака т.е	1
всяком сознательном	1
религиозного и	1
интересует только	1
является а.а.потебня	1
к доведению	1
итоги все	1
индивидуальным сознанием	1
высоты трансцендентализма	1
психику выключение	1
понимании психики	1
культуру субъективной	1
сошлись как	1
деяний индивида	1
созреть в	1
индивидуальная ошибка	1
содержательный момент	1
необходимо далее	1
что есть	1
фокусу языкового	1
однако существенны	1
наших задач	1
определенном идеологическом	1
сбросив с	1
отрешив предварительно	1
законы идеологического	1
действительность являются	1
в телесном	1
форма ich	1
есть внутри	1
вернее алогикой	1
законам физики	1
идеолога же	1
в моем	1
положении находится	1
до большей	1
чтобы предмет	1
внутренним переживанием	1
не где-то	1
ее противоречивом	1
стабилизировать предшествующий	1
на слово	1
средство для	1
главного представителя	1
на него	1
бы например	1
господствующая внутри	1
идеологических систем	1
мир встречаются	1
предположения совершенно	1
факты языка	1
познания академический	1
отрицание этого	1
не прослеженным	1
балли и	1
каковы бы	1
нет все	1
готовому языку	1
согласия и	1
скажем что	1
оставляем открытым	1
и принципиальным	1
позднейшего позитивизма	1
нами вытекает	1
значение между	1
подход к	1
принадлежащих к	1
чужого высказывания	1
приютившийся в	1
не исправляется	1
которые в	1
и всегда	1
другому например	1
объемлющий его	1
наук т.е	1
и психологизмом	1
психики поэтому-то	1
условием продуктивной	1
в буржуазной	1
языке первое	1
отымающего у	1
система явлений	1
мы остановимся	1
привычного места	1
разобраться невозможно	1
идеологическому принадлежит	1
все устойчивые	1
утверждают ли	1
формы которые	1
ему нужен	1
они связаны	1
фактом от	1
территорию необходимо	1
выразим это	1
на французской	1
бы знаковую	1
в громадном	1
конкретных формах	1
субъективное психическое	1
его так	1
гумбольдтовского размаха	1
влияние оказывает	1
лингвиста ему	1
изучения общественной	1
акцентами так	1
созданном знаковом	1
знака глава	1
поля нашего	1
лингвистики предлагает	1
двух моментов	1
реальность непосредственную	1
языковой монументальной	1
отчета но	1
снимается и	1
все явления	1
мы совершенно	1
форм становится	1
и допущенной	1
является выражением	1
случайных и	1
то может	1
объясняется или	1
времени господствует	1
диалектической смены	1
значение лишь	1
говорящего языковая	1
и будет	1
случайные жизненные	1
оставленный за	1
непосредственное техническое	1
индивидуально-психологическим законам	1
построение подлинно	1
психологии над	1
знак двулик	1
комплекс лишен	1
сознании в	1
словесной замены	1
эпоха и	1
от сознания	1
идее универсальной	1
фиксировать все	1
этим появилось	1
совершается за	1
лингвистике очень	1
xvii и	1
знака проблемы	1
этой психологической	1
специфическая не	1
породить ответную	1
шлаками языковой	1
из школы	1
не впервые	1
жанров всякий	1
от интерпретирующей	1
существует превращаясь	1
внесение марксистского	1
как ответственная	1
и нуждающаяся	1
можно как	1
недоступный ни	1
языка-речи понятой	1
данную эпоху	1
поток речевых	1
тело орудие	1
месту как	1
индивидов для	1
с наукой	1
виду что	1
сегодняшнюю правду	1
последняя должна	1
лингвистикой в	1
наступления не	1
психики знак	1
даже зачатков	1
же существующие	1
никакой неподвижной	1
изучать с	1
отказ от	1
также –	1
иной все	1
должного разрешения	1
ведь если	1
или продукт	1
разумеющимся наука	1
миром но	1
материалом внутренней	1
гумбольдтовская мысль	1
субъективной психикой	1
сознания объективным	1
дуалистический разрыв	1
проходящий через	1
– вундт	1
всякого познания	1
себя уничтожается	1
творчество суть	1
и какого-либо	1
направления не	1
но теперь	1
войти во	1
самонаблюдению принадлежит	1
истина которой	1
языковой системы?	1
бы тотальные	1
учитывать выразительную	1
которое она	1
всегда и	1
познавательного значения	1
не оценено	1
осмысленно-идеологический момент	1
почетное положение	1
является наиболее	1
одного члена	1
но иначе	1
кроче во	1
пользуются разные	1
данного индивида	1
что ученик	1
идет о	1
сводимая ни	1
модная форма	1
высказывания и	1
важный момент	1
комментарий всегда	1
избавить себя	1
знаке и	1
коллектива эта	1
конечно далеко	1
речи все	1
своих индивидуальных	1
остается невыясненным	1
начале главы	1
общего не	1
язык совершенно	1
же лишенная	1
лингвистических исследований	1
избавляющих себя	1
наличных фонетических	1
органическими и	1
одной сфере	1
борьбы разнонаправленных	1
языковых фактов	1
непосредственно примыкает	1
позитивизма не	1
фонемы различна	1
заместить всякий	1
пытается преодолеть	1
в совершенно	1
субъективной души	1
историей и	1
ничего невыраженного	1
общения определяемые	1
формами ich	1
ко всем	1
факторы то	1
близостью к	1
верно если	1
что человеческий	1
выражено при	1
ложным и	1
снизило бы	1
тем мы	1
различения трех	1
каким индивидуально-психологическим	1
акте ответного	1
на своеобразную	1
тончайший medium	1
неповторим индивидуальный	1
в других	1
того соссюр	1
идеологическая тема	1
переживание является	1
внутренней речи?	1
ли отсюда	1
уже чисто	1
их основоположений	1
та стихия	1
от единства	1
то никакой	1
первым систематическим	1
фактора обусловливающего	1
формы составляющие	1
и обозримому	1
подход поэтому	1
процессом психологическое	1
звуком и	1
покрыты изображениями	1
психике такова	1
постоянною особенностью	1
особую чисто	1
 мы	1
лишь внешний	1
атмосферу ведь	1
описано совершенно	1
это внутреннее	1
она лежит	1
словесный обмен	1
желания личность	1
неподвижная радуга	1
почти ничего	1
экспрессия всякое	1
предварительно идеологические	1
объяснение языкового	1
знака психики	1
упрочиться в	1
или вернее	1
лингвистики наша	1
норм правовых	1
знака вне	1
определяющих жизнь	1
мифа религии	1
важнейших боевых	1
материально дана	1
противоречивее поэтому	1
необходимости искать	1
приобщают новый	1
нарушение но	1
новой и	1
знаках но	1
было раньше	1
учреждение нормативен	1
развивалась до	1
литературоведения религиоведения	1
этот звук	1
итак единство	1
на современную	1
не распространяется	1
эстетическую моральную	1
область обладает	1
процессам совершающимся	1
фосслера основным	1
пути разрешения	1
областей марксистского	1
определенной форме	1
принять его	1
момента в	1
совершенно очевидна	1
переживания а	1
искажениями нормативно	1
чисто исследовательские	1
современного буржуазного	1
пор не	1
логику их	1
лица или	1
сможем ответить	1
этим не	1
высказывание имеет	1
объективизма итоги	1
экономически и	1
части нашей	1
формы речевого	1
равно трансцендентальных	1
речи –	1
детали этой	1
вещь превращена	1
то такой	1
не чем	1
доступного в	1
двулик как	1
и один	1
обоснование в	1
дана психика	1
формулу та	1
психики его	1
самообъективации здесь	1
идеологиях законы	1
но этот	1
более критичны	1
к этической	1
анализа всей	1
объект самонаблюдения	1
душах общающихся	1
таким и	1
классификацию форм	1
пути целый	1
влиянием вся	1
нет грамматических	1
лингвистики возвращается	1
– нуждается	1
индивидами что	1
сознания хотя	1
от окружающей	1
непререкаемых нормативно	1
чем речь	1
может здесь	1
звук в	1
расчленение и	1
на психо-физиологической	1
чудом получается	1
основным двигателем	1
единство фонетической	1
ее основе	1
рождается и	1
локализовать его	1
ignorantiae для	1
четыре основоположения	1
что осмысливает	1
не физиологической	1
соединяя их	1
следует всегда	1
идеологично здесь	1
словом идеологические	1
слово выключение	1
эстетикой отсюда	1
об установлении	1
наука искусство	1
область является	1
функцию научную	1
и энгельса	1
языке второе	1
норм если	1
проникшее в	1
явления сознания	1
нашего зрения	1
метод упирается	1
продуктивна именно	1
формула со	1
которая становится	1
адекватной словесной	1
лишена какой	1
категории выработанные	1
переменами в	1
его расширению	1
языкового процесса	1
языка проблему	1
бы омертвевшим	1
тех путей	1
диахроническом настоящее	1
возможно популярный	1
от перечисленных	1
резко противопоставляется	1
и внешних	1
не находило	1
нем собственно	1
головой и	1
тело знака	1
основоположений связаны	1
вполне словом	1
норму всех	1
психологизма из	1
– внешнее	1
всей литературе	1
 wir	1
законам ценностного	1
качестве фактора	1
произносящих слово	1
материального мира	1
таковой может	1
нисколько не	1
итак всякий	1
явлениями предметами	1
и правовая	1
акты индивидуального	1
одинаково обходит	1
им реальной	1
психологистического позитивизма	1
лежат на	1
является чистым	1
его социальная	1
только конкретизация	1
психологических –	1
внутреннего –	1
то с	1
неразрешенных проблем	1
идеологиях до	1
философии жизни	1
слова до	1
поворот представителей	1
– иррациональная	1
сотрудничество в	1
хозяйственные потрясения	1
родиться и	1
методически подойти	1
правда выражена	1
изученных все	1
себя свое	1
организованы –	1
направления школу	1
начнем с	1
те вехи	1
не готовая	1
психика и	1
особенность делающая	1
та среда	1
как изменение	1
вне знакового	1
всех неразрешенных	1
были для	1
отметим лишь	1
данные темы	1
на трансцендентальные	1
первое и	1
объясняют историческую	1
нормами коллективу	1
и вызвал	1
имеет необходимо	1
единству психической	1
кроме самого	1
тождественность фонемы	1
в художественной	1
всякой попытке	1
звуке в	1
отграничивается от	1
определению внутреннего	1
звена мы	1
надстроек 	1
являющаяся в	1
стилистики в	1
выделения действительного	1
конкретизации необходимо	1
знаками вырастает	1
особенностью второго	1
знак неспособный	1
полно как	1
процессы процессы	1
как всякое	1
и специализированных	1
аллегорию станет	1
от индивидуального	1
становления данного	1
действительного языкового	1
время она	1
обеих проблем	1
также приводит	1
resp философии	1
данного мгновения	1
констатирующий описательный	1
лишь неуловимыми	1
через психику	1
в.дильтея простой	1
звуковых законов	1
этого преломления	1
пережитость или	1
актуальны в	1
анализа содержащего	1
единстве марксистского	1
разрешения по	1
в целом	1
задачей наметить	1
знака есть	1
от физиологических	1
смысловую границу	1
этот ряд	1
какого-нибудь синтаксического	1
что почти	1
в приведении	1
сознание наполнено	1
без участия	1
и строжайшей	1
мотивы говоря	1
русском языке	1
самой системы	1
значение можно	1
ее в	1
дают верный	1
нормативную тождественность	1
слове реализованы	1
объективности? конечно	1
гетероклитна относясь	1
непосредственная надстройка	1
конечно непригодна	1
так уже	1
выражающего свою	1
идеологии психология	1
системе –	1
соссюру принципиальное	1
два психофизических	1
никакой связи	1
неокантианства марбургской	1
что большинство	1
или целые	1
человеческий организм	1
определяет идеологию	1
моменту процесса	1
нет субъективной	1
форм жизненно	1
направлениях перед	1
общий знаменатель	1
из задач	1
поддающийся никакой	1
определяются как	1
само понимание	1
высказываний данной	1
воззрениям дильтея	1
локализована как	1
данного слова	1
психика реагирует	1
маркса и	1
тогда когда	1
духа эпохи	1
понимание психики	1
же формами	1
вопросам науки	1
введение до	1
он понят	1
важно с	1
которая рассматривает	1
продукт который	1
зрения се	1
конкретная материальная	1
методологические различия	1
всех идеологических	1
всегда социально	1
весь процесс	1
такого отчета	1
представителя современного	1
мышления то	1
почву свое	1
как норм	1
важнейших областей	1
никакого речевого	1
отчетливо отграничивается	1
преломление становящегося	1
новую систему	1
непрестанной борьбы	1
на диахронической	1
объективной культурной	1
трагедий если	1
вырастают в	1
классификации как	1
этих вопросов	1
результате которых	1
логикой языка	1
– физиологическая	1
символы в	1
воззрения соссюра	1
эти две	1
синтеза ни	1
подходу к	1
этой цели	1
однажды принятой	1
нормой итак	1
науке существуют	1
общения эти	1
требует от	1
учитывается и	1
не соответствует	1
следующее каждая	1
если содержание	1
вещь или	1
имманентная и	1
их концепции	1
мыслей как	1
всем основным	1
и художественного	1
результате индивидуальная	1
понять друг	1
провозгласить факт	1
элементами языка-речи	1
элементы или	1
стилистики над	1
единства совершенно	1
являются конститутивными	1
рода он	1
пути ищет	1
как leo	1
же самый	1
свести субъективную	1
областей и	1
психологизма –	1
лингвистики второй	1
установленное соответствие	1
и ich	1
индивидуалистическим субъективизмом	1
данного предметного	1
такая описательная	1
музейной реликвии	1
вообще научное	1
индивида принадлежащего	1
устойчивы и	1
характеристике современного	1
данной конкретной	1
языка такой	1
и идеологические	1
концепции не	1
этого значения	1
же нелепо	1
нет перехода	1
о каком	1
для самого	1
неважно между	1
аналогичен другим	1
моем сознании	1
а отношение	1
материал притом	1
должен войти	1
же направления	1
существо изучаемого	1
философия жизни	1
соссюр и	1
чтобы сделать	1
деле лингвистические	1
нейтральным знаком	1
задача выделения	1
систему индивиду	1
историей нет	1
языком вовсе	1
к внутреннему	1
всею отчетливостью	1
ее преломляет	1
сознания создает	1
собой никакой	1
социального разумения	1
от философии	1
и всей	1
его преломляющей	1
впереди высказывание	1
самому пошлому	1
– существует	1
стороны само	1
главнейшие вопросы	1
идея примата	1
его границы	1
фосслера лежат	1
слову принадлежит	1
развертывается проблема	1
изображаемой значение	1
рождение формы	1
сами представители	1
не упомянутых	1
акцентов полна	1
значит что	1
законченной идеологической	1
эстетической деятельности	1
преодолена на	1
направлении философско-лингвистической	1
последующем в	1
лингвистики могут	1
он с	1
речь? как	1
дело здесь	1
идеологиях именно	1
не сложились	1
оказываемся перед	1
и требует	1
процессов физиолог	1
группе однородных	1
вкуса ведь	1
спряжении одного	1
эта форма	1
знакам реальный	1
эмпирики преклонение	1
качества является	1
сколько-нибудь определенных	1
ее единство	1
идеологическим продуктом	1
всякое углубление	1
это художественное	1
анализ этого	1
и историк	1
влияние могучей	1
языка чтобы	1
поскольку он	1
объективизма и	1
того рода	1
субъективно-психологическими и	1
психологии дильтеевского	1
понятий лингвистики	1
возможные словесные	1
языка сбросив	1
данной языковой	1
творчества этоса	1
работает с	1
содержания познания	1
знаком но	1
целевым производственным	1
чтобы осуществить	1
условном характере	1
творчества не	1
идеология диалектически	1
пустому формальному	1
она шире	1
философско-лингвистическая концепция	1
все нет	1
природы социально-идеологическая	1
ответ дается	1
воспринял это	1
будет не	1
благоприятной почвой	1
– едина	1
такое нарушение	1
закономерности художественной	1
них отражает	1
новый элемент	1
идея звуковых	1
германец до	1
переходным звеном	1
знаку и	1
как даны	1
следующим четырем	1
акцентуировать правду	1
ситуация неразрывно	1
к нескольким	1
совершают одну	1
момента ничего	1
психологическую –	1
чтобы они	1
как объективная	1
соссюра язык	1
задача которая	1
ненужными обертонами	1
реализме феноменологов	1
форме идея	1
необходимо уяснение	1
социального становления	1
же индивидуальны	1
пределами его	1
не видим	1
каждом явлении	1
соссюра соссюр	1
было сначала	1
явление несобственной	1
живописный образ	1
самого говорящего	1
подробнее будем	1
производственным назначением	1
вошли в	1
непрерывный процесс	1
идет об	1
преломлением одного	1
другая действительность	1
– социологическая	1
явлением не	1
непререкаемая языковая	1
указано и	1
знаков уясняет	1
своего привычного	1
аналогичной той	1
принадлежащего к	1
концов так	1
разрешении нашей	1
единичной жизни	1
явление лингвистики	1
моральных норм	1
стихия искажающая	1
и проблем	1
у психики	1
его психического	1
ориентируется в	1
появились в	1
соссюра можно	1
благодушны позитивисты	1
образоваться знаковая	1
в психике	1
следующими друг	1
строящая формулы	1
классифицировать ни	1
норм что	1
и бессмысленна	1
пассивно регистрирует	1
смысле всякое	1
говорящего совершается	1
притязать на	1
понимания чтобы	1
материализма область	1
говорящих на	1
самый момент	1
в определенной	1
тематического состава	1
концепции зиммеля	1
придерживается общеидеалистических	1
быть сполна	1
социальной среды	1
знаковая среда	1
механистический материализм	1
никакой естественной	1
иным близким	1
и вовсе	1
в социальную	1
перед двумя	1
проявлений речевой	1
звуков становится	1
исследовательские цели	1
реальный предмет	1
мимикой жестикуляцией	1
внутреннего единства	1
словами только	1
объяснить нельзя	1
чрезвычайно чутко	1
действительно традиции	1
к точному	1
значит свести	1
явления напр	1
глаза ничего	1
говорящая личность	1
свою внутреннюю	1
сложней и	1
pseudos соссюра	1
сознание психика	1
уловить и	1
закономерностью строго	1
как осуществляется	1
всегда строго	1
подхода к	1
круг его	1
вкуса языковой	1
еще доступа	1
ныне уже	1
образом наша	1
потоком становления	1
единую сферу	1
психологизма модная	1
ответного понимания	1
найти? какова	1
возьмем какой-нибудь	1
физическим или	1
сознание срастается	1
сковывающего его	1
скромной задачей	1
поэтому знаковым	1
направлением философии	1
которые он	1
обходит существо	1
которую должен	1
понимающее описание	1
специфическая природа	1
выводится из	1
современный немец	1
случае высказывание	1
здесь господствуют	1
явлением слово	1
иным естественнонаучным	1
чистом виде	1
идеологические нити	1
действительность идеологических	1
высказывания столь	1
форме языка	1
процессе его	1
откликов и	1
все совершающееся	1
какая-нибудь познавательная	1
спадать на	1
коснемся проблемы	1
существующая реальность	1
самонаблюдение активно	1
чем сильнее	1
телесном движении	1
действительность поэтому-то	1
она все	1
норм лишено	1
не ощущаем	1
задачи психологии	1
не стирается	1
чутко отражает	1
штейнталь считает	1
особенно тем	1
гипостазирующий абстрактный	1
теорию познания	1
от исторических	1
исключения явлений	1
быть по	1
этой же	1
которое претендует	1
потребления но	1
между организмом	1
неясная и	1
может фигурировать	1
идеологический факт	1
много явлений	1
многие школы	1
коллективного творчества	1
логики а	1
вопросе придерживается	1
понимания внутреннего	1
явление крик	1
содержание переживания	1
форм? в	1
знаком а	1
выражения а	1
функции противостоит	1
относится к	1
художественная истина	1
ложь истина	1
лишена внутреннего	1
работа в	1
прямо к	1
жив и	1
функции оно	1
является маленькою	1
т.п все	1
стилистически неповторимым	1
– proton	1
чтобы затем	1
– социален	1
реального процесса	1
формы благодаря	1
дильтею знаком	1
was wir	1
и психологические	1
проблемы мы	1
идеологиях идущая	1
говорящий и	1
противоречивом составе	1
modus бытия	1
управляет отношениями	1
ареною столкновения	1
промежуточные этапы	1
кроче ввиду	1
осуществляемого неповторимым	1
акте субъективное	1
подготовляет подлинное	1
находятся в	1
законы знакового	1
представителей первого	1
эта многообразная	1
в применении	1
быть одновременны	1
физиологическими субъективно-психологическими	1
упомянутых здесь	1
истории или	1
от обязанности	1
социально идеологический	1
закономерностью –	1
религиоведения науки	1
мотивом индивидуального	1
репликами диалога	1
лица в	1
индивида языковой	1
формой языка	1
технической выучки	1
нашей проблемы	1
синхронической системе	1
ключевой термин	1
физическое явление	1
будучи социологом	1
дающим непрерывный	1
которым можно	1
только современного	1
чисто психологического	1
опыт в	1
различия все	1
эту социальную	1
подходе к	1
только с	1
целям научения	1
прагматического хода	1
пока ее	1
сборищах просто	1
отвечает на	1
утрачивая самого	1
второй формулой	1
как-то хотя	1
в нее	1
областях философии	1
обычного понятия	1
речь героя	1
производимый произносительным	1
эти законы	1
фигурировать в	1
например мимического	1
из окружающей	1
как методически	1
знака помещая	1
отличаем то	1
состав крови	1
правильно –	1
и развитых	1
– при	1
очень сильны	1
ряде важнейших	1
и непререкаемая	1
художественной или	1
рационализма который	1
тождественным себе	1
соответствия correspondence	1
основной тезис	1
знаком например	1
знаков он	1
знаки идеологических	1
пункта анализа	1
языковых формы	1
каждую данную	1
осознание своих	1
орудий и	1
объяснении из	1
идеологема на	1
как нет	1
совершенно разные	1
лингвистику в	1
это чрезвычайно	1
форме знака	1
ключ открывает	1
пролить свет	1
трудно разобраться	1
понят и	1
задачу входило	1
фосслерианская идея	1
изменение внутри	1
подчеркнем основной	1
рамки современности	1
необходима ему	1
и усвоить	1
иерархической организации	1
явления ясный	1
– фонетические	1
изучать мою	1
но уже	1
чрезвычайно тесно	1
истолкованная как	1
реакций имеющих	1
сознания сознание	1
слове одна	1
и насущнейших	1
психологические отношения	1
целые неразложимы	1
было выработано	1
внутренней психической	1
конца придавая	1
переживание напр	1
были социально	1
и направлений	1
организму же	1
осуществляться как	1
и сложившиеся	1
их изменчивых	1
выражением абстрактного	1
разрыв между	1
реакционен и	1
погасить или	1
процессам с	1
языком –	1
балансируют между	1
идеологию из	1
слово же	1
эмоция всякое	1
образом отражает	1
степени оживляться	1
представителей этой	1
тех форм	1
совершенно готовой	1
различений хуже	1
языка осветить	1
подобно членам	1
значение одинаково	1
впервые пытающейся	1
следовательно он	1
раз пережили	1
не без	1
просвещения рожденные	1
сферы этот	1
регистрирования отклонений	1
сильнее он	1
учитывать того	1
роли внутреннего	1
в обновляющемся	1
знаке не	1
переживание выразительно	1
физическая вещь	1
грамматические формы	1
тождественных языковых	1
трансцендентальное сознание	1
пальца данной	1
и индивидуально-неповторимое	1
неизменная и	1
предварительный констатирующий	1
направлении так	1
этнической психологией»	1
сплошной социальности	1
явлением –	1
язык имеет	1
несобственной прямой	1
поставлены на	1
жесте в	1
когда ставится	1
а вне	1
этим устойчивым	1
социальному кругозору	1
словом принципиально	1
останется сознание	1
исторические пути	1
внутренняя диалектичность	1
можно назвать	1
центром языковой	1
функция отнюдь	1
неразрывно спаяны	1
явления философско-лингвистической	1
данном языке	1
лишь одно	1
по теории	1
пределы нашей	1
процесса протекающих	1
неразрывное диалектическое	1
осмысленное и	1
всякий внешний	1
лингвистика до	1
знаки и	1
объективная социальная	1
кризиса переживаемого	1
наблюдения и	1
один физический	1
этого духа	1
сопровождается идеологическим	1
чистая реакция	1
основной реальностью	1
локализуя идеологию	1
входила только	1
же виде	1
эти проблемы	1
и важность	1
а важна	1
факт социально-идеологический	1
поверхностного фонетического	1
общения знак	1
плане сводится	1
идеологий об	1
новая формула	1
процесса исторического	1
такая абстракция	1
употребляющий формулу	1
другой вопрос	1
могучей гумбольдтовской	1
природное явление	1
правда часто	1
областью знаков	1
сознание непосредственно	1
роде рудин	1
в душах	1
закономерность индивидуального	1
форм основная	1
направление рассматривает	1
марксистской философии	1
функция языка	1
характер только	1
организмов чтобы	1
логика идеологического	1
мимике лица	1
лишь наличные	1
методологическими потребностями	1
творчество слово	1
фикция значение	1
наивный механистический	1
количественные накопления	1
данная единичная	1
противоречия или	1
выражение индивидуальной	1
назревают где	1
определение сознания	1
формы так	1
момент например	1
изменчивых подчиненных	1
какую-либо языковую	1
данной индивидуальной	1
во многих	1
подходе может	1
точному психологическому	1
имеет первостепенное	1
подчеркиваем переживание	1
уже давно	1
системе какова	1
разные классы	1
на классификацию	1
действительности новейший	1
смысле системы	1
общества существует	1
идеологического оформления	1
речи лексикологические	1
индивидуального произвола	1
от пут	1
образ данной	1
разбираемые в	1
высказывании как	1
язык действительно	1
каким бы	1
мельчайшие сдвиги	1
результате чего	1
вечно текущий	1
идеологии на	1
социологической точки	1
более широкий	1
марксизмом философии	1
них нет	1
вызвал бы	1
материализованной в	1
значения со	1
приобрел междуиндивидуальное	1
знаками само	1
фактом понятым	1
диалога нет	1
речью langage	1
это своеобразие	1
ряд так	1
множественное число	1
является истинным	1
бытием превращается	1
– непосредственное	1
специфическим особенностям	1
стать похвалою	1
становясь идеологией	1
россии настолько	1
знаком превращаясь	1
явления речи	1
двух разных	1
система норм?	1
неразложимы на	1
следующее в	1
научный характер	1
феномен поддается	1
является данному	1
так хлеб	1
люди действительно	1
значение стать	1
своей прямой	1
общения чем	1
антипсихологизм особенность	1
позитивизма снова	1
этих конкретных	1
то очевидно	1
сознания эта	1
се объективного	1
есть история	1
– участвующих	1
он порождает	1
должно опираться	1
тоже –	1
особенности звука	1
следующим образом	1
что содержание	1
системою языковых	1
ведется вне	1
примате то	1
конкретную жизнь	1
является диаметрально	1
знания идеологическое	1
социальная закономерность	1
вхождения действительности	1
конце а	1
некие целые	1
становления для	1
понятие коллективная	1
среду они	1
embed coreldraw.graphic	1
практической установкой	1
ними можно	1
разрешена до	1
системы чем	1
и заключенные	1
историка языка	1
перед физиологическим	1
произвольных знаков	1
могучего расцвета	1
но всегда	1
т.е классовой	1
отсюда психика	1
есть прежде	1
расположена между	1
притом так	1
творчество –	1
человеком на	1
этом даже	1
областях науки	1
идеализм и	1
внутри нее	1
романа ни	1
показателем социальных	1
же социально-экономического	1
значением слова	1
осмысленно-идеологические корни	1
мы взглянем	1
борьбы классов	1
коллективной работы	1
или логики	1
творчества по-своему	1
наук или	1
того самый	1
всемирно-исторических масштабах	1
и зафиксировать	1
речь впереди	1
останавливаться на	1
звукового восприятия	1
известная доля	1
форм целых	1
др по	1
того не	1
назвать индивидуалистическим	1
его произнесения	1
и неповторим	1
вместо ich	1
и вещей	1
здесь построение	1
тончайшие и	1
мысль лингвистическая	1
направлений не	1
лингвистические законы	1
– реальна?	1
повсюду неразрешимость	1
своим социально-историческим	1
нет знака	1
громадный предварительный	1
наметить его	1
только может	1
внутреннего знака?	1
для лингвиста	1
чрезвычайно мельчают	1
называть ту	1
языке слово	1
сознаниями соединяя	1
ложным коррелятом	1
придать художественную	1
строй определяют	1
связи индивидуальные	1
действительности всякое	1
их точки	1
– нет	1
а между	1
формуле здесь	1
можно найти	1
как систему	1
parole язык	1
непререкаемая норма	1
к какому-то	1
почве идеи	1
действительности или	1
своею внутренней	1
ведь значение	1
этим специфическим	1
какого-либо вне-телесного	1
соблазны поверхностного	1
оценивающих идеологических	1
чистым отношением	1
идеологических структур	1
не должна	1
мы увидим	1
социальной среды	1
это или	1
сознания какая	1
не зависит	1
предметов доступных	1
идеей действительно	1
процесс природы	1
какой же	1
ни глубоки	1
в социально-экономической	1
нашего знания	1
т.п общественная	1
вполне объективна	1
поэтому-то он	1
регистрирует язык	1
для нашего	1
биологического субъекта	1
бытия данной	1
позитивистической боязни	1
число первого	1
доля правды	1
логика языка	1
определением только	1
и дополняют	1
орудие как	1
направления абстрактный	1
– принадлежит	1
очерк истории	1
усвоено т.е	1
природной среде	1
даже самый	1
форма важна	1
звук производимый	1
природы в	1
переходом на	1
индивидуальных мыслей	1
психическому монологу	1
was или	1
примыкает к	1
моего биологического	1
представители естественнонаучного	1
процессах понимания	1
неизвестно как	1
звук как	1
или живописный	1
тождественные формы	1
момента выразительности	1
помощью познавательной	1
с действительно	1
ситуации не	1
вопросы философско-лингвистической	1
существенно от	1
же изучает	1
положительные достижения	1
математических знаков	1
форме в	1
сопровождается аккомпанементом	1
абстракции ведь	1
мотивы не	1
слове пусть	1
всякое социальное	1
другую в	1
в.гумбольдту корни	1
пониманием и	1
всякому субъективному	1
как устойчивый	1
границе лингвистики	1
любая вещь	1
сближении задает	1
до наших	1
сознания ничего	1
художественную завершенность	1
– они	1
к осмысленному	1
глубоки методологические	1
правильном понимании	1
в кавычках	1
таков modus	1
математических и	1
ответную реплику	1
необходимый ингредиент	1
системой математических	1
дерево земля	1
организмом –	1
идеологического внутреннего	1
приходит новая	1
его социально	1
требуется глубокий	1
акту все	1
же по	1
действительность или	1
психической действительности	1
или меньшей	1
формой высказывания	1
взятое в	1
отношения как	1
всего та	1
идеологии территория	1
еще области	1
единства идеологических	1
психики более	1
от ориентации	1
нее слово	1
младограмматическая идея	1
нашем-то случае	1
и идеологию	1
о дной	1
в изложении	1
идеология же	1
трагедию эту	1
языка почти	1
фонетической как	1
диалектического процесса	1
самым основам	1
материализацией этого	1
такое слово?	1
знаем является	1
этого привело	1
сплошная и	1
же необходимо	1
закономерности разные	1
гуссерля главного	1
еще невозможна	1
формы допустим	1
кaк она	1
определяется не	1
помощью психики	1
словесному но	1
жив язык	1
при анализе	1
наукой об	1
конкретных вопросов	1
допускает преднамеренности	1
необходимых и	1
миром как	1
де соссюра	1
взаимопоглощения между	1
говорить следовательно	1
бинома ньютона	1
тяжести для	1
самонаблюдение освещает	1
организация общения	1
эффекты т.е	1
тот или	1
таковой лишь	1
сторона формы	1
когда работал	1
психология 	1
т.е наук	1
противопоставляется соссюром	1
шарль балли	1
становясь психикой	1
помимо этого	1
понимаемым внутренним	1
природы его	1
мысль не	1
например съев	1
моментом жизни	1
где-то внутри	1
warеn ich	1
взаимодействия и	1
знак отражает	1
правомерна и	1
вся эта	1
слова знаковое	1
качества действительности	1
а законы	1
и законченном	1
неизменной непререкаемой	1
такова система	1
руками нечего	1
индивидуально в	1
например npoблeмы	1
такого рода	1
ведь объектом	1
стадии внешнего	1
всякое выражение	1
закономерность господствующая	1
принадлежит не	1
знаменателю все	1
присущим ей	1
целое подчиненное	1
на основе	1
своя группа	1
явления так	1
ситуацией? кaк	1
психологии остается	1
не существующими	1
уклоном находятся	1
приводит и	1
себе тема	1
массою иных	1
их является	1
бы только	1
задач науки	1
диалога мы	1
феноменом языка	1
war совершается	1
оно само	1
лингвиста имеет	1
а все	1
общения лучше	1
знака определяемой	1
и неповторимо	1
филологического понимания	1
остановимся несколько	1
от наблюдения	1
опыта необходимо	1
и языкового	1
своего предела	1
ошибки по	1
корни направления	1
или формулы	1
неприменимые здесь	1
действительным существом	1
принципиальной и	1
дает никаких	1
звену и	1
различимы лишь	1
в мимике	1
и быть	1
и поддается	1
часть организованного	1
сказать в	1
предварительный фактический	1
понимании своих	1
идеологического понимания	1
замещаемой представляемой	1
неготовая мысль	1
сформулированные нами	1
науки как	1
всякая система	1
резкую но	1
центр тяжести	1
помощью обычного	1
индивидуально-неповторимое осуществление	1
знаки также	1
в выше	1
сознательном идеологическом	1
высказываний связаны	1
ни физиология	1
отражением тенью	1
а и	1
значение проблемы	1
не та	1
поэтому-то задачи	1
resp философия	1
современность и	1
всякое значение	1
своей поглощенности	1
страницах романа	1
при второй	1
вещь и	1
у штейнталя	1
достойной этого	1
химическая техника	1
наших дней	1
формы нормативной	1
полное отвлечение	1
говорящих индивидов	1
ли понял	1
какого-нибудь мыслительного	1
суживается по	1
существует таким	1
при таком	1
направления прослеживать	1
работал цезарь	1
предела этот	1
логика повторения	1
самой лингвистике	1
находится между	1
вне-пространства духе	1
психики проблема	1
движений вовсе	1
каком же	1
рассуждениях большинства	1
рефлекса и	1
не выражена	1
ее значение	1
фонетическим обликом	1
объективного отношения	1
под языковою	1
образующие неподвижную	1
как знаковый	1
формы слово	1
действительного диалектического	1
является деятельностью	1
задел как-то	1
условиями же	1
и изучает	1
например перепутал	1
способов всецело	1
двух сторон	1
преломлениями и	1
так между	1
идеологических продуктах	1
общества идущий	1
форм такая	1
между головой	1
границы есть	1
индивидуальный химический	1
– лишний	1
наполняющих знаки	1
явлений в	1
намеченные нами	1
та лингвистическая	1
уйти из	1
индивидов а	1
подробном анализе	1
в картезианскую	1
явления картины	1
нам его	1
ориентации полное	1
обязанности и	1
правильность справедливость	1
школу фосслера	1
совокупность фактов	1
от субъективного	1
изменяется становится	1
высказывания короткая	1
и лексических	1
интересуют не	1
других совершенно	1
является как	1
значительной степени	1
но этого	1
и определяют	1
сознание идеалистическая	1
общения ибо	1
идеологическим наполнением	1
всякий иной	1
выработанные лингвистикой	1
как проблема	1
философией языка	1
а индивидуальный	1
помощью другого	1
взаиморазграничения психики	1
физиологическим и	1
пор мы	1
эстетики гуманитарных	1
областям идеологического	1
крови однако	1
формы к	1
индивидуализация этой	1
не социологической	1
в конкретизации	1
со своей	1
словами объектом	1
работы –	1
пока оставляем	1
легкая при	1
положительный специальный	1
перестает быть	1
творчества ложно	1
речи langage	1
поставить знак	1
spitzer lorck	1
достигает тогда	1
присуща воззрениям	1
является по	1
превращается для	1
бы достаточна	1
всякое без	1
wir warеn	1
гумбольдтовских идей	1
подойти с	1
самонаблюдения мы	1
речевой способности	1
систематические отношения	1
этом она	1
психического единства	1
развития данного	1
классовой борьбой	1
популярна в	1
всего самые	1
и рефлексологическая	1
природною особью	1
над ни	1
положении по-видимому	1
– чистейший	1
результате диалектической	1
последние формы	1
вместо желанного	1
– еще	1
проникал в	1
различения и	1
явлениями сколько	1
умеет найти	1
норм языка	1
индивидуальностью и	1
основе рациональных	1
психологизма и	1
эпохи просвещения	1
членов данного	1
и коллективной	1
ею правит	1
знаков взятой	1
мысли организующий	1
результате мы	1
под влиянием	1
прав отказываясь	1
начала принадлежит	1
посредством которых	1
этой главе	1
волюнтаристической основе	1
не психику	1
идеологическая действительность	1
сложившиеся идеологические	1
из их	1
разработке на	1
случае приближены	1
него всей	1
характер и	1
психик отдельных	1
словом это	1
упоминать в	1
особом социальном	1
конечно эти	1
рамки индивидуального	1
грамматических формах	1
время первое	1
словесный подход	1
которая правит	1
появлением лишнего	1
успели перейти	1
слова лошадь	1
как исходного	1
рациональный содержательный	1
лишь функция	1
психологизме вундта	1
под его	1
ни художественной	1
эстетическим феноменом	1
языка-речи два	1
новому знаку	1
то на	1
других областях	1
массе в	1
 embed	1
стать мотивом	1
идеологии дна	1
совпадает со	1
мы всюду	1
отнесение данного	1
превращают науку	1
принятой логики	1
среди стольких	1
исследований вышедших	1
меньшей зависимости	1
их чисто	1
совершается переход	1
языковым актом	1
поняв скажем	1
конечно различимы	1
– система	1
нашли еще	1
следует еще	1
выводить сознание	1
от разрешения	1
этого момента	1
решений выдвигаемых	1
методологическим событием	1
и упрочиться	1
значение являющееся	1
деятельности основная	1
таков лишь	1
как формы	1
перед марксизмом	1
и принципиальных	1
слова всецело	1
аппарата индивид	1
на историю	1
марксизма еще	1
может улавливать	1
только омертвевшим	1
не другая	1
данной речевой	1
социально от	1
надстроек в	1
языке то	1
констелляции их	1
знак т.е	1
обладающее своей	1
природная в	1
явлений эта	1
каузально порождают	1
в единую	1
века или	1
еще в	1
основоположений первого	1
биологического места	1
взаимодействие взятая	1
сознание становится	1
быть объективным	1
значение и	1
психофизиологических реакций	1
утрачивая своей	1
был документ	1
группы до	1
социально значимым	1
идей вильгельма	1
ему приходит	1
мысли постановка	1
его конкретная	1
случайно подчеркнем	1
объективно –	1
провести внутри	1
ее внеисторическом	1
конкретным проблемам	1
можно воспринять	1
и глубины	1
о чем	1
и проблемы	1
в сознание	1
внутреннему контексту	1
красиво безобразно	1
примат психологии	1
социальных интересов	1
на них	1
осуществляться на	1
понятие обладающее	1
нести любую	1
дильтей идея	1
психофизических процесса	1
надстройках при	1
вдумчивым и	1
являются некие	1
стать действительным	1
взаимодействия изменяются	1
вовсе бы	1
понимание знака	1
– абстрактным	1
недавно позиции	1
к более	1
религиозными символами	1
содержаний своего	1
компетенцию физики	1
широты в	1
идея истина	1
каждое высказывание	1
но ведь	1
которое он	1
материальный и	1
масштабом для	1
но источником	1
в осуществлении	1
собою никаких	1
этот дуалистический	1
сказ стилизация	1
отношение ничего	1
и неготовая	1
мог быть	1
эти нормы	1
будем касаться	1
философско-лингвистической ориентации	1
явлениям в	1
эта продуктивность	1
сфере это	1
речь обоснования	1
и мотивов	1
прибавим физиологический	1
дифференцирует переживание	1
точнее стоя	1
историк и	1
мыслительного процесса	1
ведь менее	1
социальном здании	1
как существует	1
каждой области	1
творчества и	1
как найти	1
и истолковано	1
элемент действительности	1
неразрешенной отсутствие	1
разрывов нигде	1
имеют ничего	1
отчетливое определение	1
концепция языка	1
представить себе	1
мы его	1
тождественности нет	1
соссюр? предоставим	1
которые общи	1
языковых себетождественных	1
реликвии это	1
в каком-либо	1
нигде этот	1
других –	1
лишь на	1
же созданном	1
и бытием	1
удовлетворить всем	1
лингвистического позитивизма	1
их обязательности	1
вызывают к	1
литературоведение благодаря	1
преодолеть с	1
из над	1
знак имеет	1
– может	1
перепутал показатели	1
переставая быть	1
уже не	1
определенным углом	1
словесно-оформленного сознания	1
таинстве причащения	1
область идеологии	1
ясность и	1
отсюда во-первых	1
существуют для	1
должно произойти	1
достигнуто сближение	1
знака темою	1
– остается	1
именно это	1
концепция вильгельма	1
жанров форма	1
– составляли	1
как коррелят	1
отрывать общения	1
внешнего так	1
необходимости такой	1
проблема является	1
эта система	1
виду как	1
функция в	1
нащупать реальную	1
значением оно	1
адекватным знаком	1
стороны или	1
сменяют друг	1
духе знаковая	1
жизнь данного	1
физической массе	1
неудачного мысль	1
идеализма но	1
совершим грубую	1
определением всех	1
таких умерших	1
данного понимаемого	1
невозможно требуется	1
представителей современного	1
воплощение а	1
всего идеологического	1
области знаков	1
трудовое сотрудничество	1
частных и	1
принадлежит знаковое	1
размежевание между	1
опыта? –	1
очень длинный	1
в жесте	1
индивидуально то	1
выражения таким	1
war 	1
глава третья	1
принудительность являются	1
всякое внешнее	1
вся действительность	1
с философским	1
явления во	1
не яблоко	1
для друга	1
внутри каждой	1
появилось диалектического	1
основоположника по	1
действительность а	1
нет ясности	1
идущий из	1
последняя наделяет	1
к определенному	1
опыта комментирующего	1
чисто физиологический	1
психофизиологического акта	1
маленьких речевых	1
всех высказываний	1
же закономерность	1
проблемы т.е	1
получить от	1
все намеченные	1
производства можно	1
специфичности знакового	1
индивидуальным субъективным	1
или менее	1
данной единичной	1
совокупность жизненных	1
с диахроническим	1
понимающей социально-идеологической	1
положение чрезвычайно	1
осуществления данного	1
категория механистической	1
дух народа	1
познания должна	1
назначение служить	1
материале ведь	1
которой вращаются	1
верна и	1
синтаксиса и	1
условия для	1
психологизм нет	1
направления только	1
менее совершенно	1
таков ли	1
эта для	1
правду этим	1
исключения идеологическое	1
знака par	1
всех подобных	1
анализе хотя	1
бытия как	1
не попасть	1
к уяснению	1
становления и	1
зрения пытающейся	1
захиреет выродится	1
нет конституирует	1
возникнет необходимо	1
индивид творящий	1
направлений средневековья	1
адекватно словом	1
психология может	1
же знаки	1
данная общая	1
субъективной психике?	1
лингвистики как	1
мотивов с	1
основном –	1
его темой	1
как образ	1
их следования	1
делающая неизменным	1
только частью	1
и история	1
стадии внутреннего	1
и может	1
не приблизимся	1
которые отнюдь	1
после позитивистической	1
жизни эта	1
прямой речи	1
быть воспроизведено	1
тождественная фонема	1
свободной стилистической	1
борьбой класс	1
как сегодняшнюю	1
существует неразрывное	1
знаки возникают	1
комплекс мог	1
как последнюю	1
функция данного	1
социальную признанность	1
я съел	1
приобретает значение	1
ошибок или	1
содержание на	1
феномен то	1
в силах	1
переходом правда	1
шаблона и	1
два биологических	1
направлением стремясь	1
какой-то словесный	1
где знак	1
захватывает все	1
наоборот как	1
может приютиться	1
себя становясь	1
как трагедию	1
психику объясняет	1
направленный ум	1
переврал ее	1
построение в.дильтея	1
никакой внутренней	1
– осмысленное	1
стирается отчетливая	1
пор понимают	1
мы увидели	1
как биолога	1
сил так	1
это та	1
направлениями совершают	1
системы? проблема	1
формах имеет	1
идти и	1
предметно-материальному комплексу	1
корни уходят	1
явлений легче	1
обусловленных случайными	1
его вообще	1
знаком продукты	1
далее к	1
синтаксического шаблона	1
новое время	1
социологическим пониманием	1
внутренней закономерностью	1
из идеологии	1
о морали	1
к ясному	1
их-то и	1
антитезисами соответствующих	1
лингвистах и	1
стали говорить	1
от материальной	1
он определяется	1
время все	1
и объемлющий	1
оформления тема	1
действительности им	1
вкрадывается буквально	1
готовой и	1
– непосредственная	1
ответ является	1
ни один	1
общей и	1
совершенно несущественны	1
другой совершается	1
свое яркое	1
творчества является	1
объяснению с	1
является эстетическим	1
внутреннего опыта	1
психологизм с	1
выражена в	1
общающихся индивидов	1
– явление	1
духа рационализма	1
которых слагается	1
факт сознания	1
знаками между	1
кругозором данной	1
к иерархической	1
концов сознание	1
непререкаемой системой	1
лежит в	1
втором случае	1
и течения	1
в инертную	1
– побочно	1
преломлено в	1
нее не	1
говоря иными	1
пролегающей как	1
форма была	1
здесь лишь	1
напряженной социальной	1
объяснении идеологических	1
психофизического аппарата	1
изображение двух	1
самого самонаблюдения	1
взаимодействия общественная	1
языка отлагающееся	1
становления акцентуировать	1
при самонаблюдении	1
своих связей	1
во время	1
первый момент	1
переживание и	1
ее выражение	1
снова достигло	1
и бытия	1
том где	1
ярко иллюстрируется	1
штейнталя индивидуальная	1
знак к	1
мы дадим	1
начисто выключенным	1
конкретном высказывании	1
она могла	1
других высказываний	1
для выделения	1
ему самому	1
образом сплетены	1
которого история	1
собой и	1
его найти?	1
общеидеологические формы	1
принадлежит субъективной	1
неприемлем прежде	1
обосновывалась и	1
единицею внутренней	1
зрения аналогичен	1
игнорируется в	1
какой форме	1
субъекта ведь	1
мало слово	1
таких которые	1
лишь абстракцией	1
причем эта	1
видим все	1
и отчетливость	1
более или	1
становится вполне	1
но нигде	1
лишь художественный	1
мыслителям как	1
собственно только	1
методологическим требованием	1
важны не	1
имеются в	1
знаком слову	1
его функцию	1
действительности кроме	1
физиологический акт	1
случайными с	1
не укрепленная	1
даже из	1
положениями первого	1
направлением очень	1
вещь нельзя	1
дает себя	1
становящегося бытия	1
между формами	1
с ними	1
абстрактной связи	1
нижнему –	1
и тончайший	1
факторами определяющими	1
знаками –	1
высказывания так	1
его причастность	1
смысл всякое	1
природной единичной	1
философских направлений	1
никакой математической	1
нем что	1
соответствует своя	1
не имеющее	1
как от	1
самонаблюдением и	1
этот ключ	1
как только	1
случае самонаблюдение	1
внутренняя психика	1
размежевание психологии	1
чтобы понять	1
xv века	1
моментов тесно	1
граница между	1
обостренное осознание	1
проблемы психического	1
и принадлежит	1
обычного объективного	1
психологизмом упускается	1
хочет и	1
какая языковая	1
есть его	1
творчества вырастают	1
и многим	1
склонны утверждать	1
языка наконец	1
значения заключение	1
ими социально-политический	1
ней трудности	1
изменилось таким	1
для которого	1
социальных знаков	1
пытающейся взглянуть	1
широком смысле	1
речевого факта	1
было индивидуально-творческих	1
реальное единство	1
читатель усматривает	1
совершенно независимой	1
языковую систему	1
др о	1
предварительно наметить	1
не поддаются	1
основополагающим объектом	1
сооружения или	1
можем допустить	1
в особенности	1
способных быть	1
погашению переживания	1
бинома конечно	1
методам самонаблюдения	1
случае необходимо	1
целых школ	1
для своей	1
потому в	1
ее содержания	1
языке перемещается	1
нельзя передать	1
получим два	1
случае –	1
сознание его	1
лингвистике после	1
зачатков знакового	1
отношениями и	1
внешними знаками	1
речи или	1
еще никем	1
трудная задача	1
мышления первый	1
втискивается в	1
эта сплошная	1
дух марксизма	1
найдем отчетливого	1
бытия классовая	1
– выражение	1
одною из	1
сделать идеологическим	1
является кроме	1
момента и	1
в нервной	1
данное переживание	1
теперь провести	1
трансцендентальные или	1
форм которая	1
как синхронической	1
элементами романа	1
между собою	1
– социальное	1
стало знаковым	1
системе непререкаемых	1
знак таковы	1
понято и	1
постановке научных	1
марксизма –	1
среды первая	1
становится или	1
своей продуктивной	1
предшествующей главе	1
обладают только	1
одинаково необходимы	1
оформление станет	1
сколько связи	1
почти без	1
ощущается и	1
для идеологии	1
этой исключительною	1
который до	1
понимания что	1
в недрах	1
случаев ведется	1
не должен	1
различий в	1
звук языка	1
этом сближении	1
следует сказать	1
– говорящего	1
конструируемый лингвистикой	1
все может	1
может еще	1
полна историческая	1
ведь знаки	1
пришел к	1
– социальная	1
были ограничиться	1
время исключительную	1
из насущнейших	1
не подвергнув	1
связи иного	1
при участии	1
научное определение	1
современную философско-лингвистическую	1
выросла на	1
романе лежит	1
наоборот оно	1
данных людей	1
всецело растворяется	1
специфические языковые	1
принципиальной границы	1
акте –	1
жизненные и	1
акта –	1
факт –	1
которая присуща	1
установление связи	1
в тождественности	1
борьбу социальных	1
субъективизма и	1
антипсихологистический поворот	1
материале условимся	1
его законах	1
постарались придать	1
служить основою	1
рожденные на	1
только не	1
психологии проблема	1
есть такие	1
слово? дело	1
влияния на	1
становление или	1
резкий антипсихологистический	1
личность утилизирует	1
а господствуют	1
связали их	1
почву языка	1
одной стороны	1
образом базис	1
сознание вообще	1
в сложившейся	1
служит лишь	1
для этого	1
становятся как	1
быть выражено	1
иного объекта	1
языковой жизни	1
зрения основоположений	1
придется неоднократно	1
остальное в	1
почве материалистического	1
есть физиологические	1
акты говорения	1
не физическая	1
короткая деловая	1
наоборот правда	1
отрицательно субъективное	1
знаковым коллективом	1
место философии	1
него о	1
степени уясниться	1
языка говорящим	1
и тем	1
т.е чтобы	1
полному погашению	1
упирается именно	1
сможет понять	1
философ и	1
среду чтобы	1
коллектива следует	1
возможны и	1
быть обособлено	1
или наук	1
т.е определением	1
вундт так	1
стоя над	1
язык являлся	1
равно как	1
естественный строй	1
путаница во	1
же колыбели	1
здесь на	1
только такая	1
эпохи социальных	1
все покинутые	1
слова в	1
того в	1
самонаблюдения ни	1
коллектива индивидуальное	1
между самыми	1
все согласны	1
один реальный	1
индивидуально-творческий акт	1
не понимают	1
выразить для	1
неправильно причем	1
приложимы критерии	1
сферами различных	1
– логика	1
данности языковых	1
данной формулы	1
литературе важнейшим	1
манера осознавать	1
и законченной	1
художественного образа	1
имеющее форма	1
и принять	1
знаков воспринять	1
дальше он	1
было значащем	1
лишь проведение	1
с wir	1
и служит	1
ему первое	1
понятие этическая	1
направление значительно	1
акценты знак	1
характер значения	1
знакового и	1
духе всего	1
утилизирует систему	1
сознание сознание	1
без внутреннего	1
к(к действительное	1
о какой	1
то оно	1
переживания оно	1
– содержание	1
самому –	1
системы слово	1
который мог	1
системы соссюр	1
сознание слагается	1
франции минуя	1
математически направленный	1
образуют между	1
современности ибо	1
фосслер –	1
пишущего свои	1
знака вполне	1
применения категорий	1
сознание питается	1
можно поставить	1
избежание недоразумений	1
систематического места	1
думаем –	1
пародия –	1
она получает	1
норма второй	1
ними так	1
условиями их	1
объективная действительность	1
идеология снимает	1
то функциональная	1
почве на	1
идеологической сферы	1
диалектическое противоречие	1
механизм позволяющий	1
крупнейшими лингвистами	1
каждая грамматическая	1
всякое волевое	1
общности мотивов	1
и сеше	1
речи может	1
в соответствующей	1
темы речевых	1
подлинного перехода	1
его находящуюся	1
форм но	1
во-вторых –	1
школ –	1
рационалистов идеалом	1
направления философии	1
дает язык	1
психики совершаются	1
руководиться основным	1
ровно не	1
синхронический феномен	1
принцип функциональной	1
поддаются полному	1
а просто	1
история –	1
организованными индивидами	1
общению его	1
те новые	1
говорящей личности	1
совершенно особое	1
буржуазного мышления	1
ее последователей	1
анализом основных	1
запросам миросозерцания	1
виду одно	1
действительность социальных	1
отзвучий всякое	1
положения второго	1
накопляются те	1
внутренняя форма	1
акт воли	1
очевидно переживание	1
интересует математически	1
проблема психологии	1
всех перечисленных	1
все разобранные	1
принадлежит природе	1
вещь а	1
одним и	1
все производимые	1
под определяющим	1
необходимы и	1
найти только	1
базиса одинаково	1
итоги проблема	1
идея условности	1
от лингвистического	1
продуктом коллективного	1
в этой	1
специфическую социальную	1
выучки избавляющих	1
языком совершаемой	1
социально-экономической области	1
психофизиологических субъектах	1
разговоры обмен	1
как ни	1
и типами	1
существования данной	1
дано на	1
язык речь	1
психология народов	1
нет внешнего	1
говорящего? или	1
объективизма насколько	1
направлениях к	1
речь могла	1
истолкование психической	1
не делает	1
целые несколько	1
предыдущей главе	1
оно было	1
осмысленному часто	1
которая одна	1
психики идея	1
всех этих	1
в материальных	1
формулы крови	1
марксистского мировоззрения	1
мысли являются	1
слово словом	1
работы более	1
предварительном материале	1
метода в	1
непрерывным становлением	1
бы психику	1
алогикой т.е	1
же во	1
душе самонаблюдение	1
становления отразился	1
в каждую	1
полное взаимопонимание	1
другим уже	1
продуктивность ее	1
наконец вся	1
и антипсихологизма	1
примат точки	1
жизненно идеологического	1
пределу индивид	1
речь не	1
начинает спадать	1
недрах этой	1
областям будучи	1
прямой действительности	1
психологии однако	1
помимо знака	1
при разрешении	1
очень значительные	1
явления языка	1
такой фигурой	1
присуща языку	1
психологии каковым	1
одному языковому	1
истории языка	1
проведение основных	1
знак от	1
каждый ее	1
такое движется	1
лишь условным	1
в постановке	1
не рассчитан	1
открытым но	1
форм независим	1
знака подчеркиваем	1
сколько-нибудь законченном	1
ней как	1
красота» вполне	1
в подходе	1
героя вообще	1
качественную разность	1
свои творения	1
грамматика фонетика	1
социальной идеологической	1
может учитывать	1
т.е о	1
в воздушную	1
и искажающей	1
к двум	1
чуть ли	1
знаке для	1
категории все	1
только шлаками	1
углубляться в	1
вытекающими из	1
лишь гипостазированием	1
каким было	1
случайными преломлениями	1
духа т.е	1
и социально-политическим	1
взаимоотношения и	1
языка поэтому	1
нем такое	1
которых каким-то	1
критики второго	1
основоположников –	1
физическое бытие	1
которую психика	1
смысле всех	1
отчетливости своего	1
знаку внутри	1
филологическому анализу	1
выключенным из	1
только техническое	1
из различения	1
сознательная психика	1
словами их	1
идеологической системы	1
истолкованный психический	1
средой поэтому-то	1
воспринять его	1
как словесное	1
отрывать идеологию	1
речь принадлежит	1
проблем должны	1
изучает лишь	1
langage в	1
рационалистов другими	1
как готовый	1
принадлежал вошел	1
абстрактного объективизма?	1
балли bally	1
единой и	1
дильтея оказались	1
локализованы именно	1
понимания а	1
не ставился	1
в романистику	1
проникают и	1
между понятием	1
характеристике взглядов	1
только благодаря	1
она правда	1
на предмет	1
механического материализма	1
организованного коллектива	1
между которыми	1
ситуации выразим	1
нами направления	1
значение например	1
этих представителей	1
марксистов переходным	1
почве этого	1
не проникал	1
совершенно правомерна	1
единичной данности	1
и противоречащим	1
сделать из	1
обусловливающего аналогию	1
и влиятельна	1
менее чем	1
взглядов соссюра	1
– осуществленное	1
полнее всего	1
социален как	1
действительно объективно	1
обычно мыслится	1
или говоря	1
sprache als	1
смысл данного	1
переходные тончайшие	1
обнаруживаться сверху	1
самонаблюдение единство	1
идет именно	1
т.п вне	1
как социальной	1
части поэтому	1
предметного содержания	1
объекта изучения	1
эпоху например	1
аналогию которой	1
конкретному высказыванию	1
считаться классическими	1
части своих	1
в мир	1
представителя и	1
культурной ценности	1
лейбница в	1
весь остальной	1
рассматривает как	1
антипсихологизма начинает	1
выражением отношения	1
голому физиологизму	1
значение в	1
так думается	1
нет реального	1
социальной существенности	1
но род	1
хозяйство пошатнулось	1
должна изучать	1
связывают одну	1
из индивидуально-творческого	1
принципиальности в	1
помощью метафизически	1
соответствующей идеологической	1
– мы	1
нечего осязать	1
во всякой	1
как человек	1
магистралей все	1
истолковано то	1
основное ядро	1
радуга именно	1
с громадным	1
лишен души	1
до основных	1
невыраженного внутреннего	1
является совершенно	1
образом выразительный	1
пониманиями слова	1
композитна гетерогенна	1
выросла и	1
будучи одновременно	1
явлений кроме	1
каждый реальный	1
без места	1
организме может	1
развитых высказываний	1
до философского	1
диалогического нанизывания	1
знаков слово	1
свою историю	1
место quaternio	1
самом естествознании	1
самой области	1
идеологии в	1
факта проникают	1
труда философско-лингвистической	1
образом темы	1
принадлежит компетенции	1
как то	1
членам одной	1
говорения обусловленных	1
само по	1
каждое словесное	1
специальному вопросу	1
внутренних субъективных	1
на единой	1
положение и	1
от этой	1
мысли находятся	1
правды присуща	1
взаимно необходимых	1
фосслера таких	1
знака внешний	1
объективно неразложимых	1
всего –	1
разрешению прежде	1
– экстерриториальна	1
того ценностного	1
мышлении психолог	1
есть осмысленная	1
только принять	1
к субъекту	1
эти социальные	1
parole отличая	1
где переживание	1
остаются и	1
в грамматических	1
с одной	1
его учеников	1
одному реальному	1
теории плеханова	1
не появилось	1
и своих	1
– скрещением	1
эти противоречия	1
для мейе	1
модификации прямой	1
и механику	1
обладая гибким	1
как идеологическое	1
время рядом	1
социального является	1
т.е переживания	1
невозможна необходим	1
происходят медленные	1
жесте и	1
отношении действительность	1
как социальное	1
здесь внутренний	1
объект идеологического	1
как идеализмом	1
дифференцироваться закрепляться	1
междуиндивидуален животный	1
акцентов слово	1
вещей нуждается	1
стройную систему	1
ответственная за	1
телесное движение	1
пор по	1
следовательно только	1
духе как	1
зрения к	1
проблема индивидуального	1
это тоже	1
каждого индивида	1
и фрейбургской	1
слышать язык	1
функционалистами лишь	1
общения познавательного	1
знакомом материале	1
философии и	1
процесс подлинного	1
опирается наоборот	1
к чисто	1
классифицирующий характер	1
современного неокантианства	1
основным методологическим	1
 объективен	1
деятельностью говорящей	1
этом дильтей	1
очень далек	1
и ограниченный	1
ли не	1
дать отчетливое	1
идеализме лишь	1
общения организмов	1
осуществляется этот	1
последователей –	1
технического уровня	1
объективном продукте	1
грамматикой большинство	1
ней системе	1
развиться только	1
– композитна	1
недаром внутренняя	1
что социально	1
пытается сделать	1
особое отношение	1
реальна лежащая	1
из материального	1
только результатом	1
мейе язык	1
выражении раr	1
важнейших литературных	1
но наоборот	1
звук всецело	1
движений из	1
психолог не	1
значения и	1
эти случаи	1
речевыми актами	1
и пониманием	1
самым значительным	1
пр –	1
членами данного	1
определения знака	1
вышедших из	1
наличен понимание	1
индивидуальному высказывание	1
внутрисловесная манера	1
образ чего-нибудь	1
мы лишим	1
данном контексте	1
мог иметь	1
разработки всех	1
все разбираемые	1
речь многообразна	1
разделе экспозицию	1
объясняется из	1
будет признано	1
литературе в	1
то для	1
строжайшей границы	1
которым должна	1
приобщенной социальному	1
орудия производства	1
произносительным физиологическим	1
сочетаться с	1
вошел в	1
действительности такая	1
преломления должно	1
обликом слова	1
жизни вот	1
манера словесного	1
с коллективом	1
– сознанием	1
реальности обладают	1
от идей	1
психологии между	1
протягивается между	1
чутким показателем	1
слова являющейся	1
главе особенности	1
индивиду в	1
идеологически разукрасить	1
или служит	1
соответствия диалогического	1
наоборот мы	1
выражения поэтому	1
провести все	1
внешнем идеологическом	1
для выражения	1
психике осуществляется	1
психология познания	1
иная закономерность	1
в физическую	1
заменен словом	1
большая методологическая	1
высказывание напротив	1
и единое	1
– ворчливее	1
– принять	1
его индивидуальностью	1
массовым и	1
господствует внутри	1
что примат	1
тщетно пытается	1
необходимо выделить	1
слова мы	1
они сошлись	1
при последовательном	1
формы внутренней	1
проникают друг	1
из следующих	1
себе значение	1
лежащему на	1
осуществляющийся в	1
сознаниями и	1
эта территория	1
формулы конечно	1
не способных	1
и искажающая	1
принятой и	1
внутрь совершающуюся	1
с определенной	1
разрыв он	1
конце предыдущей	1
выражению совершается	1
объективизма переходим	1
разработан так	1
мере своего	1
отчетливее выразить	1
основе правда	1
идеологическим явлениям	1
абстракцией полученной	1
быть выражены	1
ориентации возьмем	1
но весь	1
исключения языковых	1
которой происходят	1
тем между	1
факт до	1
речевого вообще	1
что материалом	1
который как	1
осуществленное на	1
затем войти	1
несущественны существенна	1
гипостазированием абстрактной	1
психологию должно	1
последовательно стараются	1
от предшествующего	1
знак вплетен	1
нужно искать	1
в исследование	1
плеханову наиболее	1
выдвинуть слово	1
знаку противостоит	1
индивид не	1
остается в	1
и внутреннего	1
по ту	1
еще неясная	1
необходим громадный	1
изменчивость языковых	1
затронутым целый	1
и противоречивее	1
индивиды ich	1
специфическим условиям	1
war рядом	1
некоторого объективного	1
выражения совершается	1
а по	1
ведь сущность	1
влечет за	1
и темы	1
и получили	1
знает и	1
артикуляция внутренняя	1
обязательности различна	1
становится ареною	1
превратилась бы	1
xv–xvi вв	1
отдельных предметных	1
индивидуальности своего	1
значение имеет	1
функции быть	1
религии сводятся	1
последнее время	1
с орудием	1
о формах	1
надстройки а	1
физиолога такая	1
и осмыслен	1
сознания говорящих	1
новую формулу	1
мгновения его	1
варьирование языковых	1
претендует слышать	1
весь прагматический	1
разные факторы	1
научных дисциплин	1
маленьких масштабах	1
различия здесь	1
младограмматики на	1
какой-либо мысли	1
акцент как	1
эти корни	1
которые этот	1
текущий поток	1
проблемы анализа	1
способность стать	1
зафиксировать в	1
проблем и	1
новейшее время	1
ни были	1
бытии уходя	1
сводимую ни	1
последователей как	1
способно фиксировать	1
пушкина еще	1
мы были	1
пути ее	1
чужого иноязычного	1
общения –	1
освобождается от	1
высказывания характерная	1
соссюр –	1
психика в	1
ценность поэтому-то	1
является построение	1
специализован по	1
предоставим слово	1
вклада в	1
ни связи	1
в едином	1
внешних до	1
это дерево	1
речевой стихией	1
возникнуть лишь	1
загнать внутрь	1
речь langage	1
﻿основные проблемы	1
всюду самонаблюдение	1
зиммелевского анализа	1
к одной	1
бы основных	1
того будучи	1
вот эта-то	1
ввиду его	1
но конечно	1
мы видим	1
естественнонаучного мышления	1
в небольшой	1
не вошли	1
к специфическим	1
труда ответственного	1
прослеживает их	1
людей произносящих	1
физики если	1
слова индивидуальность	1
– прочно	1
языка уподобим	1
для всякого	1
была первоначально	1
только та	1
исключительная отчетливость	1
опираются на	1
какое-нибудь языковое	1
видели любая	1
переживанием это	1
правда внутренняя	1
основным линиям	1
звук субъектов	1
нигде нет	1
такое определение	1
установленная нами	1
лингвистика должна	1
входит обстоятельный	1
тоже не	1
акценты идеологических	1
грубую ошибку	1
ученик употребляющий	1
абзацы монологической	1
бы максимальное	1
более и	1
нами четырьмя	1
взаимосвязаны мы	1
общем сведена	1
истолковать как	1
жизненных жанров	1
случае психической	1
и взаимопоглощения	1
определяемая близостью	1
явлений индивидуально-творческий	1
находится под	1
повторения нормативно	1
возможно только	1
например хлеб	1
марксизма является	1
выражения самонаблюдение	1
стало массовым	1
то следовательно	1
функциональной психологии»	1
наиболее вдумчивым	1
который личность	1
химический состав	1
изменения идущего	1
к какому	1
высказываний и	1
основоположений она	1
являлся неизменной	1
изучать лингвист	1
следует здесь	1
самый необузданный	1
эти силы	1
найти ее	1
почве дать	1
объективное изображение	1
проблески жизни	1
в последующий	1
освещает внутренние	1
не несет	1
для простейшего	1
сознание не	1
проблемы речевого	1
осуществление и	1
элементами других	1
расплавлять все	1
в последующем	1
форм только	1
возможен словесный	1
и модификация	1
ответственного и	1
быть основою	1
социальными акцентами	1
покинутые им	1
законченного и	1
французской почве	1
форма бытия	1
или иную	1
от психологии	1
пределах замкнутого	1
физиолога как	1
заявить что	1
отношение другой	1
она так	1
познания система	1
актами законы	1
другой путь	1
производимые им	1
изменяются эти	1
однородных форм	1
идеологического знака	1
не породят	1
позитивизм сознание	1
факту речь	1
потому как	1
стадии до-диалектического	1
индивидуального речевого	1
или прочие	1
изменений пусть	1
социальным явлением	1
принадлежит уже	1
направления резко	1
понятным т.е	1
них найден	1
произвольна т.е	1
проблема психического	1
чтобы действительно	1
на жизненные	1
эти незаменимые	1
пр область	1
границе грамматики	1
субъекта но	1
из социальной	1
лишь ее	1
позитивно-эмпирического психологизма	1
может совершаться	1
формы напр	1
и слушающий	1
слово стало	1
психологической концепции	1
других элементов	1
ведь фактической	1
нет разрывов	1
анализу форм	1
многое получить	1
так ярко	1
биологическая бихевиористическая	1
лежит не	1
сыграли печальную	1
и если	1
нами четырех	1
в рационализме	1
содержанием следовательно	1
является для	1
она и	1
всецело определяются	1
иного рода	1
не воспринимает	1
потребительским назначением	1
она связывается	1
было орудий	1
того психику	1
движение младограмматиков	1
самого идеологического	1
знаки которые	1
langage как	1
иной производственной	1
бессмысленна между	1
и что	1
лишь следующее	1
взаимодействия между	1
исправляется и	1
взаимно дополняющих	1
непрерывность диалектического	1
языка что	1
производства также	1
случайно язык	1
кавычек с	1
реальна? никто	1
общий а	1
поэтому содержание	1
именно нормативная	1
первый путь	1
голым нарушением	1
чистый гносеологический	1
является аналогия	1
синтез психического	1
развитой дифференцированной	1
как собственник	1
внутри языковой	1
личность обычно	1
индивидуальна идеология	1
истинной сущности	1
марксистского социологического	1
аналогия –	1
школа –	1
нет принципиальной	1
неподвижная неизменность	1
предметная сторона	1
имеет поучительную	1
напр какого-нибудь	1
объективного внешнего	1
почве функциональной	1
– взаимно	1
если есть	1
освещать все	1
втором направлении	1
всем помещается	1
же ибо	1
этот знаковый	1
закончено в	1
предмет был	1
направления нужно	1
вторая язык	1
грубую аналогию	1
нет правильно	1
существует непреодолимый	1
и объединяет	1
качество не	1
этот живой	1
правит системой	1
общества имеют	1
нас интересуют	1
идеологическое обладает	1
то пытался	1
и зубов	1
как коренное	1
архитектор идеологической	1
и психические	1
новые знаки	1
всесторонняя обусловленность	1
вокруг каждого	1
глав объективная	1
объективный доступ	1
языка неба	1
принципиальных вопросов	1
друга направлений	1
внешнему выражению	1
parole являются	1
других высказываниях	1
непрерывна от	1
литературоведа бенедетто	1
находило правильного	1
минуя промежуточные	1
прямо превращается	1
широкой и	1
форм преднаходимая	1
основополагающие труды	1
о них	1
принципиальное различие	1
также и	1
второе –	1
то имеется	1
единичной не	1
отлагающееся затем	1
факте сказанного	1
неразрешимость проблемы	1
ли действительно	1
форм т.е	1
произвол при	1
всей науки	1
и само	1
является задачей	1
значимым интересным	1
если установленное	1
него как	1
это proton	1
и порождает	1
должна исследовать	1
обосновать значение	1
не исследованы	1
конкретизация некоторых	1
поскольку вообще	1
ей тон	1
объектом функциональной	1
вне организма	1
двумя сторонами	1
необходимы друг	1
отношению ко	1
просто искажениями	1
индивидуальной психикой	1
сознанию индивидов	1
идеологией ведь	1
может образоваться	1
его стиль	1
антипсихологизм прав	1
к субъективным	1
связи ни	1
осуществляет общую	1
знак который	1
момент соотносится	1
лишь там	1
отношения связывающие	1
жить ибо	1
психологии ни	1
нарушается и	1
в потоке	1
не видят	1
только тематического	1
основных тенденций	1
воли и	1
роду действительности	1
между индивидуальной	1
прагматический причинный	1
слова яблоко	1
поэтому вокруг	1
целью выразить	1
материала нет	1
общение это	1
лингвистике какие	1
неспособной удовлетворить	1
выражения своих	1
мысль строящая	1
застывшей лавой	1
и неуловимые	1
приобрести знаковое	1
познания в	1
всего нащупать	1
обсуждаются выражаются	1
границу орудие	1
индивидуальной и	1
ведь есть	1
неповторимым высказыванием	1
такова точка	1
ему принадлежит	1
знаки обтекаются	1
применимы то	1
во-вне или	1
друг для	1
языка-речи langage	1
ее и	1
печать индивидуальности	1
быть точка	1
вообще знакового	1
вещь сколько	1
зубов говорящих	1
становления нет	1
данной системы	1
условии процесс	1
строить не	1
за собою	1
познания и	1
единство ближайшего	1
слова радуга	1
и нельзя	1
оформления и	1
материал этот	1
нем продолжает	1
продукт является	1
оживляться в	1
что дворянское	1
слово слово	1
поддается единому	1
материализма это	1
экономическими переменами	1
и истолковывать	1
коллектива ведь	1
оказалось бы	1
сказать равно	1
каковое уже	1
было естественной	1
внутреннюю психику	1
же нормативную	1
неподвижная система	1
материализма и	1
последней также	1
изолированным но	1
бы построить	1
система языка?	1
целях самого	1
в точном	1
и тонкий	1
не легкая	1
почти слияние	1
расширению и	1
психика локализована	1
наконец –	1
и обеспечивают	1
физических физиологических	1
сознания с	1
жизненному речевому	1
акцентами претендующими	1
инстанцию повторяем	1
внешним знаком	1
найден общий	1
норм один	1
внешнего объективного	1
и понимающей	1
из всех	1
между психологизмом	1
в прямо	1
идеях дильтея	1
а можно	1
лишен акцента	1
гораздо труднее	1
свое место	1
переходит далее	1
какова его	1
дитрихе и	1
сознания ибо	1
понимания идеологического	1
достаточен изложенный	1
субъективизма основоположения	1
член допустим	1
же приводит	1
не те	1
миросозерцания –	1
их понимают	1
индивидуально и	1
фактов языка	1
вещь но	1
говорит соссюр	1
явилось слово	1
слово ему	1
индивид является	1
слова всеми	1
речи являются	1
объективность языка	1
нашем гербе	1
природа высказывания	1
продуктах форма	1
все принципиальные	1
широта их	1
характер в	1
действительности знака	1
требованием нельзя	1
тем проблемы	1
является социальным	1
выдвигается осмысленно-идеологический	1
породят но	1
независимо и	1
выразить во	1
слушающего отнесения	1
о сознании	1
территории идеологического	1
придал всем	1
может вести	1
и телесно-выраженным	1
проблему реальной	1
же знаков	1
искажение самой	1
концептуализме неокантианцев	1
качественно различных	1
оказались в	1
речевого акта	1
объединяет язык	1
речевой группы	1
что переживания	1
постарались дать	1
вечный характер	1
целом не	1
равнодушно к	1
нами проблемы	1
синхроническую систему	1
т.п.? большинство	1
самонаблюдения возможно	1
социален и	1
уже знаем	1
гуманитарных явлений	1
производится средствами	1
действительность переживания	1
темой существует	1
не внешнее	1
между фонетическим	1
обертонами основного	1
об идеологическом	1
продуктом лишь	1
вершина абстрактного	1
самый факт	1
показатели и	1
знака чем	1
психика есть	1
отчетливая смысловая	1
властелин вселенной	1
наш комплекс	1
социальную функцию	1
должна обнаруживаться	1
war» явление	1
всей нашей	1
лежит на	1
положения философии	1
двум разобранным	1
осуществляется с	1
поддающимися точному	1
представителей интерпретирующей	1
выражение идеи	1
замещают друг	1
а значение	1
и материальной	1
логикой его	1
ее разработке	1
процессом в	1
xviii века	1
в аналогичном	1
для каких-либо	1
совершенно непреодолим	1
изображает замещает	1
нашего века	1
гумбольдта направление	1
их в	1
там нет	1
господствуют по	1
территория как	1
психологии накопляются	1
лингвистическое чувство	1
сказанного нами	1
законченный знак	1
определяют позитивистические	1
техника архитектурного	1
коснулась рука	1
рождение темы	1
к нашему	1
является единым	1
включается в	1
человек с	1
был для	1
конечно многие	1
и реальный	1
– он	1
физическая организм	1
вводной части	1
переживаемого лингвистикой	1
психология –	1
или полуфабрикатом	1
форм внутренней	1
иррациональная стихия	1
части –	1
которая встает	1
обеспечивает единство	1
на дело	1
знаковой идеологической	1
тезисами индивидуалистического	1
строем и	1
своем чистом	1
последняя часть	1
наличность в	1
что идеологический	1
переживания не	1
иррациональна и	1
изгнание психологизма	1
социально-идеологический недоступный	1
существенных своих	1
эта идеологическая	1
к порождающему	1
менее достаточно	1
мысли до	1
ведь внутренним	1
т.е переживание	1
четырем основоположениям	1
объектом филологического	1
направления сущность	1
времени итак	1
собственного внутреннего	1
перехода от	1
и наличны	1
же идеологические	1
преднаходимая индивидуальным	1
и осуществляется	1
соответствие данной	1
составе трудно	1
отсутствие понимания	1
признанность и	1
служит выражением	1
идет для	1
любую идеологическую	1
скажем чисто	1
понятием индивидуальности	1
них в	1
законченного идеологического	1
всецело укладываются	1
каждому индивидуальному	1
историю характерно	1
направления самонаблюдения	1
предмет природы	1
привлекало внимание	1
отсюда лишний	1
всех вопросах	1
столкновения живых	1
народов слагается	1
раскрыты именно	1
бы ничтожно	1
его определяющим	1
отдельных индивидов	1
последовательном антипсихологизме	1
каузально причинно	1
которых говорящая	1
форм а	1
являющееся чистым	1
знаем по	1
индивидуально-психологические их-то	1
него только	1
существо идеологического	1
изменений которые	1
систему так	1
освободиться от	1
последние проблески	1
таковы в	1
не самонаблюдения	1
становящееся внутренним	1
время тонкий	1
взглянуть на	1
и отрыву	1
высказывания но	1
реакции те	1
века эти	1
и психологизм	1
позитивистическое понимание	1
будет звук	1
его формулировки	1
поэтому первая	1
другая –	1
такой междуиндивидуален	1
т.п ко	1
интересующем нас	1
методам свести	1
две разных	1
с эстетикой	1
внешнего чисто	1
определения внутреннего	1
внутренней психики	1
скрещением разнонаправленных	1
определяется биологическим	1
быть понятым	1
часть первая	1
внешним идеологический	1
гербе здесь	1
объективных содержаний	1
переживаемость всякого	1
в различных	1
склонны учитывать	1
произведенный индивидуальным	1
обладает значением	1
поучительную историю	1
экспозицию проблемы	1
рудин –	1
знаковое оформление	1
и дают	1
субъективной психике	1
самонаблюдение есть	1
определения сознания	1
жизненного процесса	1
стали пользоваться	1
производства звука	1
самонаблюдение реально	1
общением ведь	1
же касается	1
даже знак	1
организованному обществу	1
показательность репрезентативность	1
социальных сил	1
выводить идеологию	1
чтобы субъективировать	1
та и	1
сознания эти	1
стилистическим к	1
которое как	1
ложно истолкованная	1
это вечно	1
известном отношении	1
к отражаемой	1
идеи бенедетто	1
идеологии но	1
знаков знаки	1
конца но	1
чисто акустический	1
способов избавиться	1
систематичность и	1
в идеологию	1
одновременно для	1
идеологической функции	1
что-то незыблемое	1
и расплавлять	1
проблемы речевых	1
других понимаемых	1
и орудие	1
идеологическом знаке?	1
жизни поэтому-то	1
психологических направлений	1
наоборот следует	1
общая почва	1
противоположной интерпретирующей	1
находятся под	1
методологическая четкость	1
случае требуется	1
посвященных иным	1
своеобразных а	1
идеологиях слово	1
самой этой	1
себя и	1
котором мы	1
существуют лишь	1
человечества но	1
но знаковый	1
чем является	1
бы ориентироваться	1
себя классифицировать	1
звук т.е	1
коренной переработке	1
нормативной системе	1
сторон омывает	1
связей с	1
вещи природной	1
по мейе	1
осязать в	1
прослеживать гораздо	1
дильтея выросла	1
материалом для	1
только основной	1
высказывать эти	1
зрения подобно	1
господствуют совершенно	1
с его	1
своеобразную логику	1
отнести данный	1
различна для	1
путь выведения	1
живым и	1
ощущение кризиса	1
был связан	1
взаимодействия дал	1
языковые связи	1
основную проблему	1
если дильтей	1
под фирмою	1
комплекс но	1
же творит	1
направлено на	1
проблемы –	1
объективизма что	1
waren xv–xvi	1
обществу необходимо	1
в наше	1
социальные акценты	1
тем прочнее	1
объекта все	1
те реакции	1
техники и	1
та неподвижная	1
направления? для	1
господствует строгая	1
то такое	1
ведь и	1
всего может	1
романе не	1
процесс производства	1
истории и	1
лучше красиво	1
и тонкости	1
и классификации	1
и размежевание	1
разукрасить орудие	1
свое принципиальное	1
ошибку локализуя	1
идеологии? –	1
идеологические системы	1
этих абстрактных	1
акта ее	1
поддается приурочиванию	1
роль лишнего	1
принципиальным защитником	1
норма которую	1
системою непререкаемых	1
эклектизм второй	1
единстве социальной	1
слово вкрадывается	1
они напоминают	1
представителей второго	1
бы эти	1
становления мысли	1
речи о	1
другую от	1
существом языка	1
математическом мышлении	1
сказали далеко	1
– истинной	1
природной особи	1
нашей лингвистической	1
возможности опереться	1
на междуиндивидуальной	1
сильным и	1
общественную ценность	1
понимания идущая	1
в которую	1
должно выводить	1
процессы определяющие	1
революционных сдвигов	1
материальных вещах	1
части в	1
наука о	1
своей специфической	1
понимание может	1
литературных явлений	1
психику нельзя	1
психически политически	1
осуществляются без	1
романистику и	1
слово так	1
знаком по	1
между системой	1
эти же	1
в рамках	1
в известном	1
самыми общими	1
без того	1
организующий центр	1
здесь понятия	1
своих больших	1
нашей аналогии	1
подробности зиммелевского	1
идеологии физическое	1
принять если	1
индивидуальной душой	1
стороны –	1
языка индивидуально-творческое	1
должен быть	1
слове радуга	1
анализа окажется	1
определяется и	1
в гораздо	1
современности ф	1
взаимоотношения знака	1
говорящей особи	1
психической так	1
или совсем	1
новых принципиальных	1
ориентации всей	1
объемлющей их	1
же смотрят	1
неокантианцев в	1
направления сводится	1
этого вопроса	1
как единичной	1
самонаблюдение является	1
моральную религиозную	1
включить в	1
знаку значение	1
получается осмысленное	1
становится массовым	1
langage не	1
выразительна всякая	1
в затруднительном	1
мы как	1
выделения специфического	1
народа и	1
в надстройках	1
знаковой действительностью?	1
их общения	1
устойчивая неизменная	1
его наиболее	1
единством моего	1
исторический или	1
прибавить еще	1
конечно что	1
языка уже	1
образом большинство	1
отвлечется от	1
содержаний в	1
того нет	1
искажающей бытие	1
внешнем опыте	1
целом ведь	1
сопоставление системы	1
нашей общественностиначале	1
стихийного психологизма	1
rede будет	1
наиболее подходящим	1
языка глава	1
получилась новая	1
подчиняющая себе	1
и принципиальный	1
рациональных разрабатывалась	1
в лейбницевской	1
встает в	1
опереться на	1
языка ни	1
бы рода	1
смену зато	1
индивидуальности –	1
не истолкованный	1
контексте ее	1
что подойти	1
поэтому с	1
социальная природа	1
характерная стилистическая	1
часть ничего	1
материалистического монизма	1
является системою	1
целые высказывания	1
одному центру	1
школе фосслера	1
par ехсеllence	1
всецело обусловливается	1
то языка	1
художественный смысл	1
бы что	1
от своей	1
было всегда	1
или система	1
под каузальностью	1
логика истории	1
мы признаем	1
может реализовать	1
задача далеко	1
производственными отношениями	1
лишь предварительный	1
зрения ее	1
объяснения фактов	1
замкнутой языковой	1
ни был	1
резкость всем	1
становится сознанием	1
от них	1
физиология с	1
– психологическими	1
производства орудие	1
выражающую отношение	1
понимания переживания	1
не осуществляются	1
нет уже	1
достаточной мере	1
преломлениями чужой	1
личность пассивно	1
звучать для	1
дильтей для	1
содержащего немало	1
этих двух	1
другое если	1
оценена к	1
корней идеологическое	1
мы совершим	1
часто в	1
эпоху может	1
– внутренняя	1
в маленьких	1
и орудия	1
им принадлежит	1
каждый индивидуальный	1
ухо наше	1
действительности индивидуальный	1
знакового воплощения	1
низины психофизического	1
настолько популярна	1
проблемы и	1
политические экономические	1
представителями эпохи	1
нужно встать	1
самостоятельная и	1
первый –	1
знак идея	1
границ всякое	1
иллюстрируется следующим	1
эстетического вкуса	1
дворянство разоряется	1
отчету о	1
который сопровождает	1
в общем	1
нарушает в	1
таковы воззрения	1
меру своей	1
полагаем что	1
разрешения или	1
в идеологический	1
глубокие различия	1
построение героя	1
система психического	1
норм? этот	1
не касаются	1
превращена в	1
пытаемся обосновать	1
какой-то очень	1
и антитезисами	1
и всею	1
многим представляется	1
сложный многосоставный	1
она существует	1
пределы охарактеризованного	1
знак нет	1
и некоторое	1
психологов постоянно	1
нормативно тождественная	1
притом такой	1
от законченного	1
существу есть	1
перестроились и	1
и форма	1
на какие-нибудь	1
далее чтобы	1
рука основоположников	1
сознания может	1
склонен толковать	1
тех тем	1
выражением основных	1
лошадь ведь	1
– объект	1
этических оценок	1
это реальное	1
превратилась в	1
три сферы	1
столько существовало	1
функциональной школы	1
в почетное	1
чем определяется	1
вращаются все	1
орудию представители	1
здесь же	1
у этих	1
опираться это	1
данного звука	1
внутренних же	1
искать объективные	1
коллективом употребляющим	1
языкового развития	1
образом кантианских	1
и характерной	1
самое слово	1
подобно тому	1
знакам иными	1
единичные материальные	1
знака бытием	1
отметить что	1
содержание сводящего	1
во франции	1
усвоить всю	1
так явление	1
отпечаток пальца	1
можем различить	1
реальной действительности	1
может нести	1
мейе основными	1
этих способов	1
языковому коллективу	1
следовательно –	1
говорящего работает	1
законам грамматики	1
сочетания» высказывание	1
наблюдением дающим	1
отличив язык	1
роман перестроился	1
форме и	1
знака? в	1
для психики	1
этого еще	1
объективного идеологического	1
тоже только	1
значительным представителем	1
пусть примитивное	1
чисто эстетическая	1
системой себетождественных	1
звеном между	1
омывается внутренними	1
уже будет	1
обмен как	1
– по	1
душа или	1
или точнее	1
– физическую	1
действительного объекта	1
все проявления	1
и соссюр	1
рамках изложенных	1
отчетливых материальных	1
на позитивистический	1
понятия сознание	1
и единства	1
идеологического наблюдения	1
внутренними и	1
или этнической	1
не мысль	1
столь же	1
место проблем	1
такая вещь	1
системы определяется	1
нет сколько-нибудь	1
идеи дильтея	1
форме –	1
обеспечивают единство	1
над бытием	1
идеологии из	1
абстракция совершенно	1
внесем естественный	1
могут считаться	1
изучаемой действительности	1
методологический примат	1
оно ничего	1
сфер из	1
явление внешнего	1
вопросов исторического	1
бы равнодушно	1
школы из	1
как внешнего	1
каждая социальная	1
и сменяют	1
знакомым знакам	1
идеологического материала	1
определить значение	1
границе этих	1
обе сферы	1
аналогичном положении	1
другие представители	1
продукт рефлексии	1
внутренний контекст	1
ведь бытие	1
особый и	1
а методологические	1
как совокупность	1
каждый идеологический	1
равного в.гумбольдту	1
от остальной	1
само собой	1
соответствующих выводов	1
к стадии	1
отклонений переход	1
актов намерений	1
существующим вне	1
равно себе	1
направления получили	1
замечается и	1
своего бытия	1
субъективного индивидуального	1
перестать быть	1
итоги так	1
после этого	1
это влечет	1
основательному критическому	1
объективны по	1
мы переходим	1
знаку особую	1
известной степени	1
понимания какого	1
активно стремится	1
дактилоскопический отпечаток	1
как автор	1
форм langue	1
как наиболее	1
есть отнесение	1
дильтей прав	1
в алгебре	1
чтобы указанный	1
с целевым	1
чего в	1
волну антипсихологизма	1
образом рядом	1
внутренних и	1
– более	1
отношение может	1
естественной связи	1
событием двух	1
качестве процесса	1
эти представители	1
полуфабрикатом такого	1
театре на	1
дильтей стремился	1
процессе их	1
периодическая смена	1
а социологической	1
этом соединении	1
– воспринять	1
понимает соссюр	1
вундт не	1
наиболее глубокое	1
психологии –	1
понимающего над	1
сознанию и	1
знаковой структуры	1
века и	1
время производится	1
интересный анализ	1
и продуктивна	1
физико-психо-физиологический комплекс	1
ноpму таким	1
условным масштабом	1
идеологическими ценностями	1
сознания есть	1
предлагаемая нами	1
в простую	1
или наоборот	1
явлений а	1
методологическое решение	1
исторической формы	1
одновременны и	1
случаи ни	1
знаковый так	1
например мемуары	1
материала идеологическое	1
langage языка	1
правовых норм	1
опоры в	1
и значащая	1
и мышления	1
такого вовсе	1
направлений по	1
степени система	1
изменчивым то	1
всякий смысл	1
встречаются здесь	1
и описано	1
пошлому рационализму	1
хуже лучше	1
из психологии	1
утрачивая самой	1
этой признанности	1
свои специфические	1
всецело входит	1
есть и	1
всего они	1
этих философских	1
последователи идея	1
вех идущих	1
особая функция	1
приобрело общественную	1
были нет	1
фактов внешнего	1
будет для	1
эстетический ряд	1
их самостоятельному	1
ситуация общения	1
враждебности ко	1
или отклонений	1
отношении сколько	1
характер или	1
цены не	1
ее формы	1
является уже	1
того нейтральным	1
между членами	1
неоднократно привлекало	1
содержаний логических	1
и во-вторых	1
дисциплин и	1
основу и	1
но нет	1
значения наконец	1
исследованием одного	1
языка возьмем	1
объективизм прямо	1
менее случайно	1
определяется этим	1
явление стало	1
но что	1
ее места	1
иным путем	1
каков род	1
не образуют	1
лингвистические формы	1
взаимодействие в	1
как особого	1
целях практического	1
направлениями философско-лингвистической	1
разные закономерности	1
иерархический момент	1
создателей но	1
марксистского миросозерцания	1
однако как	1
становящееся внешним	1
в чужих	1
и вне-пространства	1
оболочке факта	1
понимания всеми	1
к конкретным	1
преднамеренности и	1
постольку он	1
необычайно сложны	1
идеологиях ни	1
correspondence если	1
оказываются в	1
с внешней	1
не поймет	1
срастается с	1
диахронической точке	1
из до-человеческих	1
точному учету	1
было представителя	1
понять его	1
лежащая в	1
на эти	1
принять ни	1
становления общества	1
которых слабо	1
и языка	1
ощущаем мы	1
языка осуществляемого	1
особой конституцией	1
доводил свои	1
если оно	1
слова –	1
определения сколько	1
воспринять данный	1
то о	1
тенденции является	1
хлеб выпекается	1
форм у	1
часто даже	1
условиям моего	1
приходится говорить	1
между данным	1
слова между	1
позитивизма наоборот	1
разрешении проблемы	1
расцвета и	1
социологом он	1
языковым фактом	1
предмета но	1
оценок сделать	1
рассмотрению и	1
источниках понимания	1
наиболее затрудняет	1
философии слова	1
чрезвычайно велик	1
логика гносеолога	1
обретет знаковое	1
снова и	1
культуры точнее	1
и ближайшая	1
социально-идеологическим явлением	1
в духе	1
есть непрерывное	1
вкус творит	1
среды индивидуальное	1
классическими кроме	1
данных объективных	1
 глава	1
этого общения	1
нет места	1
форма кренделя	1
питается знаками	1
современные немецкие	1
выражение например	1
его школа	1
явление дано	1
это заложенное	1
индивидуальными акцентами	1
различных сфер	1
основного неизменного	1
соссюру объектом	1
отношениями между	1
мы выделим	1
такое не	1
на развитие	1
и найдет	1
приобретают для	1
всякая эмоция	1
готовая система	1
тенденцию изъять	1
к отличению	1
не обосновывают	1
со своею	1
психика то	1
любое органическое	1
идеологии психика	1
фирмою философии	1
объект психологии	1
системе объективных	1
изменениями во	1
основным феноменом	1
являются для	1
жизненного жеста	1
поместить тело	1
он тем	1
социальных норм	1
все равно	1
соссюр переходит	1
поздно породить	1
изучаемых палеонтологией	1
оформившихся и	1
кажется само	1
и управляется	1
говорящим индивидом	1
социальный характер	1
его не	1
этом направлении	1
разобранным направлениям	1
языка приобретают	1
каком-нибудь знакомом	1
говорения в	1
всего прагматического	1
деле какая-нибудь	1
выступления сопряжены	1
форм –	1
зиммеля в	1
скажем xv	1
напр предмет	1
природная биологическая	1
но тон	1
природной косности	1
момент непосредственно	1
дополняющих друг	1
итак синхроническая	1
обеих сферах	1
внутреннюю жизнь	1
приписывает конечно	1
и своеобразием	1
природе по	1
по существу	1
взятая в	1
касается до	1
и взаимодополнение	1
он же	1
препятствовало правильному	1
выражения является	1
бытии именно	1
монументальной недвижимости	1
и пережитым	1
вследствие указанных	1
объективизма склонны	1
социального бытия	1
объект естественнонаучного	1
иметь не	1
соответствует ни	1
знает знака	1
внеисторическом синхроническом	1
– логическое	1
њrgon как	1
психофизического биологического	1
делает его	1
равноценен для	1
сознанию специфические	1
углубленной трактовки	1
уже к	1
социальной она	1
и углубления	1
отчетливую границу	1
и нашло	1
которой жив	1
моментов один	1
служит практическим	1
свою субъективность	1
ничем –	1
мы могли	1
– мир	1
новом внедрении	1
совершенно отвлекается	1
аналогию существуют	1
целом это	1
отказываясь выводить	1
его композиция	1
например художественной	1
языка формуле	1
выделить из	1
вводится в	1
разрабатывалась в	1
контексте благодаря	1
установкой система	1
для различных	1
наблюдения знакового	1
все ее	1
и области	1
была бы	1
с идеалистическими	1
в деле	1
одну и	1
выразительности нельзя	1
досоциальные низины	1
факт как	1
же почве	1
всем запросам	1
из членов	1
всё вообще	1
возьмем такое	1
всего в	1
отмыслить от	1
выражение экспрессия	1
проследить эту	1
противоречий на	1
ее бытия?	1
фактом индивидуальных	1
конечно системе	1
необходимым условием	1
строем при	1
ведь установленная	1
продуктом физическая	1
и множественное	1
от конкретных	1
точно выражающую	1
и обычного	1
коллектива –	1
проникают в	1
прочим и	1
материала этим	1
явление значит	1
аналогией поясняющим	1
нет подхода	1
– оно	1
основных способа	1
субъективную психику	1
речи конечно	1
как провести	1
физическим звуком	1
на логику	1
значение если	1
потому многосмысленный	1
оно соприкасается	1
первостепенное значение	1
тесной связи	1
пр общественная	1
себетождественных норм?	1
в надбытийные	1
неповторимой формой	1
социологическим нельзя	1
же правильный	1
форм выражения	1
явления из	1
њrgon были	1
но учтя	1
итак между	1
действительного реального	1
это функция	1
даже разумному	1
разрыв совершенно	1
конечно с	1
функции какие	1
марксистской литературе	1
интересах психологии	1
основные проблемы	1
борьбы взаиморазмежевания	1
непосредственную реальность	1
и случайностью	1
в меру	1
говорить общая	1
философия знака	1
не следует	1
и социальный	1
речь переплетена	1
лежит очень	1
и до	1
лишим сознание	1
вильгельм гумбольдт	1
едином и	1
словом однако	1
объекта лингвистики	1
людей на	1
современного антипсихологизма	1
функции и	1
вещь ничего	1
норм? глава	1
закономерность произвольна	1
первым направлением	1
акцента это	1
социальное вездесущие	1
а следовательно	1
которая управляет	1
идеологическим и	1
в каждой	1
в христианском	1
нем особый	1
этих наук	1
оказывается сведенным	1
критическому анализу	1
погружается в	1
его истории	1
философии –	1
взятая вне	1
являются составными	1
в гипостазирующий	1
психологистический позитивизм	1
сам и	1
философия слова	1
автономному определению	1
подвергнуть их	1
монизма возможно	1
в абстрактном	1
во-первых с	1
неподвижную систему	1
необузданный психологизм	1
знаком слово	1
мы прибавим	1
печать такая	1
недифференцированных еще	1
тем которые	1
язык не	1
коренное искажение	1
живая истина	1
норма или	1
так каждое	1
мысли психолог	1
природы техники	1
категории гуманитарных	1
что существенно	1
в марксистской	1
положение непонятой	1
ум рационалистов	1
неоднократно говорить	1
знак проследить	1
которая не	1
языка существует	1
пользоваться для	1
должны спросить	1
результате живое	1
выразительно т.е	1
вторая половина	1
виды устойчивого	1
некоторое пусть	1
трагедию творящей	1
наличность как	1
психику должно	1
вполне характеризуется	1
идеологиях а	1
ее понимает	1
процесса речевого	1
общефилософских вопросов	1
т.е не	1
говорить об	1
универсальной грамматики	1
идеологической например	1
возьмем хотя	1
т.д но	1
сопровождаются словом	1
первую в	1
всему идеологическому	1
социальную среду	1
во вне-телесной	1
словарь грамматика	1
общественностиначале идет	1
пытающейся подойти	1
явлений делающий	1
сознание могло	1
закономерность от	1
постоянно подчеркивают	1
внутренняя логика	1
всегда несколько	1
источником их	1
от труда	1
приютиться только	1
усматривает что	1
громадная область	1
каузальности рядом	1
техника красок	1
же экономические	1
слова ошибки	1
нормативно тождественные	1
между речью	1
найти объективный	1
данного высказывания	1
дело во	1
его насквозь	1
другую вне	1
разрезе с	1
незыблемые естественнонаучные	1
языка следует	1
являются по	1
или как	1
деятельность непрерывный	1
процесс и	1
положение наука	1
всегда меньше	1
быть объектом	1
становления –	1
отвлекается от	1
для мышления	1
– та	1
важнейшим философским	1
часть работы	1
единичной данностью	1
компетенцию соответствующих	1
идеологию от	1
этом именно	1
есть почва	1
и истолкованный	1
как всякий	1
реальна лишь	1
сложному комплексу?	1
сознания т.е	1
цвете в	1
элементарно и	1
у фосслера	1
а сказанное	1
акт выражения	1
осмыслен не	1
когда объект	1
бы между	1
тех областях	1
всех языковых	1
лишь первой	1
на целом	1
отражаемой им	1
первая наука	1
следующее методологическое	1
важно учитывать	1
были аналогичны	1
управляется систематической	1
биологической а	1
всего можно	1
не идеология	1
находящуюся действительность	1
способен на	1
непригодна но	1
ныне покойный	1
вездесущие ведь	1
система таким	1
определяющие в	1
особи чем	1
переход непроизволен	1
грамматическая форма	1
наук и	1
оформившиеся и	1
эту данную	1
норм т.е	1
их ведь	1
допущенной интересует	1
делает из	1
кулуарные разговоры	1
этапы развития	1
слушающего мы	1
языку к	1
самозаконным формам	1
– физических	1
– теснейшим	1
понимание является	1
системы» воззрения	1
взаимодействия чрезвычайно	1
трагический тупик	1
отрывать знак	1
нашу проблему	1
не нарушает	1
идеологиях действительность	1
базиса тема	1
в хозяйстве	1
в социальном	1
внутри идеологической	1
составляли коллектив	1
высказывание с	1
первая два	1
волна антипсихологизма	1
идея верна	1
зазвучать субъективными	1
что всякая	1
независящим но	1
ответить отрицательно	1
тонкий анализ	1
направления нет	1
пр но	1
вокруг слова	1
лишь modus	1
средою medium’ом	1
установлен самый	1
обмен мнений	1
помнят филолог	1
языка основололожения	1
и психическим	1
его систематического	1
теряем при	1
данностью здесь	1
пор и	1
физиологическим ни	1
говорения являются	1
оболочка только	1
языком объективной	1
проблема сознания	1
сведенным лишь	1
значений вскрывающей	1
его комплекс	1
в большей	1
sechehaye) на	1
исследовать логические	1
акт –	1
его если	1
истина неизбежно	1
он произносит	1
соответствующих научных	1
переживания принадлежит	1
сознания независящим	1
исключения случаях	1
собою все	1
путем но	1
процессов говорения	1
большого влияния	1
языка какое	1
быть частью	1
неуловимые области	1
диахронический –	1
различна широта	1
стилистической формой	1
не поддается	1
аналогии логика	1
является знаковой	1
взаимно дополняют	1
него законы	1
явлений ибо	1
научной работы	1
эти индивидуальные	1
все факторы	1
знака обусловлены	1
зрения становления	1
природное физическое	1
в книгах	1
условия приобщают	1
субъективным сознанием	1
деятельности речь	1
лингвистики в	1
завершенность формы	1
как внутренний	1
и xviii	1
знак можно	1
все более	1
ставился со	1
и объясняется	1
диахроническим синхроническая	1
жизнь субъекта	1
все значимое	1
мысли носят	1
спросить действительно	1
речи мы	1
и непрерывна	1
нормы различны	1
провести отчетливую	1
факторами всякий	1
социальному вниманию	1
значащем жесте	1
глубочайшее различие	1
как общей	1
знаком не	1
и должно	1
отношения связующие	1
отчетливого разрешения	1
сопряжены конечно	1
истории господствует	1
пр есть	1
индивидуальным голосом	1
остается едва	1
с языком	1
жизненное общение	1
критерий правильно	1
коллективу такова	1
между историей	1
ни кажется	1
осуществиться тоже	1
другая противоречащая	1
отчетом или	1
такой благоприятной	1
разнообразнейших формах	1
учтя знаковую	1
психикой спрашивается	1
его синхроническом	1
психики мы	1
и противоречие	1
художественными познавательными	1
труднее здесь	1
только внутренняя	1
и отвлечение	1
осмысливает и	1
превратить в	1
знаков между	1
всеми вытекающими	1
и невозможно	1
должно было	1
через необходимую	1
игнорировании специфичности	1
прямой и	1
внутреннего эффекта	1
этого сравнения	1
словесное выступление	1
– невозможно	1
художественного религиозного	1
– переживание	1
языка нет	1
значение философии	1
действиями и	1
сторона языковой	1
два значения	1
своеобразная периодическая	1
становится адекватным	1
ближайшими условиями	1
грамматических связей	1
идеологических явлений	1
его объяснения	1
ничто не	1
материализм и	1
категорий механической	1
себе лишено	1
речевом сознании?	1
какой определенной	1
должна звучать	1
короче говоря	1
внешний знак	1
своей особой	1
общественную психологию	1
связи не	1
восприятия или	1
философии особенность	1
в ту	1
идеологиях логики	1
тем же	1
в субъективном	1
представляется специфически	1
в трагический	1
предметов обретет	1
друга во	1
запросам показать	1
здесь входить	1
целях различения	1
академический эклектизм	1
его –	1
его последователи	1
укрепленная в	1
сферы существуют	1
быть простой	1
является только	1
путаницу во	1
него не	1
и верно	1
знака существующая	1
живого социального	1
является психическая	1
нами двух	1
знаковую и	1
социально-экономическими предпосылками	1
всю как	1
для анализа	1
унаследованных наличных	1
и биографическими	1
сознании его	1
той форме	1
ее закономерностью	1
уясняется с	1
правда между	1
возможность его	1
зиммелю уничтожает	1
все снаружи	1
на изменение	1
– никакой	1
и антипсихологизмом	1
объяснить данное	1
контекста этим	1
продуктивная роль	1
толковать внутреннее	1
для в.дильтея	1
– к	1
ибо знак	1
законности она	1
идеализме оно	1
улавливать это	1
природу его	1
какой-то контекст	1
понимания социальной	1
специальный вклад	1
ухо которое	1
их зафиксировать	1
диалектический синтез	1
и тождественным	1
второй половины	1
опыта какого	1
своеобразие психического	1
и то	1
являющейся также	1
и по-видимому	1
обязательным сопутствующим	1
и всюду	1
материализма неприемлема	1
не поняв	1
в последнем	1
норм существует	1
дать совершенно	1
математической формулы	1
темперамента исследователя	1
тенью действительности	1
функция каков	1
формы знака	1
ошибки абстрактного	1
обнаружения так	1
они конечно	1
характер самонаблюдение	1
единства но	1
поэтому объяснение	1
боль индивидуального	1
являются преломлением	1
не принять	1
бытие разобранные	1
важная особенность	1
ее погасило	1
те еле	1
знаком можно	1
вкусе ни	1
язык фактом	1
цепь протягивается	1
вопросов когда	1
идти продуктивная	1
жизнь словесного	1
философский эффект	1
бы внутри	1
его нейтральность	1
для наших	1
базису и	1
с марксистской	1
трактовки этих	1
и философией	1
школы фосслера	1
ли они	1
и индивидуальным	1
имеют громадное	1
языка синхроническая	1
психологизм в	1
совершаемой вовсе	1
так или	1
лингвист и	1
материального звена	1
перед непрерывным	1
сколько-нибудь широкой	1
глубоким выражением	1
познавательной и	1
автономной законности	1
отразился как	1
воззрений они	1
себетождественные формы	1
органическое единство	1
вторая пути	1
рядами i	1
реагирует и	1
всякой принципиальности	1
с их	1
заключение в	1
территория не	1
всего сказанного	1
стремится придать	1
проблема идеологической	1
произвола говорящих	1
перечисленных нами	1
атмосферы и	1
и гетероклитна	1
связью взаимно	1
самому mы	1
смысле научной	1
изложенный основной	1
все основные	1
критерии идеологической	1
индивидуальность природная	1
ни по	1
мысль существующая	1
мейе meillet	1
получили в	1
марбургской и	1
этим оно	1
форм? язык	1
противоречий имеются	1
формулу переврал	1
дело сами	1
находится ухо	1
предлагает избрать	1
психической функции	1
успели породить	1
очевидна во-вторых	1
аспектов языка	1
контексте науки	1
и особенно	1
познавательного смысла	1
внешние напр	1
чужих речах	1
сущность этой	1
нами в	1
иначе таков	1
окажется не	1
субъективность и	1
не реальна	1
психика дух	1
его за	1
вещи или	1
индивидуально-творческому акту	1
случае идет	1
оказались очень	1
женевская школа	1
на идеалистической	1
попасть в	1
сознаниям членов	1
языка если	1
идеология и	1
и биолог	1
как готовому	1
последователей в	1
проблему выделения	1
что приобрело	1
и провозгласить	1
психического и	1
процессов и	1
она является	1
является основным	1
напр световые	1
магистралей философской	1
нет как	1
в самой	1
выведения идеологии	1
интерпретации понятый	1
никакой системы»	1
творчество языка	1
отношении и	1
причинно если	1
организме поэтому-то	1
компромиссный характер	1
не оправдывается	1
изменения этих	1
действительность внутренней	1
war современность	1
не замещая	1
было показать	1
нормой может	1
определяя его	1
всего направления	1
принципиальные различия	1
направления может	1
понял абстрактный	1
которые существуют	1
waren вместо	1
их территории	1
абстрактном и	1
идеологических различений	1
war wir	1
сознания своей	1
экстерриториальна это	1
важен лишь	1
затруднительном положении	1
имеется в	1
значения пытаясь	1
понятой в	1
письма литературные	1
в явление	1
этом как	1
не изжито	1
нейтральность его	1
объективного вклада	1
языка одним	1
понятым не	1
ибо идеологический	1
еще законченного	1
его обязательная	1
физическим физиологическим	1
познавательной системы	1
следующей главе	1
данной замкнутой	1
все другие	1
логические и	1
языковая форма	1
норм внешность	1
проблемам последняя	1
на теорию	1
основе лингвистической	1
уловления внутренней	1
сознание говорящего	1
медленные количественные	1
формы от	1
чистоту языковой	1
разрешении самой	1
является понимающее	1
особенности)? –	1
настоящее языка	1
взятая сама	1
всего изучать	1
являющаяся по	1
погрузиться в	1
основоположений что	1
конкретное выражение	1
необычайной быстротой	1
определенной категории	1
линии ее	1
скажем как	1
лишь поскольку	1
может в	1
переживания –	1
не пришел	1
объективной системе	1
скромные задачи	1
научная формула	1
социален в	1
всякое переживание	1
будем говорить	1
всякой объективности?	1
антоне марти	1
проблем марксизма	1
мысли мы	1
значение есть	1
то она	1
почве только	1
познавательный смысл	1
неотделима от	1
находящийся вне	1
синтеза и	1
определению и	1
коллективом т.е	1
по всем	1
может войти	1
только выяснение	1
совместимо с	1
субъективных знаков	1
он служит	1
определяются производственными	1
сущность языка	1
дальнейшем прослеживает	1
с себя	1
же поскольку	1
диалектически проникают	1
область применения	1
психологизма затопляющего	1
– индивидуально	1
определения объективное	1
языковой системе	1
поглощенности психическим	1
не разработан	1
как социального	1
к каждому	1
этому новому	1
очень отчетливое	1
у лейбница	1
индивидуальных процессов	1
стремится к	1
социальный факт	1
только наполняясь	1
система является	1
непосредственную объективность	1
чувство или	1
вильгельма дильтея	1
жизненного общения	1
пробудилось обостренное	1
области социального	1
характеризуется выставленными	1
феномен par	1
которой можно	1
ввиду их	1
и завершающийся	1
соответствие не	1
же отметить	1
физического процесса	1
субъективном речевом	1
границы пролегающей	1
социально-историческим законам	1
дильтею служить	1
как выражающего	1
и конкретному	1
этапы через	1
языка переход	1
идеологическая его	1
было индивидуального	1
знаков законы	1
уже в	1
же глагола	1
лишь общим	1
– общение	1
и полнее	1
и основных	1
одно разрешение	1
и другая	1
определяющие какое-нибудь	1
для цезаря	1
области принадлежит	1
лексических форм	1
двумя пониманиями	1
условий социальной	1
разумения таких	1
– значению	1
ли установлен	1
способности соссюр	1
такое задание	1
и освещать	1
неба и	1
– продуктивная	1
освещенный не	1
момента разрезе	1
всегда снова	1
условиях чисто	1
преимущественно фонетической	1
организму является	1
всякий идеалист	1
с двух	1
коллектива т.е	1
зрения академический	1
грамматики синтаксиса	1
внешнему высказыванию?	1
методологических отделах	1
на страницах	1
тому как	1
индивидуальным физиологическим	1
художественного вкуса	1
познания эстетики	1
участвующих в	1
в моей	1
со стороны	1
языковых изменений	1
со своими	1
на грамматические	1
просто как	1
антипсихологизм существует	1
в предыдущей	1
ни биология	1
не способны	1
так например	1
неизменность себетождественных	1
организмом и	1
надстроек –	1
определяется этот	1
от общефилософских	1
жизненного знакового	1
порождают лишних	1
своих мыслей	1
знаками внутри	1
ей воспринимать	1
всегда –	1
изменений притом	1
среде поэтому	1
и желания	1
психологическому отчету	1
характер может	1
своей природной	1
направлениям смешанный	1
анализа какой	1
проблемами вторая	1
нее и	1
вклад ее	1
для индивида	1
такой анализ	1
идеологиях даже	1
высказывание parole	1
себе лишь	1
непререкаемых себетождественных	1
глагола между	1
основою костяком	1
смысл какого-нибудь	1
знак тоже	1
лишь основными	1
знаки получилась	1
к неизменной	1
знакового коллектива	1
коллективу к	1
сознания переход	1
них то	1
значения данной	1
к базису	1
раньше фактом	1
его во	1
идеологией границы	1
объективный в	1
младограмматиков младограмматики	1
was изменилось	1
мотивов они	1
неотделим от	1
сама порождена	1
класс не	1
нет а	1
обосновывают явления	1
в марксистских	1
так психика	1
развитие знак	1
придать надклассовый	1
при игнорировании	1
переживания к	1
лавой языкового	1
на нее	1
ценности обусловливается	1
сказать со	1
взаимодействия поэтому	1
в нематериальное	1
области индивидуальной	1
упростительству но	1
может приобрести	1
философским и	1
основополагающего значения	1
понимания в	1
это две	1
принципиальное методологическое	1
какое принадлежит	1
вне-времени и	1
условного рефлекса	1
орудие при	1
всего математический	1
непосредственного говорения	1
сказать внутреннего	1
лингвистами современности	1
каких-либо звуков	1
и абстрактного	1
условиями и	1
на научный	1
субъективизма самым	1
мы присоединим	1
социальном человеком	1
слово субъективируется	1
он сам	1
психического определяемая	1
степени между	1
жизнь этой	1
способны понять	1
степенях идеологема	1
формах высказывания	1
очень плодотворными	1
своими но	1
проблемы внутренней	1
психическое осуществление	1
десятилетий нашего	1
является важнейшим	1
воззрениям представителей	1
контексте для	1
совершенно необходимые	1
какова форма	1
и специфического	1
невоплощенное в	1
не совпадает	1
в единичном	1
общения вполне	1
лингвист в	1
обтекаются речевой	1
процессе своего	1
в ею	1
крупное явление	1
этого моря	1
том новом	1
установлении некоторого	1
ряд вопросов	1
велик достаточно	1
однако мы	1
поставлен в	1
объектом не	1
просто существует	1
творчестве языка	1
мы полагаем	1
цепь не	1
является природный	1
ложь эта	1
неразрывно связаны	1
langue)? взятая	1
антипсихологизмом антипсихологизм	1
формулы к	1
полученной с	1
служит этой	1
может сделаться	1
значительные в	1
существующими одновременно	1
внешнего в	1
существуют и	1
немец спрягает	1
придавая исключительную	1
если нарушение	1
моей психики	1
связями между	1
заре нашего	1
пытался и	1
вопросов остается	1
психолога нет	1
всякое взаимодействие	1
роль освобождая	1
есть устойчивая	1
данное нарушение	1
общения каждой	1
– или	1
воспринять как	1
степени не	1
производятся индивидуальным	1
акцентуирована конечно	1
области нельзя	1
переживание внутренние	1
глубочайшие принципиальные	1
в физической	1
всею ситуацией	1
общественное положение	1
обоих способов	1
бы второй	1
миру природной	1
в интересах	1
творящая личность	1
условными действиями	1
если действительность	1
игнорировать закрывать	1
вехи уже	1
ответить на	1
из действительности	1
не биологической	1
эти целые	1
наше и	1
разрезе диахроническом	1
психологии ограничивалась	1
центру –	1
вещной реальности	1
ни элементарно	1
особи является	1
слово основополагающим	1
основы марксистской	1
знаками из	1
природной и	1
системы физиологическими	1
такая же	1
самонаблюдения социально-идеологическая	1
трудности как	1
имманентных идеологических	1
получает в	1
i ich	1
естественнонаучным методам	1
выражения во-вне	1
ограничимся здесь	1
но более	1
так одним	1
всякий живой	1
и интересных	1
языка германец	1
такой ответ	1
представленная в	1
антитезисами абстрактного	1
сознанием и	1
языковой группе	1
формой различие	1
функция этого	1
кругозор первобытных	1
мы выразим	1
актом для	1
к другим	1
может строиться	1
сделать наивный	1
сознании они	1
являются двумя	1
можно выразить	1
знак если	1
речевой такт	1
термин его	1
фактической тождественности	1
иными никакие	1
этого наименования	1
в оболочке	1
определяют все	1
– ряд	1
в науку	1
– психически	1
формы преимущественно	1
небольшой книжке	1
о нем	1
обусловленных изменениях	1
направлений для	1
его что	1
представителей нашей	1
методу изучения	1
с областью	1
всех тех	1
вследствие этого	1
– содержания	1
достигло могучего	1
нормативен для	1
естественная возможность	1
создают формы	1
всякая мысль	1
каким-то чудом	1
длительной и	1
языка langue	1
хх века	1
и основоположника	1
языке в	1
ибо неизвестно	1
творит и	1
которыми не	1
в случайные	1
тема идеологического	1
независимой от	1
ведь согласно	1
определяющими конкретную	1
его становление	1
от необходимости	1
характере языковой	1
экономическим базисом	1
и родственных	1
механику этого	1
наличны во	1
образом неразрывное	1
с вопросами	1
производственным процессам	1
в рассуждениях	1
психическим речь	1
система социальных	1
к субъективному	1
появилось ощущение	1
мир идеологии	1
индивида в	1
и сопровождаются	1
зрения индивидуальной	1
необходим тонкий	1
в политической	1
научения языку	1
психикой внутренний	1
формах конкретного	1
слово должно	1
и литературоведа	1
из самой	1
устойчивое философский	1
иной идеологический	1
должен изучать	1
проблемы социологического	1
этих основных	1
интересных наблюдений	1
за другом	1
его без	1
exсellence отрешив	1
мельчают основоположения	1
эти вопросы	1
их называет	1
действительно понять	1
друг за	1
нем чем	1
прибавить к	1
для регистрирования	1
от его	1
достаточную точку	1
той которая	1
это находит	1
различных общественных	1
каждом этапе	1
знак находящийся	1
заложенное в	1
– ответ	1
ее член	1
изъять всякий	1
и круг	1
единству моей	1
языка таковы	1
внутреннего слова	1
допустить что	1
– знаками	1
в соответствующих	1
характерно что	1
продуктивна то	1
знаке скрещиваются	1
жизнь внешнего	1
говорящего остается	1
к анализу	1
особого качества	1
какого-нибудь физического	1
отношением функцией	1
оказывает иерархическая	1
знаков из	1
факторы определяющие	1
процессе самонаблюдения	1
критерий всякого	1
наблюдать процесс	1
речи а	1
субъекту и	1
быть дублетом	1
противоречащая норма	1
вообще построение	1
иное совершенно	1
terminorum то	1
бы индивидуальными	1
акцентов знак	1
в лучшем	1
практического научения	1
к вопросам	1
исходным пунктом	1
бы привести	1
что мы	1
единого идеологического	1
средневековых спорах	1
не логика	1
говоря языком	1
остается изолированным	1
проблемы как	1
дадим ему	1
и упростительству	1
стилистики часть	1
чем та	1
специфической материальной	1
в звуке	1
пытались построить	1
внутренний опыт	1
осмысленная красота»	1
разновидность художественного	1
во внутренней	1
ничем в	1
ситуация всегда	1
произнесения слова	1
как непререкаемая	1
жизни как	1
разных планах	1
естественнонаучные законы	1
образом к	1
всего определяется	1
а если	1
нашего анализа	1
морали и	1
как через	1
формула эта	1
социально-экономических законов	1
одной марксистской	1
представители балансируют	1
знаковой отчетливости	1
единому монистическому	1
психологического эксперимента	1
а всецело	1
внешним наблюдением	1
находятся на	1
осмысленном творчестве	1
т.е покрыты	1
место среди	1
с проблемою	1
возможные принципиальные	1
и поверхностно-эмпиристический	1
другом направлении	1
его находящееся	1
формула и	1
работе лингвиста	1
как такого	1
усложнению ведь	1
и взаимосоприкосновение	1
действительно modus	1
мог сделаться	1
потоком каждый	1
положениями соссюра	1
найдем наоборот	1
medium’ом индивидуального	1
индивидами в	1
музыки обряда	1
быть ареною	1
среде в	1
психики во	1
должен вскрыть	1
– психическому	1
таковы все	1
способным к	1
над точкой	1
самонаблюдения в	1
репрезентативность слова	1
система форм	1
образом в	1
индивидуально-творческое же	1
идеологического преломления	1
замкнутого природного	1
направления постоянно	1
других переживание	1
оформиться и	1
говорения т.е	1
идущих в	1
значение дело	1
и социолог	1
построить незыблемые	1
и устойчивое	1
и субъективной	1
данного переживания	1
элементов этот	1
порядок в	1
pseudos всей	1
формулы создает	1
психику и	1
бы какое	1
степени оценена	1
языке уже	1
стихию переживаний	1
психология превратилась	1
может многое	1
совершенно иной	1
и целое	1
проблемы нам	1
объективизм другие	1
особую самостоятельную	1
на отношения	1
группы необходимо	1
художественной понятности	1
рода его	1
лежит за	1
слове общественной	1
этого в	1
так называемой	1
остальные явления	1
различных оформившихся	1
объектом особой	1
внутреннего совершается	1
 проблема	1
цели однако	1
системы однажды	1
основных направления	1
в которые	1
могли бы	1
объектом знака	1
если для	1
знак какого	1
индивидуально-психологические законы	1
акт не	1
изучения это	1
к автономному	1
социальная группа	1
переплетена массою	1
и резкость	1
знаке противоречие	1
оценено еще	1
это был	1
знаки но	1
обоснований психической	1
они допускают	1
случаях ее	1
стихия многообразных	1
и психологов	1
не опирается	1
как данная	1
же языком	1
некоторых лингвистах	1
лингвистики она	1
бытия субъективная	1
господствует категория	1
различие внутреннего	1
знакового таким	1
частнейших вопросах	1
дали в	1
синтаксиса основная	1
идущего от	1
комментирует всякий	1
знаком и	1
второй ряд	1
социальных оценок	1
во времени	1
производства и	1
если дело	1
столь недавно	1
творчества каждая	1
случаев эти	1
нарушением принятой	1
процессе исторического	1
языковом вкусе	1
психика человека	1
единство исторического	1
есть вещь	1
применении нормативно	1
с собою	1
ее до	1
– в.в	1
это неважно	1
отчетливого удовлетворительного	1
каким-либо физиологическим	1
явление упрощается	1
видоизмененным обликом	1
единой объемлющей	1
века каким	1
работы марксистский	1
и понятной	1
изображениями или	1
– но	1
воззрения второго	1
переживания ибо	1
и по	1
перестроился как	1
– материальный	1
направлений современной	1
социальными характеристиками	1
язык что	1
неспособный быть	1
иные формы	1
получили у	1
свести его	1
филолог и	1
каждый законченный	1
де соссюр	1
академический позитивизм	1
до которых	1
самонаблюдения интроспекции	1
и принцип	1
высказывании исторична	1
переживающего существует	1
путы позитивизма	1
план выдвигается	1
могущественнейших направлений	1
материальной ремаркой	1
значение из	1
оценок и	1
функционированию отдельных	1
метафизически в	1
слово оказываясь	1
именно то	1
взаимосоприкосновение людей	1
ведь не	1
его исторического	1
костяком внутренней	1
т.д каждая	1
учитывать чисто	1
взаимоотношениях отдельных	1
вниманием только	1
понятной сознанию	1
формы стилистически	1
это органическое	1
разрешалась эта	1
понимания духа	1
обновление индивидуализация	1
мировоззрения притом	1
ибо слово	1
социальности как	1
направления можно	1
лингвистика наоборот	1
базиса поэтому	1
территория материальная	1
внешнее становящееся	1
по отдельным	1
почва итак	1
систематическим не	1
материале оно	1
логическую чистоту	1
хозяйстве и	1
стать материалом	1
идеологиях наиболее	1
даже прямо	1
первой вводной	1
движения значение	1
может идти	1
области социальной	1
области философии	1
речах и	1
здесь они	1
и самостоятельной	1
знаков зазвучать	1
язык для	1
физиологического но	1
и продолжают	1
рационалисты еще	1
их называемой	1
воплощения внутренний	1
весь роман	1
породить новой	1
преломляет каждой	1
изменения и	1
уничтожается становясь	1
не объединены	1
неизбежно совершается	1
направления этот	1
системы лежит	1
наиболее показательным	1
начале работы	1
потребления существует	1
случайностью поэтому	1
единичная вещь	1
языка является	1
ближайшего социального	1
рода эти	1
мышления достаточную	1
выставленных основоположений	1
exсellence каковым	1
двух направлениях	1
остается постоянною	1
форме осуществляется	1
применении к	1
идеологиях основные	1
знаку самому	1
поставили проблему	1
не сводимую	1
человека покрыты	1
переживаний –	1
освещающего данный	1
принадлежит идеологии	1
методологическая путаница	1
предшествующими направлениями	1
объект исследования	1
и необходимости	1
областями знания	1
материальной вещной	1
не приобщенной	1
художественно-символический образ	1
его действительное	1
согласно учению	1
сознание оказывается	1
как ненарушимая	1
указанных причин	1
окказиональна данная	1
– философская	1
намеченных в	1
значит конечно	1
разговорная речь	1
этой проблеме	1
объективизма заключение	1
принуждена уйти	1
возвышается другая	1
слова идеологическая	1
механически каузально	1
основе своей	1
актом лишь	1
внимание мыслителей	1
продумываются до	1
выпекается в	1
двойственностей язык	1
разных логики	1
предыдущем разделе	1
уточняться дифференцироваться	1
био-биографическим перестать	1
объективном процессе	1
людей все	1
не возникнет	1
одной принципиальной	1
случае такой	1
разнонаправленные акценты	1
господствующий класс	1
основу языка	1
психики как	1
его преимущественным	1
являются с	1
любой момент	1
вообще индивидуальным	1
поэтому если	1
поместить производящего	1
расходящихся друг	1
поразительную ясность	1
неповторим у	1
теми отношениями	1
выражена так	1
формулировки основных	1
телесно-выраженным материалом	1
нам отчетливее	1
очень ярко	1
обнаружения и	1
психическим осуществлением	1
различных эпох	1
проблеме становления	1
самой изучаемой	1
научных проблем	1
выходящее далеко	1
междуиндивидуальной территории	1
философско-лингвистическими положениями	1
испытуемого является	1
– чисто	1
знаковому же	1
любого орудия	1
следствиями не	1
ни принадлежал	1
различить сочетания	1
проблема значения	1
индивидуальная лишь	1
например словесному	1
естественнонаучного анализа	1
– индивидуальному	1
пор совершенно	1
и снова	1
ведь понимание	1
интерпретирующая психология	1
определенному и	1
абстрактной природной	1
творчества все	1
пути марксистской	1
стихией погружены	1
мы возьмем	1
разработанная философия	1
знаками но	1
стыке психологии	1
и самая	1
считать значением	1
или розанчика	1
силы создают	1
свою тему	1
трудом с	1
значения ему	1
зрения выбор	1
в роли	1
или мифическое	1
итоги объективен	1
особенно форм	1
знака раскрывается	1
частности например	1
спорах реализма	1
вообще чистый	1
роль и	1
вкус лингвистическое	1
основными философско-лингвистическими	1
осложнилась особенно	1
справиться не	1
современной философско-лингвистической	1
являются социальными	1
связи аналогичной	1
природы субъективная	1
